47 65 66 67 68 69 72 73 74 75 76 92 93 94:17163:42 547 5502 2070 1951 2188 680 160 106 623 1737 121 331 1105
46:107:107
72:336:336
63 66 70:9331:1583 1975 5773
38 66 67 76:12525:545 6812 4451 717
46 48 65 66 72 74 76 92 94:9151:37 88 172 5392 58 27 749 1904 724
38 63 65 66 67 68 70 74 92:22868:154 2725 1572 2470 1277 3724 10475 325 146
76:4155:4155
70:9284:9284
63 66:11392:1970 9422
46 92 93 94 97:1811:59 311 603 264 574
69 72 73 92 94 96:3775:1900 42 68 359 836 570
46 65 69 74 92 93 94 97:7310:70 1981 2022 5 570 403 1718 541
46 47 65 72 73 74 92 93 94:6411:191 200 1814 39 41 196 1663 446 1821
36 46 65 66 73 74 92 93 94 95 96:10921:97 93 949 7027 22 29 842 337 736 241 548
4 92:612:22 590
39 47 63 64 69 72 74 92 94:12807:588 175 736 189 7383 288 110 1899 1439
46 47 48 63 64 65 72 73 74 75 92 93 94 96:14061:189 54 78 637 292 180 755 101 408 364 3294 572 4474 2663
37 46 48 63 64 65 67 72 73 92 93 94 95 96 97:15078:248 336 47 1095 905 2498 631 252 55 2593 230 3098 531 473 2086
39 46 48 63 65 74 92 93 94 96 97:12849:1541 37 58 1335 2073 122 568 660 3244 971 2240
4 46 50 64 92 93 94:5404:36 55 353 129 2043 749 2039
46 65 92 93 94 97 98:7546:167 1403 2217 213 1808 1284 454
47 48 65 92 93 94:2669:135 56 218 731 266 1263
46 72 73 74 75 92 94 97:4813:179 271 221 104 523 2239 568 708
93 94:459:74 385
36 47 48 65 66 72 73 74 78 92 93 94 96 97 98:10658:111 330 172 355 2417 88 138 71 271 1078 146 1635 2476 918 452
48 63 92 93 94 96:1590:61 150 280 395 146 558
47 48 72 94 96:1251:147 175 132 137 660
48:35:35
92 93 94 97:4142:558 334 670 2580
5 36 64 73 74 82 92 93 94 96 97:5176:592 76 115 172 16 1461 234 494 900 572 544
46 48 63 73 74 92 93 94 96 97:5860:47 74 1250 79 57 1142 907 1296 461 547
48 92 93:1086:20 995 71
47 48 72 92 93 94 96 98:5688:108 86 442 1450 565 1059 1078 900
92:276:276
48 92:251:80 171
94:931:931
47 67 76:2138:72 1266 800
36 65 92 94 97:2624:186 838 696 313 591
92 94:1617:652 965
74 92 94 97:2061:27 516 217 1301
48 92 94:935:40 496 399
3 36 38 46 47 48 56 63 64 65 67 72 73 74 75 76 78 82 92 93 94:30673:16 207 629 439 128 58 195 1150 1049 2160 4433 3448 364 1912 1164 1382 360 381 3878 471 6849
46 48 54 56 63 64 65 67 72 73 74 77 78 88 92 93 94 95 96 97:20401:267 129 307 81 312 2281 2091 650 1414 469 1661 165 670 258 2729 161 5228 202 736 590
36 46 47 51 64 65 72 73 74 78 92 93 94 96 97:24315:205 713 644 274 101 358 255 41 47 1563 5631 160 12638 1129 556
46 47 64 65 72 78 83 88 92 94:13624:304 112 498 2245 63 258 75 703 4072 5294
36 38 46 64 65 72 87 92 93 94:12319:235 231 204 347 600 711 1080 5713 230 2968
46 65 72 73 74 78 88 92 93 94:9571:45 205 451 272 21 327 639 1841 896 4874
36 46 47 63 65 73 74 92 93 94 96:11745:116 551 116 1025 1043 52 72 3013 231 4549 977
46 47 48 65 72 73 74 75 92 93 94:13027:443 123 47 1550 328 227 328 354 2543 888 6196
46 47 64 65 72 73 74 77 78 87 88 92 93 94 96 97:19953:129 294 357 219 3909 137 1573 304 1160 1079 350 1741 262 7088 815 536
46 47 65 74 75 92 94:4860:253 54 148 67 1094 567 2677
2 46 47 63 64 65 72 73 74 76 78 87 88 92 93 94 95 96 97:25923:59 375 247 690 311 588 1803 408 468 902 367 691 219 7262 204 9142 1155 473 559
47 51 63 64 65 72 73 74 75 78 92 94 95 96 98:12733:470 557 373 447 325 373 108 246 478 351 2562 3663 164 1703 913
50 51 72 73 74 75 78 92 94 97:10350:282 309 167 94 32 1882 762 2490 3748 584
46 48 87 92 94 97:6927:234 218 1060 2101 2700 614
47 72 92 93 94:4375:441 196 2150 93 1495
36 46 47 73 74 92 94 96:4953:257 117 243 193 50 1053 1908 1132
46 65 92 94 95:2880:212 114 571 1788 195
30 46 47 72 73 92 94 96:6352:89 143 284 140 10 2169 2960 557
49 92 94 96:2439:401 777 785 476
46 65 72 73 74 84 94:4689:221 753 247 30 212 910 2316
64 66 92 94:5330:365 1285 1106 2574
36 37 72 73 92 94:3657:299 71 527 31 669 2060
46 64 92 93 94:5700:350 501 1487 244 3118
47 65 92 93 94 95 97:3459:36 616 493 347 1125 238 604
48 64 93 94:1213:103 568 274 268
63 64 65 74 96:5490:2022 731 1715 362 660
46 47 72 74 92 93 94 96:12822:109 531 25 116 4956 125 6446 514
94:639:639
63 64 65 66 67 68 72 73 74 76 92 93 94 96:25968:2295 3392 6933 2107 1242 2317 391 274 468 3139 715 364 1824 507
46 47 50 63 64 65 67 72 73 74 92 93 94 95 96 97 99:38831:40 469 417 371 1473 4163 1731 1182 794 1600 6098 2376 14096 260 1502 1979 280
3 36 46 72 74 92 93 94 95 96:13522:20 13 164 198 74 5177 750 6355 173 598
46 47 51 63 64 65 73 92 93 94 95 96 97 98 99:18932:165 312 328 360 360 482 26 5192 783 7963 307 1140 659 667 188
46 73 74 75 83 92 93 94 95:16013:161 61 266 1600 378 9101 465 3255 726
47 48 64 92 93 94 96 97:5816:142 201 124 1255 629 2031 871 563
46 48 72 74 92 94:3947:515 135 122 233 1533 1409
64 75 94:1373:253 783 337
46 47 65 92 93 94:6183:190 193 122 2405 285 2988
4 46 47 63 65 73 76 92 93 94:7778:82 67 204 435 620 367 1187 567 251 3998
47 64 92 93 94 97 98:6770:46 280 2241 673 2478 546 506
48 92 93 94 96:9986:48 3491 2047 2838 1562
47 48 92 93 94:1641:59 173 340 528 541
46 65 72 92 93 94 97:3788:176 78 627 1138 194 872 703
92 93 94 96 98:2492:223 509 812 492 456
92 93 94 96:5556:2892 64 2022 578
92 94:1129:252 877
46 74 92 93 94 97:5711:87 257 1375 311 1806 1875
72 73 94 97:1619:277 192 619 531
73 76 92 93:1484:26 1048 235 175
48 63 92 94:2620:183 371 1329 737
46 48 65 72 73 74 78 92 93 94 97:18443:31 134 91 282 792 266 604 7738 633 6411 1461
63 92 93 94 95 96 97:5307:177 1398 239 1859 514 546 574
46 65 92 94:4233:163 29 2182 1859
92 94:981:521 460
65 70 73 93 94:10655:259 9205 85 546 560
46 48 92 93:550:80 34 281 155
48 74 92 93 94:5159:65 23 1028 1720 2323
2 36 48 72 73 92 93 94 95:6064:40 197 368 52 102 1851 336 2909 209
94:1571:1571
46 47 73 76 92 93 94:4888:252 263 107 776 1603 51 1836
46 47 48 74 92 93 94:977:65 18 77 21 260 223 313
36 46 48 64 65 72 73 74 82 92 93 94 95 96 97:17879:153 211 81 80 202 431 229 441 184 4318 1215 6671 952 1549 1162
92 94:1385:646 739
73 92 93 94:1627:192 549 680 206
72 93 94:493:96 140 257
46 48 73 74 92 93 94:9159:27 72 238 45 3850 563 4364
4 47 48 72 92 93 94 96 97:11834:31 195 288 29 4643 1641 3933 538 536
72 73 92 93 94 95 97:8276:189 42 2806 474 3876 328 561
4 46 48 74 92 93 94 97:10381:62 65 90 187 4501 429 4495 552
37 47 72 73 74 92 93 94 96 97:11373:43 157 102 103 159 2727 1042 5666 511 863
46 72 74 75 92 93 94 97:6174:68 23 72 515 2242 290 2416 548
2 37 46 63 65 72 73 74 82 92 93 94 96 97:6337:30 66 264 71 1042 25 86 128 564 1381 690 764 560 666
72 92 93 94 96 97 98:8192:36 1977 1438 1657 752 1819 513
92 93 94 96 98:4185:778 611 1834 479 483
46 48 73 74 92 93 94:4400:71 520 145 54 917 1317 1376
46 48 51 64 72 73 74 75 92 93 94 95 96 97:19572:134 407 222 105 6 188 399 408 6793 1755 7600 297 693 565
70:340143:340143
27 46 48 72 77 93:1913:196 43 78 173 1236 187
4 46 47 48 63 64 65 72 73 74 82 83 92 93 94 95:32046:99 156 304 21 423 714 180 42 110 17 8604 355 10256 817 9470 478
4 46 48 63 64 84 92 93 94 95:10882:16 99 164 133 607 1504 2779 847 4544 189
2 4 46 48 64 65 67 72 73 74 82 83 88 92 93 94 95 96 97:28796:58 55 157 129 235 138 1104 177 24 126 500 338 178 12470 747 8300 428 1957 1675
36 46 47 64 72 73 74 82 92 93 94 95 96 97 98:31853:520 169 373 390 210 213 309 1100 8891 1870 12097 500 2751 2003 457
18 36 46 47 63 64 65 67 72 73 74 82 83 87 88 92 93 94 95 96 97:37221:27 268 620 336 110 122 1231 409 539 119 841 904 1026 390 877 11554 1461 12787 598 1634 1368
2 16 46 47 48 64 65 72 73 74 75 78 82 83 84 86 88 92 93 94 95 96 97:41768:47 10 169 1031 264 878 801 710 229 353 652 727 3218 346 710 1200 533 14444 1540 9552 369 2630 1355
2 3 6 38 46 47 48 63 64 65 66 72 73 74 75 76 77 78 82 83 84 86 87 92 93 94 95 96:69460:58 137 134 369 405 216 206 852 1213 1085 1165 2118 429 1114 1983 1453 601 288 22140 358 359 5235 1947 14195 995 8842 1065 498
2 36 40 46 47 48 50 63 64 65 67 72 74 82 83 87 88 92 93 94 95 96 97:34509:96 320 658 275 942 98 418 576 55 757 318 311 315 3150 712 562 704 11538 1819 7880 632 1110 1263
2 16 36 47 56 63 64 65 72 73 74 76 80 82 83 92 93 94:29515:62 4 173 24 2001 269 148 223 538 405 176 2951 988 743 11568 4368 636 4238
36 46 57 72 73 92 93 94:3655:73 90 209 99 89 1335 266 1494
93:77:77
38 46 48 65 72 73 74 78 82 92 93 94 95:25606:67 594 42 249 267 302 425 931 1232 11965 820 7436 1276
3 36 46 47 63 65 72 73 74 76 78 82 83 92 93 94 95 96:31009:122 116 99 443 194 500 395 121 383 750 658 1596 2966 13756 1219 6147 1082 462
36 46 47 64 65 72 74 82 84 87 92 93 94 96 97:24899:143 224 224 283 349 121 203 2760 341 198 10298 1740 6887 526 602
3 4 37 48 50 64 65 72 73 74 77 82 83 86 92 93 94 95 96 98:25203:94 102 15 220 577 283 63 44 156 238 141 993 708 1189 9821 134 8932 428 616 449
16 36 46 72 73 74 82 83 84 87 92 93 94 95 96 97:26209:6 113 42 19 61 15 689 645 61 1068 9466 1114 9904 730 976 1300
4 46 47 48 63 64 67 72 73 74 82 83 84 87 92 93 94 95 96 97 98:30371:23 250 298 57 303 273 797 65 124 51 1645 1435 357 469 12893 548 7746 469 966 556 1046
2 38 46 47 48 64 65 72 73 74 82 83 92 93 94 95:31392:68 157 410 474 68 678 800 375 137 16 6769 1286 12840 344 6507 463
36 46 74 92 94 95 97:7847:179 58 582 3674 2147 479 728
46 47 48 63 64 65 72 73 74 75 77 80 82 83 84 87 92 93 94 95 97:34095:136 117 47 479 118 226 958 442 195 426 411 1971 3253 2027 1962 869 11986 1052 5470 854 1096
2 36 38 46 48 64 65 72 73 74 75 76 77 87 92 93 94 96 97 98:36693:36 83 336 257 54 316 391 1996 1117 1300 2069 3781 268 1498 11466 2172 6134 484 2402 533
72 74 92 94 95 97:5068:416 46 2386 1373 218 629
64 72 74 92 94:2660:653 92 17 978 920
94:118:118
51 72 73 74 82 83 92 93 94 97:14084:245 156 455 74 1108 347 6870 1119 3078 632
2 36 40 42 47 48 64 65 72 73 74 75 82 87 92 93 94 95 96 97:22183:15 221 665 343 152 245 802 662 1504 593 358 880 2501 224 4078 734 6031 527 1090 558
4 47 64 65 72 73 74 77 82 83 92 93 94 95 96 97:19597:31 402 746 1067 933 593 440 206 876 314 6050 216 5204 988 980 551
2 18 47 64 65 72 73 74 76 82 83 86 92 94 95:34072:50 2 47 106 1047 1918 42 501 700 1321 6078 14812 5576 1612 260
46 48 65 72 74 78 92 93 94 96:3445:47 92 240 179 165 682 619 399 200 822
46 47 65 72 73 74 75 78 84 92 93 94 95 96:10736:103 40 595 542 272 245 1619 501 330 2830 169 2040 933 517
48 73 74 77 92 93 94:5306:176 29 29 144 1562 501 2865
46 48 64 73 92 93 94 96:4462:85 59 143 16 985 1060 1602 512
37 58 65 72 92 93 94 97:8036:137 29 140 16 3788 621 2009 1296
94:160:160
94:30:30
65 72 76:4733:368 2585 1780
46 74 92 93:674:68 55 452 99
64 92 94:1363:423 305 635
46 74 92 93 94 95:3977:82 49 1979 141 1363 363
36 39 48 63 64 65 66 67 68 72 74 75 76 77 78 84 86 92 93 94 95 96:31445:338 1356 82 650 1610 824 1149 1079 999 1563 578 456 1082 671 300 175 14250 798 119 2397 456 513
46 56 63 64 72 73 74 82 83 87 92 93 94 96 97 98 100:57076:288 3173 990 337 440 331 44 33750 6622 776 2715 434 3395 906 1078 545 1252
46 47 92 94 95 96:5320:272 130 2292 1369 283 974
92 95:1085:841 244
46 47 48 73 74 92 93 94 97:8415:168 49 36 74 9 4188 642 2666 583
4 46 47 48 64 72 73 74 92 93 94 95 96 97:13718:34 173 46 40 52 185 123 40 4469 452 6803 239 508 554
46 48 64 74 82 92 93 94 95:10024:272 40 147 54 1555 3832 213 3675 236
48 64 72 73 82 92 93 94 97:9567:162 360 744 110 693 3234 333 3080 851
36 56 63 65 72 73 74 75 76 77 78 87 88 92 94 96 97 98:15550:179 534 516 616 1669 514 564 1529 1471 125 283 929 1266 484 2286 570 1485 530
4 46 64 65 72 73 74 75 82 83 88 92 93 94:7737:39 23 237 275 244 378 143 360 328 1629 458 2459 182 982
72 73 74 92 93 94:4852:18 191 129 2884 576 1054
5 36 38 46 47 65 67 72 73 74 75 76 78 82 88 92 93 94:13074:286 56 492 245 93 264 135 1001 275 719 605 1425 247 895 708 1241 362 4025
36 46 48 63 72 73 74 78 92 93 94 96:13153:20 86 164 546 357 557 489 360 4042 64 5961 507
46 47 72 73 74 78 83 87 92 93 94:9297:155 37 31 121 248 275 475 311 3660 268 3716
46 48 74 92 93 94 96 97:15800:475 83 96 6837 1774 4522 701 1312
48 64 73 92 93 94:5580:101 489 58 801 1277 2854
73 93 94:965:22 772 171
93 94 96 98:3414:131 1437 1404 442
82:5568:5568
46 48 92 93 94:3947:102 254 748 581 2262
63 93 94:1458:131 154 1173
72 73 92 93 94 96 97:7271:80 71 2064 1978 1846 686 546
46 48 72 92 93 94 96:5917:53 20 372 1416 872 2723 461
46 47 48 74 82 87 92 93 94 96 97:11734:165 175 154 45 479 954 5294 588 2192 1152 536
46 48 73 74 92 93 94 97:8191:58 287 77 171 2681 948 3226 743
46 64 72 73 83 92 93 94:10192:169 240 48 220 2639 3238 552 3086
38 63 64 72 73 74 76 92 93 94 97:12420:233 238 132 202 138 574 750 4948 543 3960 702
47 48 64 65 72 74 78 92 93 94 96 97:17610:82 91 126 51 198 99 778 4820 1661 8245 932 527
92 93 94:1662:868 142 652
48 93 94:515:30 398 87
48 92 93 94:466:42 156 65 203
46 64 65 92 93 94 97:3722:66 331 131 666 279 1158 1091
94:745:745
30 46 47 73 92 93 94:6832:94 44 289 22 2681 374 3328
74 92 93 94:2115:16 1240 108 751
92 94:408:154 254
63 72 73 74 82 92 93 94 95 96 97:23265:455 271 70 114 1479 8180 2575 6926 912 1097 1186
92 93 94:1276:773 107 396
46 92 94:976:85 499 392
46 48 64 65 72 73 74 82 83 92 93 94 95 96 97:27578:222 267 90 613 18 84 469 1062 2443 10055 1368 7939 280 540 2128
64 72 82 92 94 95:6155:99 28 3198 2062 482 286
72 73 74 92 93 94:6176:30 100 334 3310 488 1914
46 47 63 73 74 92 93 94 95 96:14211:135 122 974 140 14 5200 986 5002 523 1115
48 82 92 93 94 95:8020:269 2457 2424 68 2592 210
47 92 94:1370:40 684 646
92 94:487:383 104
46 47 63 64 65 73 74 82 83 84 85 87 92 93 94 96 97:19858:78 291 1102 337 133 144 49 1004 58 915 52 826 5123 1550 5858 1784 554
92 94:447:351 96
83 94 95:1339:704 275 360
46 64 65 92 94:1076:60 505 70 177 264
82 94:3453:3198 255
46 73 74 92 94 96 98:3720:225 54 241 886 1206 536 572
46 92 93 94 96 97:6072:109 681 975 2636 1126 545
36 46 47 48 50 56 63 64 65 67 72 73 74 75 76 77 78 82 83 92 93 94 95 96 97 98:52684:542 324 86 298 636 417 696 527 1889 1337 2255 521 2728 497 764 494 396 1159 13652 7060 2589 10500 408 1213 1244 452
36 48 73 74 92 93 94 95 96 97:11487:413 82 98 74 3028 1207 3004 181 687 2713
46 72 73 74 92 93 94 97 98:7749:56 24 59 124 2287 664 3286 815 434
46 92 93 94 97 98:6763:53 1778 964 2726 746 496
47 48 50 64 92 93 94 95 96 97:10850:47 135 310 79 3305 1009 2749 253 954 2009
2 46 48 65 72 73 74 92 93 94 96:8505:43 77 42 103 33 45 66 2167 1618 2572 1739
36 46 48 73 92 93 94:6944:171 78 231 84 1866 1194 3320
46 48 73 92 93 94:5791:28 167 38 3733 614 1211
46 48 64 73 74 92 93 94:5207:217 198 157 15 28 120 1687 2785
48 65 92 93 94 96:7515:49 234 1832 1858 3048 494
36 48 73 74 92 93 94:4293:89 31 106 160 894 1014 1999
48 93 94:1161:146 555 460
88:10526:10526
46 92 94:1479:66 804 609
65:410:410
76:3233:3233
50 64 66 96:6619:3561 433 1899 726
46 47 73 74 92 93 94 96:8900:229 374 90 99 3689 289 3537 593
92 94:869:274 595
92 93 94:1074:148 93 833
92 93 94:434:108 150 176
92 94:2694:1768 926
48 65 72 73 74 92 93 94 95 96 97:7185:68 96 390 43 452 1256 217 2665 311 1123 564
92 93 94:5561:3784 201 1576
47 48 74 92 93 94:3607:184 258 105 2109 247 704
36 46 47 48 73 92 93 94:5360:129 139 102 385 44 890 757 2914
47 48 73 92 93 94 98:3257:65 55 91 374 1134 930 608
47 48 92 93 94 96:8034:84 157 3342 1378 2063 1010
36 46 47 72 73 74 92 93 94 95 96 97 98:14483:101 79 269 72 233 551 3131 2588 5461 287 474 746 491
46 67 73 74 92 93 94 97:16373:256 264 304 62 3618 3464 7863 542
46 73 74 92 93 94 97 98:6499:66 113 20 1506 531 3271 567 425
46 47 48 64 74 92 93 94:2288:60 104 49 518 93 400 244 820
46 48 72 73 74 92 93 94 96:15100:220 154 193 96 40 3399 2734 7749 515
92 93 94:2627:1470 419 738
46 72 92 93 94 100:4703:42 635 1423 345 1607 651
46 47 48 65 72 73 74 92 93 94 97:11016:111 291 24 175 549 42 125 3138 967 4599 995
46 47 51 82 92 93 94:3408:232 57 330 357 1453 210 769
46 51 64 65 72 74 82 83 92 94 96 97:11338:32 250 370 509 198 53 1071 353 4353 2238 498 1413
46 92 93 94:2106:69 897 396 744
46 47 48 51 65 73 82 92 93 94 95 97:8842:79 169 86 280 110 19 1015 1955 903 3102 473 651
72 92 93 94 95 97:5951:24 486 524 2001 184 2732
73 98:2312:133 2179
48 92 93 94:2144:70 679 637 758
47 64 66 74 82 83 92 94 96:11395:154 91 2434 6 2058 4436 785 939 492
36 46 72 82 92 93 94 96 97:7489:97 54 137 3316 1575 98 1085 576 551
48 73 92 93:732:145 26 480 81
36 37 92 93 94 96 97 98:8918:35 74 1772 727 3709 601 1465 535
48 72 73 92 93 94:5035:125 15 76 2055 824 1940
76 82 83 92 94 96 97:11632:3528 696 903 1930 1145 1659 1771
46 82 87 92 93 94 96 98:8016:80 158 434 1445 605 2260 1890 1144
46 47 72 73 92 93 94 96 97:7507:75 51 33 125 1456 1367 3064 506 830
48 92 93 94 97:2680:179 473 82 1214 732
92:442:442
94:291:291
92 93 94 95:2482:412 439 1291 340
93 94 96:2508:1180 751 577
68 72 97:2056:1282 247 527
46 48 92 93 94:6471:72 33 1619 187 4560
46 92 93 94 97:3602:116 717 69 2142 558
48 93 94 98:1980:249 125 1122 484
46 73 74 92 93 94:2816:166 47 47 578 279 1699
93 94:1279:200 1079
94:347:347
46 93 94:430:61 98 271
48:177:177
93:174:174
93:72:72
93 94:407:210 197
93 94:1641:582 1059
68:3838:3838
70:19684:19684
46 47 48 63 64 65 72 73 74 75 76 78 82 92 93 94 95 96 97 98 100:45364:303 68 165 94 453 262 1750 828 586 644 7792 540 2660 11664 2241 11397 203 945 1641 445 683
46 74 92 93 94 99:3851:109 39 643 848 2005 207
72:98:98
82 92 93 94 97:10202:7413 587 141 1422 639
46 92 93 94:2800:131 1174 152 1343
73 92 94:1510:48 394 1068
46 47 64 65 92 93 94 98:4890:106 49 31 265 789 699 2493 458
46 92 93 94 97:5400:508 1317 286 2160 1129
72 93 94 100:2033:81 77 1028 847
38 46 47 48 60 64 65 67 72 73 74 78 92 93 94 95 96 97 98:39023:223 337 104 136 15 96 103 678 2800 1023 663 653 7714 3569 14831 601 473 3708 1296
92 93 94 97:3131:1108 354 673 996
72 73 74 92 93 94:3190:15 32 105 680 188 2170
46 47 72 73 74 92 93 94 95 96 97:23603:143 609 69 65 118 9290 2378 8284 854 1262 531
36 48 65 72 74 92 93 94 95 96 97 98:20638:179 18 66 106 146 7551 711 6931 408 2035 1936 551
47 92 94:813:85 518 210
2 46 47 74 92 94 96:4171:25 523 225 52 1405 1071 870
46 73 74:316:182 62 72
46 47 50 51 63 64 65 73 74 92 93 94 95 96 98:12745:272 82 517 600 433 226 101 238 284 4576 279 2999 868 648 622
36 37 46 47 64 65 73 92 93 94 97:7608:191 100 115 242 228 909 6 1502 791 2801 723
2 30 51 67 72 73 83 92 93 94 96 97:9285:59 87 295 728 834 17 865 1962 428 2303 477 1230
92 93 94:1184:584 63 537
73 74 88 92 94 95:3842:107 49 433 1951 1091 211
48 72 73 74 76 78 82 92 93 94 95 96 97:33933:116 67 133 164 2070 276 2660 12685 724 9373 1024 2642 1999
2 46 48 72 73 74 75 78 92 93 94 97:6435:19 258 193 135 208 98 360 530 1045 225 2746 618
72 73 74 92 93 94 95 96:6730:102 70 18 1117 501 3191 238 1493
93:170:170
94:512:512
48 73:64:40 24
46 93 94:443:90 233 120
36 48 64 72 73 74 92 93 94 96 97:6985:363 113 102 51 153 33 3285 114 1616 609 546
36 48 72 73 74 92 93 94 97:5881:78 52 89 176 13 1957 383 2328 805
93:65:65
73 92 94:434:58 154 222
94:55:55
48 93:93:40 53
94:64:64
48:45:45
37 46 47 65 72 82 87 92 93 94 95 96 97 98:18127:67 62 431 104 393 467 599 6884 1550 3475 481 581 2594 439
38 72 74 76 82 87 92 93 94 95 97:17590:321 166 116 1216 6612 2824 4617 247 508 293 670
48 74 92 93 94:3033:158 152 634 976 1113
46 47 67 72 73 74 92 93 94 97:11992:113 101 177 47 40 175 6134 667 3296 1242
2 36 72 73 82 87 88 92 93 94 95 97:20246:32 62 316 134 2660 409 522 8324 62 5813 227 1685
46 48 64 72 73 74 77 87 92 93 94 96 97 98:19087:346 50 241 70 106 514 500 1045 4868 1002 6160 1084 2519 582
46 47 48 63 72 73 74 92 93 94 95 96 97:29327:365 231 78 188 64 93 143 10344 3298 11872 236 1280 1135
46 47 73 74 92 93 94 95 96:3110:40 59 97 177 511 531 878 317 500
46 74 92 94:5006:83 87 3232 1604
46 63 72 73 74 75 82 87 92 93 94 95 97:10302:246 164 325 155 177 476 508 667 3902 911 1970 243 558
92 93 94:4055:1873 543 1639
73 92 93 94 95 96:4402:54 1145 646 1103 427 1027
46 72 74 87 92 93 94 96 97:8456:132 28 122 485 1756 140 4076 1026 691
4 46 47 48 63 64 65 67 72 73 74 78 84 87 92 93 94 95 96 97 98:31317:26 513 207 174 605 77 232 469 1337 466 671 1988 272 782 8404 1597 9815 346 2357 541 438
48 51 72 73 74 92 94 97 100:8341:30 259 98 121 95 2739 3479 561 959
73 92 93 94:3405:82 1210 471 1642
72 92 93 94:3000:355 1635 617 393
4 92 94:2193:98 1240 855
46 47 64 72 73 75 76 92 93 94 95 96 97:16475:230 191 73 29 156 738 863 6115 636 3945 896 1274 1329
47 72 74 84 85 92 93 94:7105:91 54 81 419 192 2898 330 3040
82 92 94:2217:1046 1015 156
92 93 94 97:6151:1318 396 3250 1187
72 73 74 82 92 93 94 96:6737:167 174 22 790 2348 766 1489 981
46 72 74 82 92 93 94 96:12719:245 116 253 822 6040 651 3924 668
46 65 73 74 92 93 94 96 97:6324:264 179 72 234 2960 479 935 529 672
72 87 92 94 95:6212:227 667 4122 669 527
47 48 72 73 74 82 84 92 93 94 95 98:10945:195 103 45 43 60 1851 261 4470 124 3085 280 428
46 48 82 92 93 94:8745:134 144 2326 2626 451 3064
92 94 95 97 100:4208:2155 593 278 557 625
46 48 65 72 74 82 92 93 94 95:12464:208 223 161 606 152 792 5244 537 3551 990
46 92 93 94:2314:43 967 291 1013
72 92 94 95:2490:160 1190 690 450
46 47 72 74 82 92 93 94 95 97:18585:348 113 102 27 3260 4814 726 5511 307 3377
72 74 92 93 94 96:5442:121 75 2855 99 1806 486
72 74 92 93 94:2759:99 27 1777 93 763
92 94:1194:1097 97
36 46 47 48 64 72 73 74 78 88 92 93 94 96 99:16514:107 141 98 78 497 712 191 491 292 684 5075 620 4717 2284 527
47 64 65 72 73 92 94:2885:52 246 83 195 103 1439 767
46 63 72 73 92 94 95:3159:87 276 19 17 1945 531 284
48 64 92 93 94:4353:295 88 1193 759 2018
72 74 82 88 92 93 94 95:5813:108 222 825 621 1192 316 2160 369
46 47 51 92 93 94 97:7627:209 433 222 2429 346 3459 529
47 48 92 94:1353:69 54 877 353
63 72 73 92 93 94:2997:82 237 36 615 499 1528
47 63 73 74 92 94:13738:370 68 67 170 7765 5298
20 38 46 48 63 65 72 74 82 83 92 93 94 96 97 101:54489:4 120 443 80 1287 349 16 164 20624 6613 9746 279 10346 2337 553 1528
65 73 74 92 93 94 98:11516:14 50 45 5208 130 5441 628
36 46 48 64 65 72 73 74 75 76 77 78 92 93 94 96 97:18283:388 110 141 716 363 1421 563 943 582 2114 529 282 3979 625 4366 560 601
64 74 92 94 97:3247:154 213 1542 794 544
31 48 64 74 92 94 95:11901:385 243 127 121 5194 4744 1087
94:635:635
94:1230:1230
94:653:653
94:933:933
46 47 48 50 72 73 74 82 85 92 93 94 95 97 98 99 100:35443:217 161 178 292 294 357 165 1947 900 12511 1272 14276 455 526 872 317 703
3 30 64 72 73 87 93 94:2303:31 149 170 330 23 283 66 1251
46 72 73 74 92 93 94 96:6946:168 526 344 196 2592 216 2249 655
36 46 47 48 50 65 72 73 74 82 83 88 92 93 94 95 96:42728:161 156 276 104 338 65 586 626 771 363 12651 252 10088 907 13969 936 479
46 47 48 64 73 74 92 93 94:4528:45 351 66 32 91 262 1088 494 2099
5 36 39 46 55 63 64 65 72 73 74 75 76 78 80 83 87 88 92 93 94 95 96 97:42035:150 563 585 335 223 874 306 902 3754 761 1607 350 757 468 1615 10681 3476 430 6963 184 5762 188 566 535
2 47 92 93 94 95 96:9619:41 48 3582 1058 3022 384 1484
46 48 51 73 92 93 94:11398:107 374 273 75 3129 3250 4190
92:198:198
74 92 93 94 96:2512:95 595 193 1162 467
2 48 64 87 92 93 94 95 96 97:11671:13 295 139 980 2613 1894 3744 277 1079 637
46 47 48 64 72 73 74 78 82 92 93 94 95 96 97:18699:244 489 171 164 59 163 356 524 350 5272 2635 5762 454 1479 577
74 94:1351:59 1292
72 84 92:1551:27 483 1041
46 47 48 64 72 73 74 92 93 94 95 96:10529:205 203 248 59 115 124 187 3747 1071 3293 736 541
36 46 65 92 94 95 97:2610:167 134 407 335 738 250 579
83:20731:20731
2 83 92 94 95:5369:54 4084 261 94 876
72 83 92:2043:76 1500 467
83 87:1389:1021 368
83:11250:11250
73 83 92 93 94:4818:329 3063 298 289 839
38 46 47 48 64 72 73 74 75 87 92 93 94 95 96 97:38696:329 468 228 173 845 11 405 127 510 669 17642 567 14433 574 550 1165
73 74 92 94:3652:72 26 599 2955
39 46 47 48 64 72 73 74 75 87 92 93 94 96:13335:583 169 40 150 81 154 127 179 716 518 2554 959 6579 526
64 72 73 74 92 93 94:5201:90 221 166 121 1289 904 2410
2 4 20 46 47 48 65 72 73 74 76 80 82 83 92 93 94 95 97:43881:45 48 1 379 314 246 142 909 361 651 3992 742 1772 916 15512 772 13573 1449 2057
46 47 48 63 65 72 73 74 75 77 78 82 83 87 92 93 94 95 96 97:50109:744 106 575 270 287 126 644 95 371 488 287 3454 4969 434 16439 2111 15223 1292 1086 1108
46 82 92 94 97:2678:117 632 551 739 639
36 92 93 94 96:6008:531 3125 203 1434 715
48 74 92 93 94:1911:101 12 242 368 1188
48 72 92 93 94:4302:227 457 891 666 2061
46 48 51 92 93 94 98:5112:60 142 304 432 1569 2129 476
30 46 48 74 92 93 94 95:3389:11 114 308 28 249 652 1899 128
92 94:465:145 320
94:231:231
64 74 83 92 94 95:2883:166 218 463 927 880 229
46 48 51 64 72 74 82 87 92 93 94 95 96 97:25698:273 98 254 257 123 484 1904 395 9760 754 10091 252 511 542
19 46 63 65 72 73 74 80 92 93 94 95 98:11192:26 50 360 319 20 145 103 1698 2934 412 3987 629 509
36 65 72 74 75 82 86 92 93 94 97:12120:210 385 503 348 396 1765 928 3308 300 3334 643
46:103:103
94:161:161
93:76:76
46 47 48 63 78 92 93 94:3179:106 91 31 68 424 1146 238 1075
46 74 92 93 94 95:6350:81 71 3164 361 1962 711
48 63 65 92 93 94:5356:155 105 199 3818 236 843
46 48 83 92 93 94:7550:25 171 4127 1622 814 791
46 48 74 92 93 94:5873:65 400 40 2147 761 2460
46 48 92 93 94:2907:127 56 415 279 2030
46 48 92 93 94:2735:79 57 1167 722 710
47 48 65 92 93 94:2876:69 35 18 1658 88 1008
92 93 94:4735:1540 437 2758
47 48 74 88 92 93 94:7782:31 114 50 647 2729 1181 3030
46 47 48 73 92 93 94 95:7093:46 104 245 21 2327 1117 3000 233
3 46 48 51 63 64 65 67 73 74 75 83 92 93 94 96:27734:19 130 266 235 549 455 1709 540 431 134 430 15375 1225 1386 3758 1092
92 93:399:195 204
46 48 73 74 82 92 93 94 96:7151:126 389 190 200 298 1024 2224 2209 491
94:528:528
46 48 92 93 94 97:5303:106 282 1587 1068 1143 1117
48 92 93 94 95:1663:73 905 125 176 384
4 48 65 74 87 92 93 94 95:5488:41 163 461 48 454 1951 733 1440 197
82 87 92:3264:1828 1055 381
20 82 86 87 92 94:14662:2 5820 3662 1369 3196 613
47 67 72 73 82 86 87 92 94 95 97:31867:144 644 719 311 12022 3891 2274 7293 2533 1450 586
46 48 73 94:814:70 57 24 663
48 72 73 75 82 87 92 93 94 96:18071:61 392 61 603 8204 1869 4097 860 1443 481
64 77:801:432 369
36 38 64 82 83 87 92 93 94:17196:140 242 691 9391 68 676 2920 303 2765
2 4 36 46 48 63 64 65 72 73 74 77 78 82 87 92 93 94 95 97:31498:14 42 375 62 242 1442 105 2267 2034 632 1171 167 434 9892 1473 5214 1099 3357 304 1172
2 46 64 65 68 72 73 74 78 83 87 88 92 93 94 96 97:14283:18 66 696 966 2125 1348 379 99 296 475 421 408 1972 271 1772 1651 1320
46 47 48 63 64 65 72 74 92 93 94 95 96 97:19418:52 22 68 424 79 70 154 225 10873 283 3410 1420 1241 1097
46 47 72 73 74 83 87 88 92 93 94 95 96 97:19954:52 55 305 131 291 6240 397 330 5406 382 3395 949 759 1262
2 64 72 74 88 92 93 94 95 96 97:14723:31 109 197 43 322 8582 761 2761 357 944 616
51 73 83 92 93 94 97:15890:364 46 11004 845 354 2188 1089
73 83 96:10932:133 4680 6119
48 73 92 94:752:55 44 463 190
92 94:709:606 103
46 72 83 92 93 94 100:20056:204 30 12226 3002 467 3507 620
92 94:1017:180 837
46 48 92 93 94:2159:151 70 595 446 897
46 92 93 94 96:3007:187 443 229 1612 536
93:160:160
48 92 93 94:1718:34 156 642 886
74 92 93 94 95:10478:53 4083 1254 4641 447
46 48 72 73 92 93 94 97 98:9360:116 261 45 91 1156 1858 3524 1817 492
92 93 94:611:264 232 115
73 93 94:1158:59 158 941
94:139:139
46 47 48 63 64 73 74 92 94:4327:89 86 12 628 108 148 141 1669 1446
72 73 74 92 94 95 96 97:8551:80 115 53 3060 2968 259 1474 542
92:314:314
94:78:78
92 94:500:230 270
72 73 74 92 94:1349:56 177 49 539 528
46 47 48:99:58 18 23
83:11813:11813
93 94 96:855:85 193 577
69 93 94 98:18377:17025 415 503 434
46 47 48 64 72 73 74 78 92 93 94 95 96 97:13688:146 173 125 192 671 55 457 257 4527 959 4125 219 987 795
92:844:844
48 92 93 94:1518:183 395 483 457
48 92 93 94:2478:92 1044 1115 227
92 94:709:282 427
94:92:92
36:103:103
88 92 94:1799:502 630 667
7 27 29 36 37 46 54 55 56 57 58 63 65 67 72 73 74 75 76 77 78 79 80 82 84 86 87 88 92 94:99510:501 43 225 1057 392 178 5120 755 1589 852 2482 1239 1895 1987 19013 1460 4280 3030 10240 10077 540 3579 7003 7991 581 6542 4322 268 472 1797
3 36 64 65 67 68 72 74 77 80 88 92 93 94:14844:61 721 1689 2693 350 1777 3127 327 73 1867 811 626 172 550
4 36 38 46 53 56 64 65 72 73 74 75 76 77 82 89 92 94:22753:6 310 266 142 3405 237 164 490 1834 93 632 1196 2343 364 944 6512 1910 1905
72 73 74 77 80 92 94 95:3093:82 34 339 178 1645 373 270 172
4 28 36 37 38 46 47 53 55 57 58 59 63 64 65 72 73 74 75 76 77 80 82 83 86 89 92 94:32981:3 67 855 364 714 156 100 766 266 981 295 745 291 275 150 4200 40 658 803 4723 466 849 1428 180 9939 894 2025 748
36 38 49 53 55 58 63 64 65 72 73 74 75 76 77 78 82 83 86 87 88 92 93 94 95:26957:500 531 390 3826 34 1145 1040 512 1074 2711 369 364 346 1043 5713 374 737 716 1373 200 544 2173 82 723 437
3 7 36 38 47 54 55 56 57 63 64 65 67 72 73 74 75 76 77 82 83 84 86 87 88 89 92 94 95 97 98:45034:30 234 752 686 124 272 85 393 214 570 1206 630 523 6017 255 1546 3048 1751 625 11210 82 190 944 2901 1455 1493 4171 1930 563 544 590
8 36 38 47 55 56 57 63 64 65 66 67 68 70 72 73 74 75 76 77 79 80 81 82 92 93 94 96:258658:191 145 283 117 679 972 442 715 682 3102 26422 2569 4137 27214 6970 727 906 5859 19594 1001 1524 46988 104288 126 1133 206 1063 603
29 50 54 55 56 65 72 73 74 75 76 78 83 84 88 94 95:31567:137 495 76 318 988 435 5511 396 386 5879 13517 1273 1273 113 359 328 83
36 37 38 46 47 54 56 64 65 72 73 74 75 76 77 80 82 86 87 89 92 93 94 95 96 97 99:41791:773 123 954 287 73 445 1583 659 654 3194 367 940 3405 3488 210 1505 1620 4570 1593 848 6527 273 4735 330 527 1757 351
7 36 38 42 47 72 73 74 82 86 87 89 92 93 94 95 97 101:38677:282 173 377 224 26 273 23 22 9384 4160 3488 1262 10234 297 4641 2434 598 779
3 36 38 46 47 48 55 56 57 58 64 65 72 73 74 75 77 80 82 84 86 87 88 89 92 93 94 95 96:26161:28 997 466 458 152 58 139 321 972 474 1231 702 1552 334 370 438 653 1085 2960 257 3349 483 130 2863 2270 372 2222 265 560
20 82 86 87 89 90 92 94 95 97 99:19782:47 1001 2618 1881 605 1553 2089 534 5871 2203 1380
36 38 64 65 72 74 76 77 82 83 88 92 94 97:9284:460 122 249 255 409 290 663 65 1331 320 960 2833 662 665
82 86 87 92 93 94 95 97 99:14723:582 671 2811 4181 142 346 4397 555 1038
16 20 36 47 63 64 65 72 73 74 79 82 87 92 93 94 95 99:22970:25 17 205 172 965 426 479 602 45 191 888 6002 6298 2800 113 1613 1699 430
82 92 93 95 97:8110:841 3298 268 1670 2033
36 46 63 64 65 68 72 78 82 87 88 89 92 94:11478:211 25 320 979 355 2229 533 349 1014 1081 341 1165 2548 328
77 82 87 92 95:4165:260 542 576 1456 1331
36 46 48 64 65 72 74 82 87 88 92 93 94 95:11319:244 141 104 352 1195 630 328 1060 1342 270 3711 77 1381 484
38 46 47 64 72 74 76 82 87 92 94 95:16105:240 80 461 43 80 113 903 3337 1255 4958 4172 463
46 55 64 65 68 72 74 78 82 83 92 94 96:9452:186 584 458 340 1066 870 692 631 2756 308 265 780 516
46 63 73 92 93 94:5175:126 627 113 2340 90 1879
46 63 65 72 74 92 93 94:9135:168 760 635 589 124 3993 587 2279
46 74 92 94:4600:235 71 3443 851
46 50 73 88 92 94:5150:110 319 217 185 2736 1583
48 65 73 92 94:3820:181 93 35 2187 1324
46 48 50 74 92 94:3733:260 41 292 220 1390 1530
46 47 49 67 72 73 74 75 78 92 93 94 95 96 97:18599:235 102 438 1680 980 475 603 430 664 3841 815 6146 365 1152 673
46 48 51 63 64 65 72 73 74 75 78 92 94 96 98:12103:434 143 237 213 1577 1047 57 163 182 2141 465 994 2675 1167 608
46 63 73 92 94 97:3242:359 178 110 636 1389 570
92 93 94:4041:2437 280 1324
73 82 92 94 96:10329:52 6944 1323 1508 502
46 47 64 74 92 94:5662:182 268 97 112 2239 2764
46 47 64 92 93 94 95:6188:114 306 93 2593 170 2727 185
65 73 74 92 93 94 95 96:7270:79 179 111 3029 666 2486 128 592
46 65 72 92 94 96:4887:207 421 344 2161 1283 471
72 92 93 94:4491:88 2499 237 1667
36 50 67 74 78 92 94 96:3996:187 314 268 79 376 1410 814 548
72:73:73
46 67 73 74 92 94:2339:120 281 53 37 974 874
47 72 73 76 92 94:8685:71 18 67 3808 2941 1780
38 73 92 94 95:3715:158 73 2834 448 202
38 64 69 72 73 74 92 93 94 95:11993:188 864 6938 39 48 460 1262 285 1672 237
92 94:3064:2138 926
72 74 92 94 95:3998:28 103 2289 1411 167
72 73 83 92 94 96:10217:407 90 3410 3203 2534 573
3 46 72 73 74 92 93 94 95:7716:57 74 73 48 59 5366 197 1538 304
92 94 95:3334:1783 1346 205
64 74 76 80 92 94:13198:450 165 4227 6245 911 1200
46 47 63 64 65 72 74 82 83 86 87 92 93 94 97 98:27041:180 276 265 92 215 199 45 6977 293 2685 3835 6564 269 4136 553 457
36 38 46 55 64 72 74 75 82 86 89 92 93 94 96:11811:491 195 65 56 188 800 165 2115 1366 713 634 3057 331 1166 469
36 58 64 65 67 80 92 94:8466:297 1938 162 644 3657 783 667 318
22 36 37 38 47 64 65 72 73 74 82 86 87 89 92 93 94 97:27642:12 578 67 300 55 652 1000 296 85 229 4897 4073 2196 3358 5333 568 3378 565
17 36 38 47 48 51 73 74 78 80 82 86 87 92 94 95 96 97:27859:30 472 623 199 64 954 50 63 291 707 1625 3160 1395 10011 5311 266 590 2048
48 92:277:60 217
2 38 46 47 64 72 73 74 75 76 82 87 92 93 94 96:22227:23 226 80 83 92 1244 151 65 372 3191 5920 1997 4332 310 3609 532
64 65 92 94 95 97:4672:185 1862 978 842 270 535
36 38 65 72 73 75 82 83 84 86 92 93 94:18571:707 364 163 10 141 471 10201 3339 76 983 1499 184 433
36 38 46 65 72 73 74 82 86 87 92 93 94 95 96:24740:103 175 88 308 1015 105 41 5785 1077 3050 7265 135 3278 1795 520
36 46 64 65 72 74 82 87 92 93 94 95 96 97:25536:289 52 343 378 78 538 7149 1867 8770 112 4271 601 542 546
38 46 73 78 82 87 89 92 93 94 95:29167:170 294 310 331 9128 1779 903 9218 172 6410 452
36 47 65 75 82 86 87 92 93 94 95 97:15768:52 80 181 693 5505 1359 1225 1401 382 3867 360 663
64 73 82 86 87 92 93 94 95:10286:136 23 2732 1126 824 2626 458 1829 532
46 64 67 72 73 74 76 78 82 88 89 92 93 94 95 96:21568:236 460 989 60 235 287 1311 1021 878 1211 7746 3948 427 1449 840 470
94:97:97
36 82 96:2728:87 1984 657
4 46 72 73 74 83 92 93 94 96:9374:32 157 262 65 259 149 4906 161 2883 500
72 74 92 94 97:11444:74 242 7541 3052 535
4 74 92 94 97:7203:49 16 4856 1736 546
66 73 92 94:3930:1371 85 1780 694
72 74 92 94:959:117 34 216 592
4 64 72 74 92 94:3739:49 208 103 152 2449 778
72:532:532
92 94 95:6365:4822 1357 186
46 92 93 94 95:4807:57 2522 181 1702 345
92 94 95:4185:2020 2027 138
46 72 92 94 95:3111:97 184 1439 1102 289
36 74 92 94:2805:126 65 925 1689
92 94:1207:791 416
92 94:6231:4277 1954
47 67 72 73 92 93 94 95 97 98:10457:88 295 877 301 5011 247 1466 208 1363 601
65 72 74 92 93 94 95:4273:235 60 140 1732 294 1532 280
72 82 86 87 89 92 93 94:5786:27 1942 1306 443 338 867 414 449
36 47 92 94:5584:377 133 4680 394
46 74 92 94:4572:39 250 2114 2169
92 94:3584:2410 1174
64 68 73 74 89 92 94 95:7961:142 4505 102 534 829 765 930 154
16 47 82 86 87 92 94 96 97:8181:34 85 1508 1432 436 1681 1218 1014 773
48 82 92 93 94 95:6798:57 2445 1584 362 1591 759
3 36 38 46 47 65 72 75 82 87 88 89 92 93 94 95:22231:72 286 217 198 186 216 108 385 4858 396 392 3999 7058 438 3209 213
38 72 73 74 76 78 83 86 88 92 94:11343:198 649 163 208 840 1089 90 1507 148 4103 2348
72 74 84 85 86 89 92 94 95 97:6671:364 34 287 147 1008 274 2214 1088 584 671
19 38 46 65 72 82 87 92 93 94 95 97:19990:38 313 139 350 64 3301 823 7366 379 4661 469 2087
38 48 63 64 65 67 72 74 82 86 87 89 92 93 94 95 96 97:32176:205 92 1652 480 745 80 314 64 6838 3389 2528 1156 8349 145 2955 999 1444 741
46 48 72 92 93 94 96:3779:104 137 103 1733 207 1019 476
46 73 82 92 93 94 95:5121:58 36 358 2355 304 1274 736
64 87 88 92 93 94:4591:42 901 690 1476 304 1178
92 93 94:1834:1204 57 573
74 82 83 92 94 95 97:5088:121 1051 260 2071 593 422 570
46 47 64 65 72 74 78 82 92 93 94 96 97:16660:98 72 92 128 136 267 273 772 6420 869 5825 1104 604
46 63 64 65 66 72 73 74 76 78 82 92 93 94 96 97:21714:192 1914 93 82 1418 185 99 325 720 743 2601 6556 571 4511 462 1242
38 46 47 48 63 64 65 72 73 74 75 92 93 94 95 96 97:23806:318 172 102 260 360 300 965 1260 313 516 493 9410 1223 6416 373 573 752
30 38 46 47 65 67 72 73 74 82 86 92 93 94 95 96 97:40845:12 145 79 124 166 425 299 343 376 11325 8540 7944 465 8324 818 620 840
46 47 64 73 87 92 93 94 95 96:11891:89 215 46 350 613 5050 661 4183 211 473
47 74 88 92 94 95 96 97 99:9886:302 332 258 5524 1404 527 606 611 322
3 63 65 72 74 82 92 94:19517:66 298 95 27 39 17323 1329 340
92 94 95:2457:1824 258 375
63 64 65 67 72 82 88 92 95:10175:660 1216 318 446 694 4757 702 958 424
2 26 29 54 63 64 65 66 67 72 73 74 75 76 77 78 84 87 88 92 93 94 96:23917:95 1911 53 4111 1127 1203 1764 1404 761 1723 340 1247 380 1731 1707 654 270 273 477 902 423 706 655
36 46 47 64 74 82 92 94 95:9367:400 121 300 224 113 834 4361 2630 384
38 46 47 48 63 64 65 72 74 78 92 93 94 96 97:20425:341 254 313 68 224 297 200 83 10 518 7341 1693 8024 478 581
47 92 93 94:3278:82 1180 1342 674
46 48 65 73 74 92 93 94 95:5589:141 53 34 29 31 1856 706 2438 301
46 47 64 83 92 93 94:5228:291 106 60 304 2053 283 2131
46 47 56 67 72 73 74 76 78 82 83 84 92 93 94 96:22664:109 231 557 3051 395 303 379 871 262 2584 2735 304 5502 608 4269 504
82 83 84:3340:260 3015 65
46 83 84 92 94:4797:100 3396 76 537 688
4 36 38 46 47 74 92 93 94 95:10529:67 165 11 122 127 21 3154 254 5848 760
46 47 48 72 73 74 76 77 83 86 92 93 94 96 97 98:29316:118 219 74 730 244 837 838 337 1648 12046 3624 1386 2876 1758 1870 711
72 92 93 94 97:5452:27 1475 242 2458 1250
46 74 92 93 94 95:6841:45 56 1986 130 4361 263
74 92 93 94 96:5378:64 2629 390 1759 536
83 92 96:1733:912 331 490
46 47 65 73 92 94 95:9322:456 107 105 96 4945 2418 1195
63 75 82 92 94 95:8516:227 1010 5858 887 168 366
38 46 72 73 74 92 93 94 97:9789:158 40 15 19 126 4917 98 3551 865
82 92 93 94 95:4960:1016 1316 126 891 1611
37 46 64 65 92 93 94 95:4074:52 64 82 341 2348 361 210 616
65 74 82 92 93 94 95:6396:1046 309 1767 1556 167 1315 236
73 74 92 94 96:2673:51 28 1378 748 468
73 92 93 94:2595:92 993 135 1375
38 87 92 93 94:1756:177 529 167 128 755
92 94 97:3907:1162 603 2142
64 65 68 72 92 93 94 95 97:5325:324 319 1070 146 1791 223 468 418 566
46 64 73 74 83 88 92 93 94 95:6071:100 149 27 24 183 101 2820 372 2017 278
36 46 73 74 92 93 94 95 96:7410:70 224 357 94 2013 473 2598 1099 482
46 48 63 64 65 66 67 72 73 74 92 93 94 95 97:17679:36 47 304 239 762 1615 420 217 62 155 5543 633 4642 240 2764
64 65 67 72 73 74 92 93 94 95 97:4057:145 216 266 447 95 86 905 134 805 422 536
72 76 87 97:3402:124 792 1818 668
47 64 65 72 74 76 82 92 93 94 95 96:17424:237 318 1002 87 111 808 2020 6228 191 4089 1815 518
46 48 72 76 82 83 87 88 92 93 94 96 97:19004:331 83 93 704 1343 204 865 99 8857 556 3872 1280 717
46 92 93 94:2255:206 1442 203 404
36 64:1569:171 1398
46 47 68 87 92 93 94 96 97:4260:81 132 1247 250 585 379 510 543 533
64 65 66 67 73 74 76 80 92 94 96:9657:304 458 3390 1649 126 630 691 1448 153 345 463
65 76 84 92 94:6658:505 2964 763 1759 667
47 73 74 75 82 87 92 93 94 95:19094:939 75 136 449 1441 534 8138 294 6546 542
46 64 65 72 73 92 93 94 96 97:5445:10 921 237 266 198 1865 195 305 820 628
36 72 92 94:2295:258 37 1512 488
72 92 93 94 95:4489:41 1735 187 2142 384
72 92 94 95 96 97:10761:91 4862 2849 1028 598 1333
47 68 92 94:1707:116 1098 358 135
74 92:489:211 278
73 96:711:19 692
92 93 94 96:3171:747 164 1619 641
92 94:749:569 180
72 77 87 92 93 94:3381:119 99 468 788 341 1566
92 94 95 97:3030:1135 792 442 661
54 56 63 64 65 67 68 72 74 75 77 80 82 92 93:21113:608 916 1295 661 498 1679 3519 2319 122 564 866 3825 3855 208 178
40 46 47 48 57 63 64 65 67 68 72 73 74 77 78 80 82 88 92 93 94 95 96 97 98:31788:1172 188 619 194 194 856 896 1782 461 1291 1295 548 712 556 1176 680 299 402 7323 1385 6231 184 2166 549 629
2 46 47 63 64 65 67 72 73 74 75 82 87 92 93 94 95 96:21306:20 237 553 225 436 1032 294 656 148 520 1462 1266 402 8037 698 4084 764 472
46 63 65 72 82 86 92 94 95 96:14168:229 165 149 546 3784 3479 1430 1074 343 2969
21 48 64 67 72 73 74 76 82 83 84 87 88 92 93 94 95 98:15469:30 88 257 108 153 314 172 1842 533 294 720 513 102 7060 930 1559 172 622
74 87 92 93 94 95 99:10869:183 591 6026 607 2376 862 224
37 47 48 72 73 74 82 92 93 94 95 96 97 98:17521:121 169 260 269 227 47 1574 6509 382 3996 1522 1215 631 599
46 47 64 65 72 82 92 93 94 95 96:13087:60 481 135 148 37 928 4275 982 4779 714 548
46 48 72 73 74 76 92 93 94 95 96:12111:411 212 12 54 46 757 5566 277 2968 908 900
72 82 87 92 94 97:6155:354 463 379 2905 952 1102
46 47 72 74 92 94:5435:113 92 169 61 955 4045
47 63 64 65 72 73 74 75 76 78 80 87 88 92 93 94 95 96 97:27009:36 360 315 618 4418 613 905 2877 1211 1573 2331 499 373 4438 554 4140 582 464 702
3 36 46 72 73 74 92 93 94 95 96 98:10868:8 202 224 499 135 164 4169 807 2738 781 473 668
46 47 64 65 72 74 88 92 93 94 95 97:11960:64 48 100 118 18 95 582 3841 224 4373 363 2134
73 74 82 87 88 92 93 94 96:7331:35 52 801 389 470 1259 310 3305 710
74 92 94:2690:67 1751 872
38 46 48 65 72 88 92 93 94 95 97:11858:185 99 116 220 152 272 5846 235 3863 285 585
82 86 87 92 93 94 97:8092:2412 1607 416 1553 352 1049 703
72 82 86 87 92 93 94 95 97 100:12531:188 4757 1855 1364 1705 100 1061 287 551 663
73 92 93 94:3063:120 1516 124 1303
3 82 87 92 95:7559:112 3200 1214 2459 574
47 73 74 77 87 92 93 94 97:4367:138 54 92 197 538 1594 155 360 1239
38 48 64 72 74 87 92 93 94 95 97:16570:308 161 91 17 193 552 6125 1101 7234 235 553
36 39 40 48 63 64 65 72 74 77 83 84 88 92 94 95 96:25533:197 550 1211 40 221 386 687 506 44 58 17148 76 715 1713 975 530 476
83:2152:2152
83:1073:1073
74 77 82 87 92 94 95:10212:131 166 6343 1484 1453 147 488
65 72 74 83 92 93 94 97:11100:148 567 471 7543 701 85 594 991
82 92 93 94 97:5356:3009 1331 164 213 639
82 83:14915:7302 7613
82:5646:5646
92:244:244
3 4 46 72 73 74 75 78 88 92 93 94 95 96 100:11808:45 31 18 1511 537 656 352 409 354 3421 443 1754 968 653 656
38 46 63 64 65 72 73 74 77 83 87 92 93 94:17445:6 224 137 78 53 1184 224 155 93 5996 730 3830 198 4537
73 82 83 84 94:13146:203 260 12308 239 136
46 83 93 94:1687:96 1128 78 385
4 46 65 72 73 74 82 92 93 94 95:26805:39 335 61 662 142 29 1848 14187 368 8445 689
46 47 73 92 94 95:20752:201 271 77 13247 4245 2711
46 47 72 92 94 95 99:17257:150 64 711 12542 2177 1297 316
47 72 74 92 94:9709:107 29 331 8129 1113
36 72 74 92 94:2453:360 29 50 1738 276
46 74 92 94:5350:73 322 3840 1115
48 65 72 74 92 93 94 95 97:3920:142 424 257 78 1458 171 345 464 581
74 82 87 88 92 93 94 95:10608:20 6919 434 487 1549 107 911 181
46 65 72 74 92 93 94 96 97:8144:124 63 138 393 1516 175 1958 2366 1411
63 64 65 67 68 72 92 94:6507:1048 2135 568 742 759 63 794 398
92:337:337
16 20 30 46 47 72 73 74 82 83 84 88 92 93 94 97:23974:6 12 49 513 176 491 37 191 3643 758 346 230 6668 284 8898 1672
46 50 72 92 94 96:3252:227 341 177 1685 353 469
46 47 65 72 73 74 82 87 88 92 93 94 95:16729:160 83 404 25 57 42 2712 1139 130 7731 156 2643 1447
46 73 74 82 92 93 94 96:8042:235 26 22 1216 3632 547 1890 474
73 82 84 92 93 94 95:7460:55 282 71 3713 337 2396 606
46 72 82 84 92 94 95:7484:197 28 434 279 5172 901 473
46 64 72 73 74 92 93 94 95 97:9558:38 70 438 39 149 6424 107 1483 255 555
36 92 94:1909:87 1112 710
46 72 92 94 95:4483:123 72 2677 808 803
46 92 95:1326:211 841 274
74 82 92 94 95:6041:175 2621 2524 418 303
16 72 73 74 82 83 86 87 92 94 95 97 98:42693:28 398 179 327 18798 5354 8491 1016 3868 1798 971 762 703
76 86 89 92 94:37538:2777 33264 298 1030 169
46 48 73 92 93 94 96 97 98:9440:101 210 189 2570 1128 3543 550 719 430
46 47 48 51 65 72 73 74 92 93 94 96 97:16663:254 119 488 238 176 448 109 202 3864 1164 6020 1069 2512
46 47 48 72 74 92 93 94 95:14065:172 246 267 205 65 5756 2043 5030 281
17 46 72 82 86 87 92 93 94 95 96 97:28025:45 160 161 6736 3480 2161 6572 186 4791 843 2324 566
46 92 93 94:2361:209 1539 111 502
64 87 92 93 94 95:8327:197 1063 3737 210 2531 589
92 94 95 96:5895:4023 985 398 489
47 48 78 92 93 94 95:6235:157 26 263 2748 307 2460 274
16 46 48 72 75 82 87 92 94 95:19926:16 166 110 68 388 1058 5651 8387 2814 1268
48 72 82 87 88 92 93 94 95 96 97 98 99:21593:52 263 1189 630 718 9877 260 2725 852 1493 1853 1396 285
16 20 30 46 51 72 74 80 82 87 92 93 94 95 96 97:24624:73 88 45 100 243 206 387 776 3079 1446 10108 493 4958 1084 475 1063
46 92 93 94 95:8360:156 5252 619 2030 303
74 92 93 94 95 96:7287:93 3707 102 1221 917 1247
48 73 88 92 93 94 95 97 98:10023:215 112 440 2426 1281 2392 452 2256 449
38 46 92 93 94 95 97:10717:193 96 5455 1107 1370 288 2208
73 82 87 92 94 95:3631:64 413 208 504 1717 725
74 75 92 94 95:4496:105 362 2817 417 795
74 92 93 94 97:3164:121 1043 432 490 1078
92 93 94 97:2334:486 74 794 980
64 73 74 92 93 94 97 98:6406:202 31 68 2025 799 1911 559 811
51 73 74 87 92 93 94 96 97:12765:242 119 534 480 5343 604 4016 731 696
65 92 93 94 96 97:11809:220 4701 442 3195 597 2654
46 47 48 51 72 92 93 94 97:3381:195 89 50 584 14 446 146 1049 808
94:110:110
3 48 73 82 92 93 94 96 97:14129:46 116 163 7566 3272 242 1659 509 556
46 47 48 65 92 93 94 96 97:9468:130 90 348 157 2643 819 3554 494 1233
48 64 92 93:1683:153 141 1088 301
36 46 48 63 64 72 73 74 92 93 94 95 96 97:15848:89 78 176 357 116 524 282 218 6319 690 3762 1096 1553 588
46 72 73 74 87 92 93 94 96:8701:271 75 158 55 742 4239 1028 1081 1052
37 41 82 92 93 94 95 96 97:9198:120 595 724 3580 134 1121 875 1491 558
37 48 64 65 73 74 76 82 92 93 94:18705:121 101 292 575 70 139 1143 6919 6416 624 2305
46 47 48 63 65 73 74 78 92 93 94 95:7622:71 280 71 130 73 176 170 296 2872 469 2365 649
46 72 73 74 76 82 87 88 92 93 94 95 97:14404:115 421 97 187 1655 608 469 581 4026 388 4403 864 590
92 94:975:461 514
2 46 47 48 72 73 74 82 92 94 95 96:7509:15 153 315 114 49 202 28 398 3000 2181 424 630
47 73 82 92 93 94 95 96:18032:124 86 9749 4599 341 1312 1313 508
46 48 63 64 65 72 73 74 92 93 94 97:11705:599 218 352 146 133 277 53 52 3556 909 3464 1946
36 46 73 74 92 93 94 95:6142:214 53 29 48 2831 356 2379 232
92 94:2620:1883 737
48 51 72 73 74 78 92 93 94 95 96 97:23304:103 331 126 168 61 261 5878 1821 9659 409 2025 2462
36 46 48 51 72 73 74 92 93 94 96:7334:320 235 399 223 70 61 316 2236 523 2386 565
48 92 93 94:3140:45 1536 395 1164
48 64 72 74 82 92 93 94 97:18155:74 123 399 8 14209 519 445 1790 588
46 48 72 73 74 92 93 94 97:10617:42 32 344 411 42 3555 988 3045 2158
46 48 51 73 75 92 94 96:6754:107 138 281 82 512 2087 2931 616
46 64 74 92 93 94 96 97:9131:145 163 48 2331 960 3723 536 1225
48 73 92 93 94:2642:44 74 409 407 1708
75 76:2519:1698 821
75 92 94:1428:730 458 240
92 93 94:3352:886 1044 1422
92 93 94 97:3284:461 363 1028 1432
36 72 92 93 94 97:6335:277 48 1018 590 3831 571
46 48 51 72 73 74 92 93 94 97 98:12605:318 80 220 405 169 385 3686 1445 4431 819 647
48 65 73 74 92 93 94:2076:17 65 80 96 559 71 1188
78 92 93 94 95:2894:256 660 189 1373 416
74 92 94:1347:250 408 689
48 51 74 92 93 94 96:4260:81 359 12 547 113 1608 1540
46 47 48 64 67 72 73 74 88 92 93 94 95 96 97 98:20008:148 165 163 88 351 939 636 472 320 2337 1313 7907 218 1101 3153 697
73 92 93 94 96 97:6826:86 467 348 1250 1789 2886
46 48 63 64 65 66 67 72 73 74 78 82 92 93 94 95 97:19107:31 30 348 639 728 2526 2637 829 63 433 879 5118 703 681 1414 171 1877
92 94:621:335 286
46 92 93 94 97:1957:99 122 653 109 974
46 92 93 94 96:4398:236 1935 180 1452 595
51 83:49688:694 48994
46 92:158:38 120
97:2078:2078
97:1015:1015
46 92 93 94 100:3755:96 750 549 1608 752
46 92 94 95:2137:293 178 1380 286
16 38 46 72 73 74 76 82 92 93 94 95 96:21813:3 448 203 530 37 28 1831 13700 2724 154 1362 183 610
92 93 94:3226:1333 543 1350
92 93 94:1960:816 394 750
46 73 92 93 94 95:1722:149 44 664 94 564 207
46 73 74 92 93 94:1806:93 79 334 623 445 232
48:55:55
50 74 78 84 94 97:2107:369 245 308 238 285 662
92 94:1699:1418 281
92 94:3433:1926 1507
38 65 74 92 94:4224:173 105 39 3101 806
73 92 94 95:3856:31 1919 1527 379
4 5 36 37 38 46 47 55 56 57 63 64 65 67 72 73 74 75 76 78 82 88 92 93 94 95 96 97:52655:44 341 375 124 232 302 105 178 765 465 1069 3099 2699 1113 4175 1196 618 1765 4159 340 8176 264 8326 1028 9753 464 690 790
3 4 29 36 37 41 46 48 56 63 64 65 66 67 68 72 73 74 75 76 77 78 80 83 84 88 92 93 94 96:53464:136 24 420 374 306 1126 30 71 827 2137 6255 4892 4602 1178 1422 3480 489 1163 1538 4554 436 494 1900 281 100 2140 6997 638 4982 472
73 92 94:4663:31 2952 1680
36 38 64 65 72 73 74 75 82 87 92 94:6817:37 139 208 651 752 246 206 511 432 435 1675 1525
46 47 48 64 92 93 94 96 97 98:14559:142 147 56 267 2819 248 3934 486 1160 5300
92 93 94:3065:1382 147 1536
37 39 46 47 48 50 63 64 65 67 72 73 74 75 76 78 82 84 86 92 93 94 95 96 97:51269:146 1141 914 94 157 284 371 1140 1137 1126 2863 480 1380 450 3404 275 7245 291 71 10500 1396 13326 876 720 1482
36 47 72 73 74 77 82 83 92 93 94 95 99:15399:91 93 22 198 82 131 3801 695 7699 545 824 882 336
36 64 74 92 93 94 95:6247:93 84 105 3664 162 1570 569
38 63 83 84 86 87 92 93 94 95 97:17829:460 91 720 372 1240 1004 8816 913 958 1999 1256
64 65 72 92 93 94 95 97:7665:120 133 32 3450 439 2430 394 667
4 46 48 64 65 72 73 74 75 76 82 86 92 93 94:14557:40 580 103 1022 171 97 593 225 450 934 726 1209 4397 86 3924
82 92 94 97:4383:1045 1383 1404 551
36 38 46 47 74 92 93 94 95:10785:378 382 232 214 51 3543 806 4267 912
46 73 74 92 94 95:6488:112 185 129 3634 2005 423
46 48 67 69 72 74 76 78 82 83 84 87 92 94 95:20418:94 135 321 5206 551 450 729 355 1581 2393 138 800 5388 906 1371
46 92 94 95:5284:76 3503 529 1176
74 92 93 94:8481:13 5995 148 2325
72 94:446:350 96
92 94 95 97:4435:2961 313 520 641
82 92:1641:614 1027
92 93:510:366 144
74 77 82 87 92 95:3861:32 47 1025 394 1625 738
46 48 50 73 92 94 97:4065:59 63 279 110 1745 1275 534
38 48 63 64 72 73 74 82 87 92 94 95:12486:329 59 377 90 116 34 82 2139 957 5458 845 2000
36 47 64 65 67 72 73 74 92 93 94 96:8723:377 110 568 391 661 383 188 577 2091 827 2026 524
30 74 87 93 94 98:2368:82 102 566 282 900 436
48 92 93 94:2937:82 1205 129 1521
36 47 48 64 72 73 87 92 93 94 96:9544:262 134 219 123 94 41 466 2989 660 4072 484
92 93 94:3284:2041 729 514
92 93 94:1317:213 415 689
36 51 63 64 65 66 72 73 74 75 83 88 92 93 94 96:11069:682 584 389 1303 723 1167 1301 96 42 1173 547 390 291 416 1454 511
83:2205:2205
64 65 73 76 78 87 92 93 94 95:5987:57 372 127 2456 251 675 1012 96 612 329
47 48 64 72 92 93 94:11509:61 72 224 29 3530 1907 5686
93 94:397:186 211
46 92 93 94:1467:60 911 216 280
93 94:227:112 115
73 92 94 95:3381:38 1451 1176 716
46 63 64 92 93 94:1838:145 122 162 644 168 597
36 47 64 65 74 92 93 94 95:7831:553 295 133 213 171 3429 418 2419 200
46 64 65 72 74 92 94 95:7082:214 131 128 53 98 4756 1416 286
36 63 72 74 82 92 94 95:4260:29 239 188 54 67 2656 720 307
72 73 92 93 94:3036:411 32 1847 608 138
92 94:401:224 177
16 38 46 47 63 64 72 73 82 87 92 93 94 95 96 97:19637:13 161 154 202 416 408 215 41 1058 186 7166 1297 4800 1462 1127 931
40 46 63 64 65 72 73 74 75 78 83 88 92 93 94 99:12347:682 449 320 466 72 189 30 105 387 270 172 202 6316 321 2056 310
46 47 93 94 95:1876:57 57 321 1011 430
48 74 92 93 94 97 98:11675:106 295 6887 729 2631 555 472
46 48 63 72 74 92 93 94 95:10267:21 113 130 449 170 4349 1230 3625 180
38 46 47 88 92 94:2754:75 71 277 396 1750 185
47 48 72 73 74 92 93 94 95:13029:161 147 181 65 70 7968 1199 2429 809
48 65 92 93 94 95:3814:262 229 1278 542 836 667
64 72 73 74 78 87 88 92 93 94:5500:320 519 107 244 290 260 325 2078 233 1124
2 36 46 47 48 64 65 72 74 75 77 78 82 88 92 93 94 95:15357:81 234 300 47 348 1116 1452 1717 447 347 633 254 634 960 3122 697 2355 613
47 48 73 74 92 94:1162:63 34 21 109 539 396
46 48 50 64 74 82 92 93 94 95:15091:164 96 672 301 157 969 5707 1329 5213 483
46 47 67 72 82 87 92 93 94 95 97:11048:116 109 362 55 2425 402 4503 291 1933 197 655
47 74 82 83 88 92 93 94 95 96 97:18197:386 16 1702 187 203 6916 978 3870 1304 1527 1108
36 38 46 47 64 72 87 92 93 94 95 97 99:16623:81 294 934 82 264 298 1363 6759 111 3855 1541 549 492
36 46 72 73 86 88 92 93 94 95 96:17455:223 468 30 31 3802 391 6187 511 3756 1290 766
46 47 64 72 82 88 92 94 95:10455:278 169 360 130 2907 388 4174 1809 240
38 46 47 48 50 65 72 73 74 92 93 94 95 96:10296:123 463 56 43 294 351 346 14 244 3038 356 4307 119 542
46 47 48 64 72 73 74 75 77 82 87 92 93 94 95:15559:243 277 64 419 320 246 500 416 207 507 1155 4928 692 5103 482
46 48 73 92 94:4053:105 80 114 2755 999
47 48 92 94 96:3877:45 52 1733 1572 475
46 47 72 73 74 92 93 94:7355:55 88 177 242 138 2297 892 3466
74 94 95:1344:19 1025 300
72 92 93 94:2970:389 780 213 1588
92 94:1484:485 999
46 47 73 92 94:6408:249 199 115 3503 2342
74 92 93 94:736:18 238 334 146
92 94:566:315 251
46 63 73 92 94:6945:62 447 115 3142 3179
36 46 47 48 72 74 92 93 94 96:8947:6 179 93 110 24 85 3996 814 3078 562
73 92 94 97:1289:13 513 233 530
92 93 94:5107:2448 144 2515
92 93 94:5006:1622 160 3224
46 92 94:5166:59 2535 2572
46 47 72 73 92 93 94 95 96 98:8148:193 85 45 226 4098 75 2284 159 476 507
73 92 93 94 95:3907:7 1166 169 2408 157
92 94:892:155 737
3 92 93 94 98:5501:50 2181 277 2530 463
4 73 92 93 94:4178:60 21 2047 142 1908
65 92:708:133 575
63 94 97:1161:106 395 660
92 93 94:2442:533 167 1742
48 74 75 92 94:2769:28 20 363 1706 652
46 64 72 73 74 83 92 94:12145:56 312 73 70 368 2751 5138 3377
65 92 93 94 97:1476:234 163 90 260 729
92 93 94:3192:1103 416 1673
46 47 63 64 74 92 93 94 97:9734:237 190 180 351 176 3349 1006 2771 1474
36 46 47 73 74 82 87 92 93 94 95:7131:101 90 52 40 46 359 493 2166 71 3503 210
4 46 48 51 73 92 93 94 96:13525:20 144 117 248 17 5458 1766 5157 598
47 48 74 92 93 94:2914:53 121 42 857 122 1719
4 48 49 73 74 92 93 94 95 97:7968:114 34 475 67 306 3656 185 2429 107 595
92 94:1937:1053 884
2 46 47 48 92 93 94:17802:48 230 60 143 6329 1018 9974
46 73 92 94:3661:142 18 1787 1714
46 92 93 94 96:2264:13 887 220 667 477
48 74 92 94:3433:195 189 1448 1601
72 74 92 94 96:10978:33 160 4454 5869 462
4 72 74 92 93 94:5218:22 21 255 1925 518 2477
92 93 94 96:1079:405 70 119 485
64 93 94 96:1090:115 161 279 535
63 64 65 66 67 68 69 70 75:48640:1601 727 998 6469 9248 1974 6468 19534 1621
64:427:427
66 67 69 70 72:73128:39797 23976 2258 6608 489
63 65 66 67 68 69 76:27866:4190 1001 2993 5913 2001 10569 1199
3 38 63 65 67 68 69 72 75 76 77 80 93:22756:138 198 1177 1062 2109 2935 5705 562 916 3575 422 3862 95
92 93 94 97:3626:721 552 1530 823
46 74 92 94:890:75 113 515 187
72 92 94:729:59 352 318
47 72 92 94:2035:35 237 955 808
74 93 94 98:1395:37 109 773 476
46 74 92 93 94:2342:68 13 339 464 1458
94:526:526
92 94:463:316 147
93 94 95:470:108 173 189
92 94:599:154 445
92 93 94 96:1649:347 273 549 480
92 93 94:528:155 130 243
72 73 92 93 94:3109:29 70 875 340 1795
46 47 72 73 74 92 93 94:7360:89 101 238 124 53 1846 461 4448
68 76:21789:20958 831
39 46 47 48 64 72 73 74 92 93 94 96 97 98:30664:624 801 266 210 72 538 324 381 8907 3250 12282 1408 1117 484
46 47 51 73 74 93 94 96 98:3617:252 9 250 101 138 736 1195 482 454
47 64 65 72 73 74 87 92 93 94:7631:113 425 158 370 22 428 364 748 658 4345
46 47 48 72 93 94 96:1922:168 245 196 132 182 533 466
50 63 97:2396:285 1512 599
46 47 72 73 74 82 92 93 94 98:11725:42 141 136 50 207 7829 923 235 1292 870
92 94:854:700 154
36 46 47 78 92 93 94:3860:88 94 171 314 1346 586 1261
36 63 65 67 76 78 92 93 94:15468:71 405 1062 288 11006 453 313 546 1324
3 39 46 48 65 72 73 74 92 93 94 95 96:27429:17 592 144 271 580 1148 1582 1933 4266 3626 12471 336 463
46 47 92 93 94 96:15696:326 285 4143 1291 9165 486
46 92:261:96 165
47 92 93 94:3242:82 332 131 2697
46 73 92 93 94 95:3124:93 16 580 551 1658 226
46 74 92 94:2200:83 39 609 1469
92 94:1403:1005 398
92 94:334:178 156
46 73 92 93 94:1639:169 55 309 228 878
47 73 74 82 92 93 94 95 96:5222:340 9 186 613 1159 927 1429 95 464
92 93 94:904:166 90 648
92 93 94:722:421 109 192
48 92 94:782:24 443 315
72 92 93 94:1523:34 718 159 612
93 94:385:196 189
51 72 92 93 94:2890:299 31 459 94 2007
73 92 93 94:2738:104 732 305 1597
48 73 92 94:2668:82 34 333 2219
74 92 93 94:2151:29 662 525 935
92 94:465:336 129
48 92 93 94:2026:134 333 285 1274
72 92 93 94:797:9 300 184 304
74 92 93 94:2492:159 757 243 1333
93 94:335:189 146
46 48 73 76 92 93 94 95:3407:58 126 121 1001 208 340 1407 146
46 94:644:122 522
73 74 83 92 93 94 95:7065:87 83 3883 385 271 2110 246
46 72 73 74 92 93 94:9837:402 176 195 562 2803 1564 4135
48 72 73 92 94:619:65 26 52 152 324
92 94:238:124 114
48 92 93 94:1419:101 507 238 573
92 93 94:2450:154 153 2143
46 78 92 93 94:2652:148 353 685 399 1067
46 72 74 92 94:2658:137 57 29 1079 1356
46 47 92 94:3859:113 87 766 2893
76:698:698
46 74 75 92 93 94:4809:144 46 477 1575 551 2016
46 47 48 92 94:3692:228 57 143 1176 2088
73 92 93 94:3267:30 1094 746 1397
48 92 93 94:2417:99 919 210 1189
46 92 94:2210:53 514 1643
46 73 92 93 94:2881:143 17 205 114 2402
92 93 94:628:164 166 298
93 94:482:128 354
94:238:238
94:394:394
48:40:40
94:69:69
97:1019:1019
57 72 73 74 76 92 93:2780:294 536 37 255 708 443 507
48 92 93 94:2111:34 651 171 1255
67 92 93 94:4918:156 1790 292 2680
74 92 94:1856:44 742 1070
48 92 93 94:1249:44 448 182 575
92 93 94:2833:795 701 1337
46 47 48 65 67 72 73 74 75 76 77 82 92 93 94 96 97 98:28364:480 194 191 380 221 605 36 389 723 1481 219 872 10563 1128 8858 570 981 473
36 39 46 57 63 64 65 67 72 73 75 76 78 80 93:28302:132 623 123 591 1801 514 1466 5680 1370 56 3590 7757 3857 692 50
4 46 75 92 93 94:4061:80 108 2076 428 98 1271
92 93 94 97:1779:106 161 952 560
92 94:2183:1175 1008
46 92 93 94:3476:234 1546 292 1404
46 92 93 94:3105:278 1129 87 1611
92 93 94:942:141 146 655
46 92 94:1374:83 397 894
92 93 94:4156:807 337 3012
37 46 47 92 93 94:3926:169 107 83 1029 153 2385
48 92 93 94:3424:104 1144 244 1932
46 74 92 93 94:4909:90 29 1166 629 2995
92 93 94:578:170 141 267
46 47 73 92 93 94:3580:121 92 146 246 964 2011
73 92 94:2249:75 471 1703
74 92 94:2234:22 571 1641
92 94:2150:203 1947
46 48 73 92 94:1657:92 115 116 532 802
46 73 92 93 94:3161:154 15 488 372 2132
92 94:1345:292 1053
74 92 94:3241:22 2013 1206
73 92 93 94:449:38 191 102 118
73 92 94:1111:107 175 829
92 93 94:2623:1202 141 1280
92 94:658:235 423
65 72 92 94:361:49 39 73 200
46 92 93 94:4480:47 972 633 2828
47 92 94:924:93 612 219
46 47 72 92 93 94:6175:123 67 20 1826 643 3496
31 46 72 73 76 92 93 94 96:19072:38 289 241 187 855 7674 1765 7531 492
73:30:30
46 74 92 93 94 95:6503:213 75 3651 344 1753 467
46 48 73 92 93 94:2344:100 30 87 993 726 408
64 72 73 92 93 94:3811:101 118 132 943 575 1942
46 73 74 93 94:1304:95 103 33 114 959
46 48 51 65 72 73 74 92 93 94 95 97 98:14277:69 327 225 110 135 254 35 6278 1077 4076 556 540 595
46 73 87 92 93 94:3595:41 144 710 1035 280 1385
46:91:91
48 72 73 74 92 93 94 96:4236:177 14 82 423 1230 349 1395 566
37 46 47 73 74 92 93 94 95 97:15778:99 239 111 215 143 6537 675 4789 478 2492
46 72 73 74 82 92 94 95:10901:255 307 270 328 475 4890 3080 1296
92 94:2137:1406 731
64 74 92 93 94:6775:152 21 2738 316 3548
47 92:476:20 456
46 72 73 92 93 94:3104:115 56 152 2204 484 93
46 72 73 92 93 94:1792:49 170 20 409 82 1062
73 92 94:1549:87 372 1090
74 94 96:1996:11 349 1636
46 47 48 64 72 82 83 92 93 94 95 96 97:26074:45 134 82 123 1038 3231 6277 5368 1335 4361 368 829 2883
46 48 64 65 72 74 76 78 92 93 94 95:8792:40 54 438 1688 533 343 1625 1078 1087 328 1188 390
47 63 64 72 74 82 92 93 94 95 96 97:19567:97 605 1018 445 82 3395 5580 298 3599 1017 1054 2377
64 73 74 92 93 94 97:4157:29 40 100 444 821 1630 1093
36 46 48 72 73 74 78 92 93 94 96:10914:582 116 357 190 350 753 627 2515 768 2979 1677
36 46 48 65 73 92 93 94 96:4044:68 125 50 104 79 384 220 1433 1581
36 37 38 48 63 64 72 74 92 93 94 97:15406:350 32 593 422 89 454 778 86 1268 1754 8935 645
38 46 47 74 92 93 94 95:4551:146 76 120 291 1151 144 2390 233
94 95 97:1632:450 398 784
46 48 63 65 73 78 92 94 98:3060:125 163 510 64 20 1142 169 376 491
48 92 93 94:4487:59 1664 96 2668
92 94:293:184 109
48 93:702:152 550
46 47 73 74 92 94:3560:274 41 101 254 439 2451
46 48 64 92 93 94 96:3136:57 83 94 281 270 1225 1126
46 47 48 72 73 74 82 92 93 94 95 96:16310:176 136 108 110 119 142 623 5377 1835 6053 247 1384
48 72 92 93 94:3056:111 34 604 874 1433
46 51 92 94 98:1316:146 262 269 154 485
48 92 93 94:1847:109 475 313 950
46 73 93 94:1467:164 157 193 953
48 74 92 93 94:3142:146 83 572 801 1540
46 92 93 94:1954:103 520 361 970
48 72 73 74 92 93 94 96 98:8827:172 196 109 56 2780 823 3579 464 648
46 72 74 92 93 94:1679:60 22 95 598 196 708
73 92 93 94 97:4681:84 684 1589 1668 656
47 48 51 72 73 74 92 93 94 96 97 98:6024:60 176 284 232 33 297 523 264 2623 487 589 456
46 48 64 74 92 93 94 96:7292:68 199 221 216 1041 744 3655 1148
83:7086:7086
94:271:271
83:7419:7419
93:68:68
94:118:118
94:64:64
38 47 48 51 64 65 67 68 69 72 93 94 96:14309:651 49 141 1487 800 1039 622 1291 6062 9 810 881 467
48:53:53
64 92 94:690:231 239 220
46:260:260
46 47 48 63 64 65 72 73 78 92 93 94 97:14109:402 81 47 405 40 337 707 470 426 4308 1367 4924 595
36 38 46 48 51 64 72 73 74 92 93 94 95 96 97:12921:70 253 143 119 391 51 23 78 40 3548 2024 4393 567 607 614
2 46 48 64 72 73 92 93 94 97 98:12794:28 470 92 244 54 175 3299 2288 4140 1213 791
36 48 67 72 73 74 92 93 94:6774:358 214 123 100 34 64 548 1171 4162
46 48 63 92 93 94 98:3987:92 32 558 1564 706 547 488
72 73 92 93 94 97:2796:95 17 679 116 808 1081
38 46 48 92 93 94 97:6439:87 148 101 1068 1086 3311 638
48 92 93 94:3619:53 2528 359 679
46 82 92 93 94:4495:235 512 628 1072 2048
46 48 64 65 73 74 92 93 94 97 98:10099:163 60 125 660 297 46 3378 270 3873 675 552
72 92 94:672:222 264 186
72 73 74 92 93 94 96 97 98 100:9193:665 33 202 1879 955 2629 766 605 517 942
64 70 72 74 75 83 94:45995:421 16313 197 206 348 28144 366
63 64 65 66 68 72 78:13013:2616 430 968 5418 1904 343 1334
63 64 65 66 67 69:21670:2462 130 1036 4769 4565 8708
63 64 65 66:9827:1873 542 1019 6393
64 66:3921:729 3192
36 63 65 66 67 69 70 92 94:44757:418 1600 1396 5238 2209 2999 23781 7060 56
48 92 93 94 97:5866:181 446 306 2554 2379
46 56 64 65 68 72 73 74 75 76 78 88 92 93 94 98:15841:302 1230 731 371 1153 985 819 482 841 2954 1003 332 1588 1114 1488 448
38 48 74 92 93 94 96:5738:461 94 147 1488 450 2613 485
65 73 74 92 93 94:5280:297 53 52 2124 516 2238
47 63 65 72 94:1457:203 316 513 193 232
66:1300:1300
36 46 48 63 65 74 93 94 96:3036:84 438 56 186 206 32 478 1062 494
46 64 72 74 92 93 94 96 97:6577:92 55 371 42 1485 599 1845 1485 603
46 47 64 72 73 74 92 93 94 95 96:5053:587 103 347 28 17 20 1490 411 1136 238 676
73 74 92 93 94:4804:43 220 2803 639 1099
46 48 92 93 94:924:106 104 321 236 157
92 93 95:667:380 154 133
93 94:1363:344 1019
64 92 93 94:4970:146 2489 55 2280
73 92 93 94:3487:20 1450 160 1857
72 74 92 94:2212:29 14 1158 1011
92 94 95:4792:2504 2080 208
46 72 92 94:5707:89 41 2828 2749
92 94:2710:769 1941
92 94 95:3479:1264 2032 183
46 92 94:3917:55 2094 1768
36 92 94:4055:106 1230 2719
3 46 72 92 94:4664:12 111 14 2129 2398
92 94:1324:748 576
46 73 74 83 92 94:4547:389 76 77 223 1416 2366
36 72 74 78 83 84 93:7543:237 48 98 452 3519 2738 451
92 94:3680:1619 2061
92 93 94 95:3203:1806 192 1020 185
2 78 80 92 93 94 98:7526:35 383 919 2499 514 2688 488
94:52:52
74 92 94:3010:71 845 2094
94:187:187
67:2574:2574
73 94:168:77 91
82:3497:3497
74 82 83 92 93 94:8227:112 3556 378 2249 144 1788
48 92 93:988:48 324 616
66:3341:3341
94:88:88
48 65 72 92 93 94 97:3101:52 132 80 425 699 1181 532
64 65 72 76 92 93 94:3129:168 127 804 961 669 84 316
48 74 92 93 94:1949:205 82 146 164 1352
36 39 48 63 65 68 72 73 74 82 92 93 94 96 97:22074:246 1058 113 1282 504 2548 21 120 130 4040 2269 454 1130 7415 744
36 72 92 93 94:1243:89 96 331 197 530
94:154:154
48 93 95:603:46 230 327
46:103:103
94:126:126
94:126:126
94:199:199
72 75 92 94:5370:109 5015 146 100
94:80:80
94:198:198
94:108:108
94:163:163
74 94:193:72 121
94:81:81
94:228:228
36 63 64 65 66 67 69 83 84 92 97:44130:454 1576 250 328 4240 2894 6167 13224 46 13264 1687
83:13810:13810
85:19337:19337
42 66 67 69 70 80 92:31769:2221 6164 5516 9906 5751 2055 156
83:13526:13526
48 82:5932:35 5897
46 47 64 72 73 92 93 94 95 98:9010:421 139 160 236 301 2144 293 4624 218 474
48 92 93 94:687:86 334 74 193
73 93 94:1833:41 317 1475
46 48 60 92 93 94 96:5377:53 64 6 275 673 3164 1142
47 74 92 94:800:44 91 160 505
48 72 73 74 88 92 93 94 98:11333:130 261 146 316 789 1964 1547 5658 522
48 64 72 73 74 92 93 94:8247:136 42 110 264 195 1850 1883 3767
47 73 74 93 94 96:2839:121 231 19 234 524 1710
92 94 95:921:526 163 232
46 63 64 65 72 73 74 75 76 92 93 94 96:14243:225 587 316 259 111 347 570 444 759 2957 905 4220 2543
92 93 94:1101:136 383 582
72 92 94 96:1437:258 293 259 627
46 64 74 92 93 94 96 97:7118:382 230 25 2172 1443 1721 544 601
46 72 73 74 92 93 94 96:7939:154 15 102 425 1052 1586 4139 466
92 93 94:3497:1341 448 1708
4 48 72 92 93 94 98:4343:49 75 17 833 920 1837 612
48 92 93 94:784:88 119 313 264
92 93 94:822:306 269 247
47 92 93 94 96:3591:83 1250 721 966 571
72 92 93 94:1554:375 221 90 868
47 63 65 74 92 93 94 97:7320:179 139 396 155 1277 857 3770 547
74 92 93 94 96:1442:96 221 169 485 471
46 47 73 74 92 93 94:6853:77 256 107 190 1060 1076 4087
92 96:1263:786 477
48 92 93 94:3044:75 1079 371 1519
74 92 94 96:5203:79 1060 2953 1111
46 48 72 73 74 75 92 93 94 97 99:9490:448 127 182 43 66 388 2595 1134 3476 537 494
72 93 94:1870:9 839 1022
73 74 78 92 93 94 96:4104:313 221 861 340 664 1238 467
48 74 92 93 94:3948:176 41 1498 1310 923
2 46 63 65 66 68 72 73 74 75 76 92 93 94 96 98:15765:24 233 1471 241 1875 780 1367 580 1117 1012 1999 385 520 1660 1283 1218
39 74 92 93 94:4600:835 282 729 620 2134
92 94:1438:559 879
46 47 74 92 93 94 96:1854:57 117 37 496 179 466 502
46 72 74 92 93 94 96:7897:187 427 301 2135 881 3483 483
48 92 93 94:4059:136 1230 530 2163
92 94:1454:418 1036
48 51 78 92 93 94 96 97 98:7312:254 301 407 1565 648 2421 562 669 485
46 92 93 94:3342:28 1460 142 1712
46 94:523:202 321
46 73 74 92 93 94 96:5311:269 166 233 222 1303 1819 1299
32 46 48 65 72 73 74 92 93 94 97:8019:242 51 69 224 77 40 59 1696 1535 3490 536
38 48 73 92 93 94 96:6708:238 133 252 2037 581 2392 1075
37 46 47 48 72 75 92 93 94 97 98:8872:20 228 237 200 26 356 1767 1455 2955 1199 429
72 73 74 92 93 94:3062:418 31 66 734 202 1611
46 47 92 93 94 96 97:5291:79 249 994 93 1381 1205 1290
92 93 94 96:4463:1000 888 2024 551
46 48 73 92 93 94 97:3864:53 41 8 1047 365 1762 588
46 47 48 74 92 93 94 96:5403:87 190 51 63 1134 741 2674 463
4 46 92 93 94:2560:11 26 703 261 1559
47 48 72 73 92 93 94:4428:98 51 23 145 176 1074 2861
37 46 47 48 72 73 74 88 92 93 94 95 97 98:15664:451 316 362 75 388 267 503 1135 4003 719 5923 417 608 497
73 92 94 96:4348:32 975 2315 1026
47 92 93 94:4231:128 1011 460 2632
46 72 78 87 92 93 94 96 97 98:14097:316 84 338 864 3049 1850 4637 1135 1210 614
92 93 94:1557:494 806 257
48 92 93 94 95 96 97:6983:30 2290 903 2107 508 462 683
72 74 92 93 94:5850:458 24 2590 470 2308
46 92 93 94:4262:97 1235 679 2251
94:218:218
50 72 92 93 94 96:4094:349 544 263 279 1966 693
92 93 94:4612:1085 145 3382
37 46 47 48 64 92 93 94:6258:54 146 354 70 184 1609 1206 2635
73 92 93 94:1576:43 353 167 1013
93 94:1408:650 758
46 47 48 50 72 73 74 92 93 94 96 97:14264:277 80 438 302 148 215 37 2154 3643 5473 972 525
48 92 94:1037:156 416 465
72 73 75 76 78 93 94 96 98:6857:365 290 1233 1616 729 1044 392 505 683
92 94 96:2856:1129 1253 474
46 48 73 74 92 93 94:5521:111 176 111 50 590 879 3604
37 46 48 73 92 93 94 96:4956:12 80 56 58 757 947 1798 1248
93:290:290
46 65 73 92 93 94:4396:372 163 274 146 381 3060
73 93 96:754:75 191 488
47 64 74 92 93 94 96:4192:27 88 193 689 1065 1007 1123
46 48 64 65 92 93 94:4477:102 54 71 342 439 1718 1751
3 46 48 51 74 92 93 94 95:8999:18 181 273 234 134 3064 1864 2944 287
46 64 73 74 92 93 94 96 98 100:6454:254 58 306 44 1080 1280 1577 632 465 758
46 48 72 73 74 92 93 94 96 97:4513:142 67 416 222 118 860 420 1022 520 726
46 48 93 94:590:65 61 66 398
48 72 73 93 94:1697:21 221 42 281 1132
38 46 48 56 64 65 72 73 74 75 76 87 92 93 94 97 98:21141:364 228 37 596 474 63 295 444 657 402 1494 940 3382 2146 8533 607 479
36 46 47 50 51 72 73 74 92 93 94 96 97:23659:67 361 425 317 229 294 133 142 8053 836 10986 747 1069
5 46 47 48 50 63 64 65 67 72 73 74 75 76 78 92 93 94 96 97 98:75475:654 334 944 250 456 1658 263 886 152 3035 1699 1213 842 1662 397 16380 4893 30520 5442 2897 898
46 49 74 92 93 94 96 97:13282:160 395 114 2214 2059 6187 1467 686
36 47 48 50 64 65 72 73 74 76 92 93 94 96 97 98 100:28518:119 805 54 322 814 272 913 608 512 998 7670 1611 9333 961 1636 970 920
46 73 74 92 94 97:2179:293 52 8 874 356 596
92 94 97:2164:195 1032 937
4 46 47 48 50 64 72 73 74 92 93 94 95 96 97 98 100:27197:59 415 158 458 399 219 89 130 148 5255 3235 11681 717 2287 785 444 718
47 74 92 93 94:2142:56 88 1102 157 739
74 92 94 96:2152:77 1238 336 501
48 50 72 73 92 93 94 96 98:6932:35 303 17 237 467 470 3834 515 1054
3 46 47 72 73 74 92 93 94 96:7776:54 232 345 315 25 47 2210 262 3733 553
46 48 72 73 74 92 93 94 95 96:11418:434 251 165 169 110 4293 185 5207 135 469
46 73 94:281:49 31 201
92 93 94:2757:742 87 1928
87 92:830:336 494
72 73 92 93 94 95 96 97:12574:111 24 5217 619 4409 496 592 1106
72 92 93 94 95 96 97:8414:308 3312 194 3085 367 608 540
47 48 64 65 72 73 74 92 93 94 97:12917:70 184 83 156 603 63 55 4758 1023 5185 737
36 47 64 72 74 92 93 94 96 97:10808:489 350 64 61 48 3608 301 4787 516 584
65 92 94 96:1743:82 525 658 478
36 46 47 72 73 74 78 92 93 94 96 97:26472:768 259 56 1349 262 22 271 6340 1873 11378 2153 1741
46 47 72 73 92 93 94 95 96 97:7225:230 367 110 94 1610 226 3184 367 499 538
46 47 48 64 65 73 74 92 93 94 96 98:24963:355 270 230 48 92 51 111 5748 2377 11691 2404 1586
46 47 50 65 73 74 92 93 94 96 98:24635:194 152 300 123 164 245 8161 2387 10841 1576 492
47 51 64 72 73 74 92 93 94 97 98:19950:371 341 137 90 311 390 7712 960 7588 1167 883
4 46 47 48 51 64 72 73 74 92 93 94 95 96 97 98:28852:28 859 150 75 526 252 135 725 410 6623 3226 11795 472 1091 1357 1128
46 48 51 56 57 64 65 72 73 74 75 76 78 84 88 92 93 94 95 96 97 98:43863:312 74 465 922 584 1378 982 4173 1485 1820 2575 2228 7129 233 304 4792 2988 7112 508 2695 543 561
65 74 92 94 96:3471:82 84 557 2246 502
92 94:375:210 165
47 92 94:4809:133 3340 1336
92 94 95:4822:2634 2026 162
94:148:148
92 93 94:1619:885 82 652
46 47 48 72 73 74 92 93 94 95 96 97 98:30196:821 251 742 723 729 73 8653 2657 12384 458 1066 1182 457
36 46 47 48 64 65 72 73 74 75 78 92 93 94 96 97:21176:204 719 139 247 116 20 31 210 53 423 423 5153 2078 9139 1572 649
64 73 92 93 94:2446:217 78 1400 328 423
48 64 92 93 94:3042:52 171 1045 372 1402
73 92 93 94 97:2368:120 253 595 803 597
51 64 73 74 92 93 94 98:6035:283 130 14 389 1326 120 3339 434
74 92 94 96 97:7484:25 1072 3897 729 1761
46 47 48 65 72 73 74 92 93 94 96 97 98:11021:229 75 73 793 47 134 21 3476 1099 3455 523 587 509
46 48 64 72 73 92 93 94:9905:227 66 106 324 170 2838 1430 4744
46 49 65 74 92 93 94 96 98:6391:105 384 165 79 1183 894 2401 724 456
46 47 48 51 72 74 92 93 94 96:13950:472 263 253 223 42 24 2881 1674 7650 468
93 94:2207:207 2000
46 47 48 50 51 73 74 92 93 94 95 96 97:12114:209 235 349 337 248 92 11 5002 234 4121 211 466 599
94:261:261
46 47 48 73 92 93 94 96:8124:186 117 175 73 2124 589 4215 645
73 74 92 93 94 96:6157:35 40 1525 1865 1556 1136
92 93 94 95 96 97:4774:1429 637 1176 237 625 670
2 46 72 73 74 78 92 93 94 95 97:13877:71 230 56 219 170 512 4942 2245 4153 430 849
46 47 48 49 63 64 65 73 74 75 76 88 92 93 94 97 98:14568:70 44 35 459 885 185 948 255 382 761 1787 752 2810 858 1592 2205 540
48 64 72 74 92 94 96:2730:125 29 673 17 753 650 483
72 73 74 92 93 94 96:6139:79 70 39 1716 1128 2559 548
48 63 64 72 73 74 92 93 94 95 96 97:8574:42 295 202 395 85 22 1080 1017 3283 230 1372 551
48 72 92 93 94 96:4568:104 51 647 805 2477 484
3 36 46 47 48 64 67 72 73 74 75 76 78 92 93 94 95 96 97:44380:55 456 280 910 587 171 382 1440 1013 713 2195 1802 594 12864 3094 14010 762 2407 645
88:407:407
48 63 92 93 94:4388:218 1254 653 333 1930
38 46 48 92 93 94:2565:215 131 203 536 285 1195
47 92 94 96:4336:156 1445 2221 514
64 73 92 93 94 96 97:2711:71 121 316 649 467 516 571
48 73 92 93 94 96 97:8400:190 218 2760 548 2818 745 1121
65 92 93 94 96 98:3254:86 717 176 1271 534 470
50 73 92 93 94 95 96:5607:325 47 1660 315 1621 351 1288
46 47 48 55 65 73 92 93 94 96:9058:321 161 45 46 62 79 1820 870 4693 961
92 94:516:418 98
63 92:1245:178 1067
92 93 94:816:203 115 498
4 38 46 47 48 64 65 72 73 74 76 77 78 88 92 93 94 96 97:18872:25 289 100 224 213 360 557 2747 275 217 710 990 1043 297 2706 1006 4897 1125 1091
38 48 72 74 88 92 93 94 96:10094:94 41 566 334 132 4756 207 2935 1029
46 73 74 92 93 94 98:5888:147 49 23 1627 318 3224 500
46 48 50 72 92 94 97:2941:38 45 281 180 773 686 938
46 64 72 73 74 78 92 93 94 96:7280:182 93 453 289 263 277 1488 513 2624 1098
73 74 92 94 97:6394:63 154 3219 2299 659
36 46 72 92 93 94 95 96:6951:88 196 19 2318 316 2945 605 464
2 46 50 51 64 73 74 77 92 93 94:13112:74 660 354 240 165 67 78 10 4678 637 6149
46 47 48 63 64 72 73 74 75 78 92 93 94 96 97 100:19320:81 141 112 236 41 1837 724 490 634 497 3838 989 6508 995 1436 761
46 63 64 72 73 74 88 92 93 94 95:6893:230 784 618 738 66 310 748 956 641 1565 237
72 94 96:919:10 413 496
72 92 93 94:3628:311 521 404 2392
18 30 46 47 50 63 72 73 74 75 78 82 83 88 89 92 93 94 96 97:20204:51 35 116 75 370 57 4186 905 548 360 1531 346 247 1050 403 3520 997 3896 564 947
46 47 73 74 92 93 94 98:8440:119 243 168 30 2523 729 4009 619
36 46 48 73 74 92 93 94 95 96:4907:218 20 54 56 244 2295 377 689 324 630
65 73 92 94 95:3767:65 76 2064 1326 236
2 47 63 92 94 98:1852:11 149 122 396 740 434
92 93 94:2462:603 323 1536
30 72 94 96:1678:46 62 995 575
74 92 93 94:2171:13 1318 81 759
46 47 48 64 72 73 74 92 93 94 96 98:13391:195 334 323 36 7 105 244 4247 934 5242 1018 706
72 73 78 92 93 94:3045:252 64 390 996 300 1043
92 94 96 97:3771:221 2149 529 872
73 92 93 94 97:3232:23 611 486 1533 579
48 65 92 94 97 98:2739:40 296 1026 410 537 430
50 72 74 92 94:1463:291 10 51 494 617
46 47 64 65 74 92 93 94 96 97 98:9503:166 86 449 250 79 3524 373 1787 1104 582 1103
94:190:190
37 40 46 47 48 72 73 87 88 92 93 94 95 96 97 98:17274:101 1067 305 406 82 513 432 371 1148 5014 980 4228 487 487 1137 516
40 46 47 64 67 72 73 74 87 92 93 94 97:14799:2653 119 294 63 677 1021 20 161 600 4468 645 2945 1133
47 63 72 74 92 93 94 96 97:14776:427 576 110 471 5982 619 4485 980 1126
37 46 47 48 63 65 72 73 74 75 76 87 92 93 94 96 97 98:26872:442 129 113 370 214 94 2112 352 1631 508 2912 1550 6143 1682 5203 503 2236 678
46 47 50 63 72 73 74 87 88 92 93 94 95 96 97 99:23181:310 416 848 758 213 188 124 359 1136 7873 966 7787 180 1183 614 226
88:824:824
2 46 47 48 64 65 72 73 74 78 92 93 94 96 97:19887:47 559 350 37 560 110 740 256 54 260 4838 1234 9045 464 1333
46 47 65 67 74 92 93 94 95 96:12455:233 337 487 774 330 4628 1036 3621 423 586
46 47 48 64 73 74 75 92 93 94 96:18596:614 54 358 143 477 873 520 6542 727 6554 1734
93 94:801:323 478
92 94:1945:774 1171
46 47 65 72 73 74 78 92 93 94 95 96 97 98:13005:50 240 414 279 279 1038 546 2577 1063 3970 508 466 687 888
64 72 73 74 92 93 94 97:4216:61 527 36 58 575 270 2156 533
46 48 72 73 74 76 78 92 94 96:7146:37 148 720 320 183 1537 1132 983 1623 463
73:60:60
72 87 92:786:97 485 204
36 64 72 78 92 93 94:5469:178 164 129 889 1357 360 2392
46 65 72 74 75 78 83 88 94 96 98:6584:56 351 457 583 830 1125 505 137 950 1027 563
31 48 57 72 74 93 94 98:2139:73 42 436 168 46 102 641 631
3 63 64 65 72 73 74 76 88 94 96:9368:91 807 588 1919 2584 206 271 1104 791 468 539
46 64 92 93 94:2709:208 62 632 380 1427
46 92 93 94 96:4131:96 1650 250 1484 651
46 47 63 72 92 93 94:2962:168 259 78 328 501 329 1299
48 82 92 93 94:2415:59 1078 253 197 828
47 92 93 94 95:5174:231 1945 136 2629 233
64 92 93 94 96 98:2735:37 339 211 774 579 795
46 63 74 92 93 94 97:7389:86 148 93 2819 191 3223 829
46 63 64 72 73 74 92 93 94:10048:594 69 298 172 24 85 1074 1539 6193
48 92 94:1189:27 574 588
92 93 94:1214:856 194 164
29 46 48 72 73 74 82 92 93 94 95:15977:230 198 202 404 136 49 1832 4407 1164 6665 690
31 36 46 48 55 63 65 72 73 74 75 76 77 80 87 88 92 93 94 96:13629:106 87 217 79 304 675 1248 1656 107 147 1195 795 476 1865 1468 288 1094 836 401 585
3 63 64 65 66 72 73 74 75 76 77 78 87 88 93 94:17995:36 405 2431 1106 1218 2461 63 458 1138 3133 1338 713 620 811 332 1732
64 65 67 72 73 74 76 77 82 87 92 93 94 96 97:14380:421 866 1457 1091 582 279 4685 272 248 188 951 200 1749 827 564
46 48 74 92 93 94:2396:217 139 23 510 152 1355
48 94 97:1020:218 88 714
94:219:219
48 72 92 93 94 97 98:3906:35 297 600 499 1342 690 443
48 72 73 92 93 94:6307:137 82 31 2673 242 3142
48 94:116:59 57
46 94:289:181 108
2 46 47 48 50 65 72 73 74 92 93 94 95 96 97 98:28288:30 345 234 28 388 398 445 82 844 4933 1916 10282 796 2149 4972 446
36 72 87 92 93 94 95:6133:74 19 412 3939 279 1119 291
94:200:200
48 92 93:636:32 427 177
74 92 93 94:5531:65 3980 106 1380
74 93 94:773:79 226 468
7 46 47 72 73 74 92 93 94 95:7630:201 226 41 105 47 39 3544 382 2727 318
46 47 64 72 73 74 76 77 92 93 94 96:8550:39 242 192 46 120 58 642 428 1994 659 3654 476
46 51 73 92 93 94:5767:75 257 145 1946 528 2816
92 93 94:1219:475 329 415
92 93 94:3034:160 662 2212
46 48 51 63 72 73 74 92 93 94 96 97:20428:214 249 229 271 108 121 120 5234 2478 9723 491 1190
47 67 74 82 92 93 94:4932:121 21 88 319 2043 291 2049
72 74 92 93 94 97 100:4910:11 15 1256 275 1939 784 630
46 48 78 92 93:855:54 35 467 133 166
36 46 48 63 72 73 87 92 94 95 96:4426:323 107 44 153 378 55 801 762 752 515 536
47 48 50 63 92 93 94:4198:56 120 312 861 1463 135 1251
37 46 47 72 73 74 78 83 87 92 93 94 95 97 98:17748:465 700 122 620 262 231 303 3127 566 5791 844 2903 723 663 428
73 74 92 93 94:2435:26 213 1039 275 882
92:154:154
64 92 93 94:3043:69 1384 187 1403
50 65 72 92 93 94:4763:367 253 232 2205 389 1317
92 93 94:512:188 74 250
82 92 93 94 95:4109:430 2272 153 945 309
46 72 73 92 93 94:7476:61 53 103 3163 169 3927
30:91:91
72 78 87 92 93 94:2118:454 330 379 311 156 488
65 72 74 82 87 92 94:6151:181 342 289 1063 1001 2353 922
48 72 74 92 93 94:6095:52 21 126 3059 208 2629
47 73 92 93 94 95:4822:116 42 2675 207 1276 506
74 92 93 94 95 96:6805:172 4073 163 1429 457 511
48 74 92 93 94 97:8220:483 72 5457 407 1269 532
46 47 65 72 74 87 88 92 93 94 95 97 98:6780:37 55 145 259 153 420 403 2544 248 526 644 614 732
72 73 92 94 96 97:3541:35 100 456 1796 482 672
65 74 92 94 95 97:6464:159 386 3309 1253 526 831
47 63 64 65 67 72 76 80 83 92:18802:41 400 351 2707 582 125 724 5488 7994 390
46 51 64 72 73 92 93 94:6149:24 262 70 251 32 3355 88 2067
72 92 94:1392:334 413 645
46 47 48 64 72 73 74 87 92 93 94 97:6169:64 84 30 726 211 186 594 279 1814 228 1300 653
36 38 46 74 82 84 87 92 93 94:6017:124 449 166 7 418 90 223 2113 170 2257
94:185:185
74:189:189
48:32:32
94:191:191
92:302:302
49:438:438
48:16:16
92:362:362
93:76:76
94:92:92
92 94:1084:619 465
48:59:59
80:2105:2105
94:66:66
47 64 94:454:59 101 294
46:252:252
75:6630:6630
92:440:440
94:144:144
94:157:157
72 92 93:728:133 410 185
94:220:220
95:276:276
92 93 94:452:199 91 162
92 93:315:126 189
97:1309:1309
47:150:150
48 92:652:99 553
92:270:270
92:570:570
93 94:248:99 149
92:439:439
93:139:139
