64 66 67 72 76 80 82 94:8653:1743 1763 2113 198 1575 971 131 159
56 65 69 72 73 74 77 80:11526:5709 906 1426 146 20 82 329 2908
16 36 55 57 64 65 66 72 73 74 75 76 77 79 80 82 83 84 92 94:48938:188 198 73 251 947 280 1307 2237 327 580 1653 21933 611 892 3228 6638 6515 190 221 669
28 29 36 50 53 56 57 58 63 72 73 74 75 76 77 80 82 83 92 94 96:32911:715 1859 500 423 79 682 220 3131 688 2040 537 1020 450 8196 293 664 8363 352 1017 1113 569
3 63 64 65 67 72 74 75 76 77 83 92 94 95:10174:15 803 395 1124 712 1778 246 1937 1112 190 866 382 348 266
28 53 58 65 67 74 76 77 94:3691:37 878 115 523 619 82 673 119 645
28 53 57 58 63 65 67 72 74 75 77 82 83 88 92 94:17941:654 632 8000 2310 405 1781 1120 231 183 590 252 138 370 396 526 353
26 34 53 54 56 57 58 61 63 72 74 75 77 80 81 82 92 95:38052:1544 67 4412 3467 304 226 807 10659 566 2698 825 1606 1176 2422 5848 326 780 319
33 35 59 61 65 72 74 75 76 77 79 82 83 94 95:27827:2705 3237 14018 2024 355 459 724 438 540 727 357 770 600 441 432
16 26 29 33 54 56 58 61 72 73 74 77 80 81 82 86 87 92:18885:40 354 531 1130 466 91 408 8558 306 345 293 1349 2025 891 734 301 279 784
26 28 53 54 58 61 72 74 76 77 79 80 81 82 92:36689:501 1689 9225 1909 294 14169 971 214 1961 289 641 2444 1367 859 156
28 53 58 61 72 74 75 76 77 79 80 82 87 95:12110:346 291 762 445 933 350 425 1328 471 319 717 2885 2489 349
17 72 75 76 82 86 87 92:17881:332 303 1365 8497 2687 4017 326 354
26 31 47 53 54 56 58 72 75 76 77 80 81 82 87 92:31753:1179 388 37 260 4165 345 2407 3131 718 3658 636 4000 4079 4882 1336 532
26 56 72 73 74 76 77 80 82 83 92 94:20472:139 6206 1838 109 95 595 1111 1154 8368 413 96 348
26 27 29 38 54 56 72 74 76 77 80:10285:14 239 645 230 647 2309 1470 329 683 1677 2042
9 27 29 54 55 56 61 63 72 74 76 77 80 81 82 92:34119:7975 107 549 20 43 257 12232 434 2155 130 1314 1233 4382 2354 440 494
28 35 53 58 65 72 73 74 75 76 77 79 80 81 82 94 97:60980:781 3738 8755 411 840 1869 315 58 8919 2771 1280 374 22706 4255 2676 202 1030
26 28 29 33 34 38 53 54 55 56 58 61 72 76 77 79 80 81 86 92:46476:757 1087 917 19 1046 320 873 819 157 1303 6749 22163 1093 3333 956 775 2430 1207 184 288
31 35 54 56 59 61 72 74 75 76 77 79 81 86 90 92 95 99:36421:410 5521 217 86 213 492 2524 770 1075 521 934 52 1972 80 19798 893 352 511
28 33 53 56 59 63 65 72 74 76 77 78 79 80 81 82 87 92:25278:122 663 1598 2862 4424 220 944 1340 864 1062 1076 822 540 3217 2387 1947 902 288
38 63 76 80:10088:624 1058 1122 7284
68 72 76:3227:2035 252 940
28 53 58 72 76 77 82 86:16930:623 2726 2236 93 1141 124 6074 3913
42 58 65 72 75 77 78 80 82 83 88:21562:212 7572 281 1119 525 476 2915 4903 2899 394 266
80 81:72060:7293 64767
26 54 57 72 73 74 76 92 94:10154:83 342 131 693 120 322 7373 702 388
66 69 73 76 78 83 88:13997:1707 3400 379 3835 2980 1084 612
56 63 65 66 72 73 74 75 78 80 83:20342:805 766 1924 1399 1422 24 362 474 937 11325 904
67:2127:2127
63 64 65 66 67 69 72 74 75 76 77 80 82:15350:1827 512 830 1340 293 5500 1199 153 758 577 155 1313 893
56 57 72 74 82 83:4521:196 393 1817 412 483 1220
57:7068:7068
82:9150:9150
28 53 54 58:6012:632 4560 353 467
58:4983:4983
26 28 55 57:3944:48 274 3029 593
26 54 72:4459:1133 3134 192
34 53 58 79 81:62939:18815 15765 2618 2353 23388
56:1409:1409
28 53 58:11000:920 8283 1797
54 72:77:41 36
28 58 77:4220:305 3302 613
34 58 72 74:3040:523 1744 613 160
58 59:6203:5926 277
16 28 53 58 72 77 79:9202:17 2499 2652 3536 44 291 163
81:79257:79257
27 55 58 77:8998:2407 5584 301 706
26 54 56 72 79:17403:2558 10078 4057 178 532
29 56 77:2951:625 1953 373
76:22600:22600
28 53 58 72 76 77:12194:1383 7305 1768 274 611 853
26 54 72 74:5370:1510 3679 137 44
65:817:817
57 72 75 82:5380:738 1108 474 3060
72 74:319:262 57
31 72 75 76:11683:3976 278 824 6605
72 74 75 76:2445:836 200 900 509
56 57 72 73 74 75 76 77 78 80:44046:7256 462 1860 285 7002 11547 7873 618 651 6492
56 57 64 65 67 72 73 74 75 76 77 78:19006:165 466 474 1005 442 2710 506 921 5936 5304 268 809
63 65 72 74 75 76 78 80 94:67876:454 3516 421 3209 11704 15724 1196 31356 296
64 65 72 75 76 77:28326:634 1730 130 1992 23579 261
69:38314:38314
17 26 27 28 33 34 53 54 55 56 58 59 72 73 74 77 79 80 83 86 92:40938:146 753 229 691 187 46 95 2178 149 2312 5605 961 2445 76 522 2079 238 8108 1202 12699 217
17 23 26 28 31 33 34 54 56 58 72 73 74 76 77 79 81 86 90:34650:154 16 198 767 147 20 300 405 2361 3981 1874 140 90 1170 855 109 4956 9752 7355
24 26 28 36 53 54 56 58 72 74 77 80 82 87 91:30529:23 1182 321 140 2433 3830 3295 482 386 208 169 699 3448 521 13392
3 24 26 28 33 36 54 56 58 59 64 72 77 79 82 86 90 92:35239:13 27 349 1307 891 382 717 632 3367 7235 376 810 655 59 2136 7699 8326 258
17 26 53 58 72 76 82 86 89 90 91 92:37888:118 174 2031 113 747 4659 1898 18654 1299 6624 719 852
10 17 26 28 33 35 36 54 57 58 59 61 72 74 76 77 79 80 82 83 86 92 94:87306:9884 196 513 1380 1825 1346 295 612 119 9032 11032 11462 4274 122 511 1450 425 690 14820 169 16422 291 436
8 17 19 28 29 33 34 53 54 56 58 59 72 73 74 76 77 79 80 81 82 86 90 92:90491:156 25 9 2698 428 560 1266 2146 1344 201 2044 3476 3828 159 1199 1649 4059 873 4235 1800 1340 24524 31702 770
17 72 82 86 87 89 90 91 92 95:50433:23 1159 1210 34060 721 6254 5917 675 166 248
26 28 33 34 35 53 54 56 58 59 61 67 72 74 76 77 79 80 81 82 86 87 88 92 94:84713:1513 1301 2566 1191 600 2871 2429 2162 18121 1400 10097 780 2398 364 1320 3226 198 11914 2107 4487 12442 366 260 345 255
26 28 33 35 50 53 58 59 61 67 72 74 75 76 77 79 80 81 83 92 94:37011:11 390 1774 2633 237 36 2251 7538 6139 260 5303 570 444 3603 855 581 1507 1848 690 200 141
26 28 34 53 54 55 56 58 60 61 62 72 74 76 77 79 80 81 82 83 87 88 92 94:59617:3463 397 581 9045 846 157 1278 14403 27 437 487 3817 1150 1130 2251 1262 4326 7727 2694 869 266 1676 897 431
58:2988:2988
26 54 56 72 74 77:8511:713 3313 3170 280 30 1005
22 86:8498:2448 6050
55 57 72 74:5074:624 1679 819 1952
55 56 64 65 72 74 76 78:16090:316 9752 843 222 750 2112 1330 765
61 65 67 69 70 72 74 92:14696:2398 2066 1872 3342 2381 436 2051 150
28 34 53 58 63 66 72 76 78 80:45373:486 1078 6021 1027 2194 1843 441 30684 727 872
55 57 72 74 75 76 77 80 82 94:37772:256 754 3837 2263 2759 8617 884 4082 14116 204
55 56 57 72 73 74 75 76 77 80 83:36526:930 2942 1851 3674 22 1135 5581 7642 1550 6399 4800
11 18 56 57 61 63 65 72 73 74 75 76 77 78 80 82 83:55681:1022 650 1427 937 14952 532 678 4489 136 808 3977 2852 1108 539 589 13465 7520
16 18 21 27 31 55 57 63 65 72 73 74 75 76 77 80 82 85 88 94:33043:402 36 54 30 1959 1162 205 487 302 2635 617 1129 3241 2770 657 5170 11037 668 418 64
55 57 72 73 74 75 76 77 80 81:61064:90 7076 2217 97 834 428 7647 889 600 41186
54 55 56 57 64 72 73 74 75 76 77 78 82 83 88:50997:5334 1191 1544 4324 745 3685 234 1325 10962 9211 2089 1419 4785 3878 271
55 57 63 65 66 69 72 74 75 76 77 83:23189:91 193 2039 2659 1252 3281 2855 568 2558 5719 858 1116
26 53 54 55 56 57 61 72 73 74 75 76 77 80 81 82:62992:309 48 12166 2187 10385 1266 7838 1560 74 720 1426 785 908 10162 4430 8728
8 54 55 57 58 72 73 74 75 76 77 79 80 82 83:44623:51 2600 1692 1791 137 3712 203 1950 8473 4292 3926 140 4871 8609 2176
55 57 72 74 75 76 77 78 80 83:21712:311 421 2058 2059 3849 5016 691 1000 2097 4210
55 57 64 65 72 74 75 76 78 80 82:26350:1016 959 166 423 2574 464 1292 2174 8942 3730 4610
14 54 55 56 57 72 74 75 76 77 81 83 88:44168:252 2735 301 9083 610 5345 1325 1640 14139 584 5150 2204 800
18 54 55 56 57 58 65 72 74 76 77 80 82 88 94:29779:180 307 90 1088 4070 6850 353 1402 397 831 100 1195 10706 1440 770
14 57 72 73 74 75 76 77 80:38999:437 1835 2040 561 2252 3129 19018 1238 8489
29 54 57 58 63 72 73 74 75 76 77 78 80:44184:536 3329 559 12876 650 2744 345 652 4204 13245 936 744 3364
16 26 55 57 63 72 76 77 78 80 82:15827:254 30 71 1337 2421 918 1831 1137 926 1707 5195
54 56:8816:74 8742
53 58 77:10967:10730 103 134
53 72:4578:3926 652
57:6689:6689
81:14113:14113
80:11883:11883
54 55 72 74 75:14450:16 32 504 9898 4000
55 72 76:13129:11610 1032 487
76:5122:5122
86 99:8576:8509 67
74:130:130
57 67:1724:974 750
55 56 65 72 76 77:32253:59 25977 517 584 3509 1607
53 55 58 61 72 74 75 76 77 80 81 82 87:45775:8407 254 2917 6071 749 442 2717 13690 1353 4001 648 3980 546
13 29 56 72 73 74 76 77 80 82:27242:174 250 6196 3473 773 199 11768 1605 2066 738
58 64 72 73 75 76 77 79 80:42877:1584 85 1370 46 2485 1353 1857 562 33535
80:17691:17691
58 72 76 77 79 81 82 83 88:32731:1399 453 6896 468 130 936 14184 8020 245
16 38 40 72 74 75 76 77 82 92:34257:876 224 681 1403 185 898 3381 1980 24321 308
33 35 59 76 77 81:9998:626 41 7097 928 336 970
26 28 29 34 38 42 53 54 57 58 65 66 72 73 74 76 77 79 80 82 86 87 92 93:54192:48 1647 376 2483 265 392 11412 601 2848 772 1017 2454 1613 314 597 2031 1812 1003 1141 3746 12366 4734 340 180
26 29 33 54 55 57 61 72 75 76 77 80 81 82 86 87 89 95:103202:2280 1325 1277 6022 41 504 8267 1806 6139 4053 1434 43963 2599 11394 5707 1519 4412 460
38 72 74 77 82 86 87 92 93 95:26769:461 1129 398 286 19357 3355 903 576 75 229
26 32 33 35 38 47 54 56 57 58 59 60 72 73 74 76 77 80 81 82 83 92 94:50285:1123 21 844 1151 270 9 3512 388 422 2973 6712 152 2423 415 744 3834 1800 9275 7831 5472 196 304 414
72 77 80:2524:198 170 2156
28 34 58 92:11545:275 1465 9686 119
36 56 58 61 72:18276:334 3514 2753 11308 367
34 53 54 56 58 67 72 74 77 79 80 81:8320:645 304 1380 1366 338 495 221 389 1304 663 547 668
26 38 56 72 73 74 76 77 82 83 86 90 92:47892:14 236 1734 1129 360 327 494 467 10628 617 12433 17967 1486
63 70 72 74 92 94:7879:1221 5472 373 239 436 138
17 54 56 61 72 74 76 77 82 86 87 89 90 95:42199:17 354 2183 1334 1917 88 1084 173 4323 15746 2360 5442 6861 317
55 65 72 76 77 82:3880:222 481 503 1545 45 1084
75 76:13069:950 12119
22 26 28 29 34 36 38 53 54 56 58 72 76 77 80 82 83 86 89 92 94 95:64969:782 609 836 138 624 163 567 5206 542 2403 2535 2012 5616 1006 6381 14157 2467 15713 493 1793 303 623
33 38 54 55 56 59 60 63 72 74 76 77 79 80 82 83 92:20784:284 366 2820 219 188 2794 77 1063 2072 240 567 376 778 1274 6052 1402 212
76 80:109839:104573 5266
28 53 58 72 73 74 76 77 93:12152:1782 5408 355 315 299 172 3160 490 171
75 76 80:67208:2788 28420 36000
72 82 83 86 87 92:14999:26 4285 1577 8236 579 296
28 34 36 53 54 56 58 65 72 73 74 76 77 79 80 92 94:13550:1028 856 381 2405 48 1971 2167 510 561 4 759 683 281 403 626 805 62
17 29 36 54 61 72 74 75 77 80 81 82 83 86 92 94:37175:7 232 313 1876 5442 352 93 546 663 9123 630 2816 189 14452 320 121
10 16 17 26 28 34 53 55 56 58 64 72 74 75 76 77 80 82 83 86 87 90:89333:9570 361 8 123 1330 2372 4288 177 1799 3024 450 3037 395 783 1675 301 704 15708 540 24312 3959 14417
17 26 28 33 53 54 56 58 59 64 72 75 76 77 79 80 82 83 86 87:58435:127 38 68 1735 10468 1023 103 4078 11158 64 1470 928 850 546 111 2988 7420 1465 13199 596
61 72 80:4897:3318 353 1226
16 26 28 34 35 38 42 53 54 56 58 61 67 72 74 76 77 80 82 86 87 92:76589:585 87 1997 270 1806 368 345 5468 535 297 681 23287 15 1418 332 1266 1693 12987 6508 16186 265 193
29 58 72 74 77 80 82 94:10779:1236 2535 516 498 463 1495 3829 207
17 28 33 34 38 53 54 55 56 58 59 61 72 73 74 77 79 80 82 83 86 87 90 92 97 99:59216:9 444 1057 2905 426 121 62 69 187 16239 3660 1558 957 71 923 1883 1378 1623 12281 606 8759 1734 418 351 595 900
16 26 28 29 33 34 53 56 57 58 59 61 72 74 76 77 79 80 82 87 90:53892:1202 802 653 225 604 1905 2962 4252 524 3603 1831 8367 1926 440 490 1357 1102 572 8372 1598 11105
72:47:47
26 28 53 54 56 58 72 74 76 77 83:23880:208 1742 7751 2421 187 6107 315 359 3692 176 922
76 77 80 82 86 87 89:21795:1209 139 1782 12866 4640 734 425
17 57 73 74 76 80 82 86 87 89 92:55227:919 1187 520 222 1304 583 21799 27231 306 982 174
26 28 29 53 54 55 56 58 72 74 76 77 79 80 82 83 87:37690:51 673 4739 240 81 27 9537 3042 3400 2910 1790 336 296 1021 8019 1222 306
16 26 27 39 54 55 56 67 72 77 80 81 82 86 89 92:40497:1536 901 21 573 222 226 3080 961 984 1920 1165 683 8821 14752 4052 600
33 37 59 61 72 73 75 76 77 80 82 86 89 93 95:23183:407 280 298 4680 750 297 629 3671 332 8551 945 1339 559 111 334
17 29 75 79 80 83 86 92:19614:139 1432 1506 590 3497 7368 4976 106
17 22 72 74 76 77 80 82 86 87 92:25342:37 437 176 386 881 1364 842 3725 16680 637 177
16 35 38 56 58 59 61 72 73 74 77 79 80 82 86 89 92:59935:1056 507 501 313 313 270 3518 3806 294 1209 2372 122 558 12186 29811 2513 586
17 26 28 53 54 56 58 72 76 77 79 80 81 82 83 86 95:51379:1733 94 1251 2382 5787 592 614 1350 1323 1139 759 1681 1522 4695 234 25895 328
26 28 29 34 53 54 56 58 64 72 73 74 76 77 80 81 82 86 94:36152:663 674 175 248 2047 2698 2504 132 309 4370 6 776 1338 3134 2120 1192 5082 8392 292
11 16 17 18 26 27 31 38 47 50 56 58 72 73 74 75 76 77 79 82 83 85 86 87 90 92 94 95 97:121951:211 2222 2973 1640 18 18 2198 468 11 179 8683 361 1791 157 1128 1132 2830 1856 365 20387 5075 700 56128 533 9518 410 121 159 679
31 33 38 54 55 59 60 61 69 72 76 77 80 81 82 86 94:45758:338 816 317 29 2118 2761 23 2647 1996 1601 954 1277 5092 1354 10301 13888 246
16 17 24 26 28 33 34 35 38 53 54 55 56 57 58 59 61 72 73 74 76 77 79 80 81 82 83 86 87 90 94:98132:74 1170 7 1042 300 1331 1774 787 829 1729 986 30 4729 1220 3676 1831 16671 6304 75 1162 600 4108 443 5756 4500 1672 129 10534 7233 17224 206
16 38 55 57 59 61 72 74 77 80 82 92 94 99:39423:144 1198 2838 1374 1329 2826 827 18 970 11661 15092 501 222 423
20 80 82:11552:452 6256 4844
16 58 72 76 77 79 80 81:18059:819 2425 757 4506 787 710 5860 2195
53 58 77 80 81 82 86 87 99:20134:101 1565 462 6524 4136 5142 121 1497 586
75:10540:10540
55 72:9066:8875 191
53 58:13257:6714 6543
56:4735:4735
54 56 77:13548:11807 373 1368
54 56 74 75 77 80:18165:6353 7886 194 1660 1490 582
54 72 74 77:5607:4545 668 91 303
54 56 72:4967:106 4439 422
80:4941:4941
28 53 58:12822:1562 10673 587
28 53:6504:430 6074
56:54865:54865
79 86:358:30 328
28 53 58 72 77:18455:1600 8094 444 86 8231
75:772:772
57:11334:11334
80:2635:2635
34 59 61 79 81:31721:5419 228 15496 136 10442
58 61 77 79:17860:15333 340 669 1518
27 54 56 77:5961:1200 3096 92 1573
26 56 77:5342:539 4010 793
34 53 58 81:26846:1265 52 24612 917
54 56 76:14431:12189 721 1521
53 54 56:10710:39 5028 5643
80:4555:4555
74:278:278
77:205:205
26 27 28 29 34 53 54 55 56 57 58 63 65 67 72 73 74 76 77 78 79 80 83 88 94 97:38727:399 568 826 2409 766 2649 6111 624 267 1049 4702 201 551 249 3479 49 1058 3766 1726 1073 778 550 3204 898 88 687
16 26 28 38 46 53 54 55 56 58 61 65 72 74 75 76 77 80 82 83 87 88 92 94:41172:258 530 836 312 255 11248 674 130 856 1906 504 850 4196 1003 935 4842 3456 3289 3599 225 437 555 164 112
28 38 58 65 72 76 77 92 95:8359:53 306 4864 308 736 506 200 1019 367
28 31 33 35 53 54 55 56 59 63 72 73 74 76 77 78 79 80 81 83 88 94:28437:1180 263 2898 1224 1833 1327 405 238 10018 806 2446 166 31 650 565 486 694 1252 475 616 608 256
28 34 35 53 54 56 58 61 72 73 74 77 79 81 94:17484:481 562 226 509 147 1939 2516 8219 692 269 160 211 284 1123 146
28 53 58 72 74 76 77 81:9586:683 2608 3082 173 358 1232 583 867
13 72 80 83 88 92:5595:146 539 1042 1552 2062 254
16 26 54 82 87:16120:24 470 2266 10030 3330
53 56 58 61 72 77 82:28730:116 7556 19063 897 406 127 565
76 80 82:43631:38331 992 4308
26 28 32 36 38 46 53 54 55 56 58 72 74 76 77 78 79 80 82 86 92 94 95 96:60615:60 305 303 436 935 92 359 7812 375 317 1544 1425 539 6784 1102 590 497 636 4694 28579 1431 561 528 711
17 27 28 53 54 56 57 72 74 77 82 86 87 89 90 92 94:75507:26 47 230 1204 139 288 151 640 293 474 16816 47226 2398 913 3075 1458 129
16 28 34 53 58 61 64 65 72 74 76 77 80 82 87 94:72951:329 731 4150 5954 15631 11099 221 607 569 521 2325 277 3144 21691 5172 530
16 17 22 26 36 38 54 55 56 57 61 63 64 65 72 73 74 75 76 77 80 82 86 87 88 92 94:74457:300 806 174 2169 565 249 7127 230 6978 8290 4670 300 1422 558 2467 139 1515 1158 3952 797 553 8128 18018 256 459 2098 1079
13 26 42 54 55 56 72 74 75 77 78 80 82 83 92 94:17480:290 136 451 902 70 350 2410 266 2137 660 1327 1319 6088 606 150 318
16 38 56 65 67 72 74 76 77 79 80 81 82:48084:1564 626 4338 870 428 1323 77 3603 537 282 708 1899 31829
8 16 17 34 38 53 55 58 67 72 73 74 75 76 77 82 83 86 92 94:27378:60 12 609 119 682 124 88 6886 140 335 205 336 585 951 713 1168 112 13388 385 480
16 18 26 27 33 34 35 38 47 53 54 56 58 59 60 61 72 73 74 75 76 77 79 80 82 83 86 92:103803:3413 18 1063 113 4834 1082 4301 331 28 4743 11049 927 8689 21112 99 2243 3837 74 864 561 781 2506 322 3887 25433 705 131 657
16 26 31 38 54 55 56 57 72 74 76 77 80 82 83 86 87 88 90 92 94 99:73097:335 140 248 150 987 88 2993 389 2938 685 1187 962 1522 15751 3152 29080 263 240 11076 145 298 468
17 27 33 38 55 56 58 59 61 65 72 79 80 82 83 86 87 88 92:57466:13 540 1166 981 2567 1177 2609 3082 830 773 453 40 7251 12799 899 17317 2424 641 1904
38 56 58 72 74 75 82 83 86 88 92 95:31484:591 3763 10055 254 205 2326 4816 708 7676 192 568 330
28 29 38 53 56 58 59 65 72 74 77 80 92 94 95:29658:483 264 481 459 2256 14183 147 86 1491 868 460 6907 1052 160 361
16 17 28 38 53 57 63 64 67 72 73 74 75 76 77 80 81 82 83 86 87 89 90 92 94:95134:612 112 1259 650 7979 265 250 319 976 1249 70 409 863 1055 660 1708 1514 18621 85 46132 296 985 7976 577 512
42 46 54 55 65 72 74 76 77 82 83 86 94:21377:221 123 78 425 190 1621 509 2178 162 4364 1148 10069 289
16 26 38 54 56 57 72 73 74 77 78 79 81 82 86 90 92 93 94 96:98551:296 630 1547 4227 250 245 779 193 700 794 1800 132 1041 26345 34370 22066 615 123 904 1494
17 28 33 53 57 58 59 72 74 77 80 82 86 87 89 90 92:73751:111 826 1632 787 249 6595 8881 580 213 760 2175 6235 27135 647 834 15796 295
27 34 53 55 56 57 58 72 74 75 76 77 82 86 89 92:27235:169 560 2511 949 2966 325 107 906 194 631 685 1702 4883 9451 932 264
16 17 18 28 33 34 56 58 59 61 65 72 74 76 77 80 81 82 86 87 89 92 94:91172:844 18 323 72 1625 4807 161 11177 2380 1252 313 1383 292 1175 653 19047 731 16895 25557 511 441 946 569
35 36 38 54 59 61 67 72 73 74 76 77 86 92 94 95:26600:542 254 657 531 734 1021 24 2718 223 110 2346 1563 14991 323 81 482
16 20 24 26 54 56 72 74 75 76 77 79 82 83 86 87 89 90:81200:3399 94 57 401 2873 327 1171 688 432 3192 1656 142 27522 4456 14222 8651 921 10996
17 24 33 38 57 59 72 74 75 77 80 81 82 86 89 90 91 92:80568:1087 35 22 342 4371 2609 2028 182 2454 1698 1645 5759 1911 19166 888 35111 635 625
17 22 72 74 80 82 86 87 88 90 92:46949:28 797 775 208 1673 7672 28161 1502 840 4876 417
36 42 56 72 75 76 77 79 80 81 82 86 87 89 90 92 94:65486:286 377 967 786 512 1357 253 300 1662 1055 4732 37971 4466 818 8119 1392 433
3 17 26 29 54 56 58 61 64 72 73 74 75 76 77 80 81 82 83 86 87 92 94:58067:6 95 659 621 4347 4585 403 3430 788 1337 114 93 497 2776 1560 661 7735 9961 451 16470 538 687 253
10 17 24 26 27 28 54 55 56 57 58 72 76 77 80 81 82 86 87 89 90 92 94:91608:8325 957 209 67 6 640 142 198 875 664 5156 778 1762 463 890 4121 8208 34338 1059 1735 20720 72 223
16 17 27 28 36 42 55 56 58 65 72 73 74 75 77 80 81 82 86 89 92 94:103673:1400 228 259 428 204 189 1016 735 3160 183 2249 147 448 681 1133 17621 444 7818 64366 563 170 231
72 74 77 80 82 87 92 94:9335:662 237 394 2530 3664 1174 447 227
17 24 26 27 55 56 64 72 73 76 77 79 80 81 82 86 87 89 90 92 94:74165:129 62 30 497 1219 182 291 858 12 1837 846 3272 953 675 2180 30345 545 902 28811 385 134
17 76 77 86 89 92:22680:11 525 116 20359 1410 259
16 36 57 72 75 76 80 82 86 87 89 92:33587:23 292 251 1074 8148 3244 3711 3112 976 4965 7048 743
16 28 53 58 72 82 86 87 92:18061:170 723 5892 200 570 3103 3000 3931 472
26 54 72 76 77 79 80 81 82:31437:176 2195 318 2461 107 146 10588 11630 3816
17 26 33 35 55 57 59 61 72 75 77 80 81 82 83 85 86 88 92:46478:31 16 181 2100 86 624 4227 2433 2706 905 2551 695 893 3934 1000 925 22240 400 531
16 17 59 72 82 83 86 87 89 90 94 95:72150:415 42 3188 2169 13247 313 46396 621 1890 3391 172 306
28 31 34 53 54 55 56 57 58 72 74 77 80 81 82 83 86 88 89 90 91 94:105817:116 332 1632 180 255 100 2993 710 4726 498 546 191 8596 8939 2934 1014 28895 187 1883 40249 660 181
17 26 27 28 36 53 54 57 58 72 73 74 79 82 86 87 94:53791:108 33 25 1917 238 8691 1036 106 3474 602 240 93 224 4302 32232 302 168
16 17 26 28 54 55 56 57 72 73 74 77 79 82 86 87 90 92:98878:1096 94 1242 576 6045 426 109 597 1274 69 137 244 1800 26237 25058 537 33002 335
17 38 39 55 56 63 72 74 75 76 77 80 81 82 86 87 90 91 92 94:83017:9 388 635 180 869 113 815 786 600 4769 1168 597 12146 10587 20880 2997 22816 2172 166 324
38 80 82:26383:567 24834 982
17 24 82 83 86 89 90 91:35989:47 81 627 858 9723 514 22711 1428
16 17 23 26 54 56 72 74 77 82 85 86 87 90 92:46502:12 207 16 407 1236 1937 409 241 856 7578 995 17942 532 13824 310
16 17 35 39 56 59 61 67 72 76 77 80 81 82 86:81867:129 155 2865 1025 309 3185 19295 2040 1595 511 770 20074 3145 2912 23857
17 19 20 24 35 58 59 61 72 76 82 86 87 90 91:65663:509 8 265 46 1891 1779 5166 2196 411 484 6356 9033 553 36291 675
29 36 38 53 54 58 61 72 73 75 77 79 80 82 83 86 87 89 90 92 94:57121:229 322 377 86 38 987 4438 552 8 865 357 236 736 2176 1063 39389 708 456 3200 738 160
17 22 26 34 54 56 72 74 76 77 79 81 82 83 86 87:35441:182 196 1442 480 4396 5685 1590 339 735 344 412 1709 229 148 16756 798
16 17 22 24 26 38 54 56 72 73 74 76 77 79 82 83 86 87 89 90 91:81555:51 70 55 16 403 127 1011 1342 710 62 501 2376 2880 289 5741 806 37990 256 975 23086 2808
11 16 28 31 54 55 56 57 58 67 72 74 76 77 79 80 81 82 83 92 93:25961:194 64 1486 332 48 78 1834 613 4748 685 2597 298 1125 2338 267 2149 1412 5305 94 196 98
29 54 55 56 57 72 74 76 77 80 82:23117:471 2279 172 1071 351 2814 1652 1553 1785 5590 5379
72 77:564:414 150
17 29 33 35 56 61 72 74 76 77 79 82 83 86 88:39672:27 383 597 865 751 6751 1673 161 1303 897 325 6575 125 19034 205
23 24 26 28 29 53 54 57 58 61 72 74 77 79 80 82 86 87 90 91 92:62979:78 78 1255 516 564 2009 1100 609 11189 1088 807 132 283 161 727 12511 8058 602 20203 860 149
56:600:600
26 54 72:3707:375 3238 94
28 53 58 72 77:8098:1072 5677 233 369 747
49 72 74 76 77 80 82:50646:537 2133 145 3824 293 6476 37238
26 28 53 54 58:9048:230 1449 4251 2355 763
77:43:43
28 53 58:6447:1200 4656 591
26 54 72 74 77:5341:770 3724 328 34 485
86:6240:6240
28 53 72 77:6967:1482 5096 45 344
56:6586:6586
63 72 82 86 92 94:8775:899 550 1340 125 3776 2085
36 42 47 58 64 72 74 76 77 78 82 83 87 92 93 94 95:29024:195 468 39 130 247 911 34 2453 379 712 15192 808 843 4364 151 1938 160
67 86 89 92 94 95:10571:1074 6086 484 2001 225 701
67 86 89 94:3163:284 2063 457 359
27 39 55 57 72 74 76 82 92 94:8660:225 805 1096 172 454 210 1790 3008 247 653
16 38 57 72 74 75 76 77 80 82 92 93 94 96 98:23382:585 135 758 538 626 624 2727 316 8943 5350 486 113 782 545 854
34 40 64 72 74 76 77 92:6263:703 870 121 790 56 3227 219 277
76 83 92 93 94:3702:2235 848 161 386 72
55 72:653:505 148
63 72 74 82 83 88 92 94 95:12899:1100 350 104 5394 3012 192 2190 222 335
26 38 42 56 63 72 73 74 75 76 77 80 82 83 86 87 92 94 99:40407:365 584 979 383 90 1560 54 69 1020 3337 1085 3136 19601 419 5120 1070 886 204 445
20 36 66 69 70 72 76 77 80 82 87 92:39701:804 425 1295 1774 3878 1659 3032 355 9818 7416 9142 103
38 56 58 64 72 73 74 82 83 86 92 94 95:16689:257 725 778 293 356 63 896 1557 546 2423 5636 2120 1039
38 63 65 66 68 72 73 74 75 82 83 86 92 94 95 97:18325:86 230 486 2073 2650 758 145 1088 420 1879 164 4970 1778 601 296 701
38 65 72 82 87 92 94 99:5980:651 64 308 964 304 2392 1015 282
36 38 73 74 82 92 94 95:4365:447 495 312 200 307 1702 390 512
47 64 65 72 75 76 80 81 82 92:38584:60 674 1167 357 2272 9631 8206 13855 2129 233
4 16 28 36 38 58 63 65 72 73 74 75 76 77 80 81 82 83 85 86 88 92 94 95 96 99:46894:12 62 2225 377 784 4291 1640 1236 2699 77 1176 3743 2934 1105 2856 1039 6836 1542 85 1862 243 5846 1972 863 1202 187
37 38 72 77 82 83 92 93 94:9656:322 639 899 289 2744 247 3485 208 823
38 57 64 67 72 74 75 76 82 83 86 92 94 96:22981:348 378 469 1030 1559 492 482 1801 4596 314 6199 2635 2094 584
72 74 82 92 94:7178:795 321 4420 1149 493
63 74 76 92 94:3801:1993 323 993 127 365
18 29 36 46 63 72 74 75 76 82 83 92 94 95 96:23316:363 788 465 73 274 236 196 523 2712 9776 5450 773 411 275 1001
26 36 38 54 56 57 72 74 75 76 77 82 83 92 94 95 97:23051:25 119 256 3542 173 408 629 10 558 6603 356 7460 378 583 1162 210 579
76:56362:56362
3 27 36 54 56 65 72 76 92 93 94:53598:2 61 384 1853 346 461 185 49083 614 152 457
28 33 53 57 58 72 74 77 79 80 82 92:24613:582 464 9628 531 778 1021 257 1063 102 7358 2585 244
26 28 34 53 58 72 77 79 80 82 83 88 92:18690:1428 1461 106 3228 146 908 1052 166 5125 2798 1391 211 670
34 53 58 72 74 82 92:2714:360 600 442 273 240 682 117
55 72 82:3349:75 91 3183
28 34 38 53 58 63 72 77 80 84 92 94:10246:313 1820 243 2071 3159 246 193 172 821 386 736 86
16 36 38 48 56 64 67 72 74 76 77 82 92:21443:333 103 82 51 4322 1073 774 962 374 610 27 11870 862
26 28 34 36 38 53 54 56 58 63 64 65 72 73 74 77 80 92 94:78486:2799 432 390 303 357 18633 14999 1742 1687 776 444 323 1668 25 432 1346 30237 917 976
28 36 53 54 56 58 64 65 72 74 75 76 77 82 87 92 94:28450:119 136 1245 267 2248 8941 183 1859 623 307 1413 4356 1049 3308 1320 537 539
3 36 38 46 58 64 65 72 73 75 76 81 82 83 92 94:21974:17 243 401 131 6432 1851 95 605 99 437 809 3465 6347 89 570 383
75 76 78:4228:1595 1680 953
26 36 38 42 46 54 55 56 58 61 72 73 74 77 83 86 87 90 92 94 95:71971:225 201 190 320 163 1939 540 541 4135 8410 2202 288 531 862 762 39579 2288 6327 663 932 873
4 26 27 28 29 38 53 54 55 56 57 58 64 72 74 75 76 77 79 80 83:67830:9 2525 18 8283 1027 298 18402 1233 144 14059 220 7523 129 2594 378 3645 4102 1924 539 659 119
73 74 82 83 92 93 94:6080:18 225 1992 500 2787 80 478
36 47 63 69 72 74 76 77 80:16194:177 162 688 5302 1572 387 4022 224 3660
28 33 53 54 55 56 57 58 59 61 64 65 72 73 74 75 76 77 79 80 92:24745:125 740 2138 1461 107 1381 552 498 242 3146 207 417 3803 118 944 672 4751 1258 203 1571 411
35 56 58 59 61 63 65 72 75 77 79 80 81 86:18426:473 1007 219 1684 669 523 318 1300 422 993 669 2165 740 7244
17 26 29 34 56 65 72 75 76 77 79 86 89:29545:1021 25 309 44 2691 349 988 1000 547 2192 400 18632 1347
26 28 36 38 53 54 55 56 57 63 65 72 77 82 93:22327:75 648 226 224 6382 2900 74 596 150 474 455 1800 279 7930 114
36 38 65 72 74 76 77 80 86 92 94:11777:361 207 403 1061 320 698 776 1381 5538 550 482
26 53 54 56 63 65 72 76 77 80 92 95:20637:1070 50 5117 2751 591 528 223 1593 463 7621 256 374
38 72 75 82 86 87 89 92 94 95:32681:178 375 782 4137 9695 12708 4068 250 249 239
26 27 36 46 54 55 56 57 61 65 72 74 76 77 79 80 82 83 88 92 94:22858:634 275 482 55 1558 1127 2407 353 3444 398 1430 396 1576 91 152 3288 2151 2392 212 104 333
8 17 23 28 36 38 53 54 55 56 58 72 73 76 77 82 86 87 89 90 92 94 95:79497:262 92 636 466 240 388 5615 1141 259 356 610 1358 102 600 1150 7434 21447 5414 484 30622 315 206 300
28 34 53 72 73 74 76 77 82 86 87 90:28329:154 329 1948 1110 65 452 3009 334 645 12929 524 6830
24 38 72 73 77 81 82 83 85 86 89 90 91 92 95:64066:24 273 469 255 642 4123 4197 1378 380 26707 2223 6636 15046 1368 345
26 27 28 36 50 53 54 55 56 57 58 63 68 72 74 75 77 81 82 83 86 88 94:32843:947 443 774 198 304 5168 1024 1115 5860 405 625 264 1259 2196 267 1100 1861 835 1114 1819 3466 988 811
24 38 72 77 80 82 85 86 87 89 90 92 94:79541:10 533 885 844 1179 4791 777 39777 307 6941 22422 738 337
22 26 29 36 38 54 72 76 83 86 88 89 92 94:21164:59 186 45 185 348 879 1069 4008 1903 9858 236 1710 295 383
17 24 27 38 57 72 73 74 76 77 80 82 83 86 87 88 90 92 94:38015:7 155 305 334 371 1536 440 190 913 744 864 3501 2992 11363 376 760 12760 164 240
16 20 24 47 56 70 72 73 74 76 80 82 83 87 90 92 94:39908:419 46 223 112 1102 10557 218 46 448 1287 1317 6799 1286 1271 13603 453 721
26 28 34 36 38 40 53 54 56 58 69 72 74 76 77 80 82 83 86 87 92:41396:520 2422 559 138 698 745 3172 3493 300 9966 2378 325 177 2002 1040 1811 2664 496 6719 783 988
17 22 24 36 72 76 77 80 82 83 86 87 89 90 91 92 94:81198:57 567 49 15 646 1829 320 586 10848 1794 26161 1939 467 34312 774 562 272
82:1080:1080
26 38 40 54 56 72 74 75 77 80 82 92 94 97:17736:1447 428 741 347 2768 1288 38 894 785 1881 5863 549 99 608
17 24 26 28 33 54 56 57 58 59 65 72 74 76 77 79 82 86 87 90 91:114665:48 48 142 183 424 408 385 372 907 2465 510 392 155 926 342 58 2542 44628 550 57024 2156
8 16 26 28 34 54 56 58 65 72 73 74 80 82 83 85 92 94:20980:101 289 97 331 50 2482 225 2135 277 994 13 105 764 9793 117 267 953 1987
38 53 56 58 72 73 74 77 79 80 81 82 83 86 89 92 94 95:36114:252 145 6294 274 834 86 234 403 125 2641 847 7624 605 11848 412 2510 450 530
26 38 54 56 72 74 77 82 86 87 89 90 92 95:44497:1140 576 1610 675 818 113 64 4785 24062 1245 4347 4119 502 441
17 18 38 46 54 56 63 64 72 74 75 76 77 80 82 83 86 92 94 96:41057:539 18 435 188 431 3241 1115 488 1575 62 830 8206 529 4241 2889 869 11309 3090 500 502
10 12 16 17 24 26 28 33 54 56 72 73 74 75 76 77 80 81 82 83 86 89 90 92 95 98:111316:10622 2860 121 360 9 152 487 743 2526 478 1044 486 444 830 10035 1823 4846 1841 13687 2165 43542 547 9633 749 676 610
38 63 65 72 73 74 75 76 82 83 85 86 88 92 94:21912:1213 846 139 1173 403 189 463 6649 1905 1236 400 4326 287 1998 685
17 86:18334:1273 17061
76:7860:7860
26 56 77:3958:670 1999 1289
26 54 56 72 77:6173:562 4166 326 893 226
56:13521:13521
28 53 58 59:2768:594 1624 275 275
65 72 76 77 82:4294:533 90 3372 226 73
54 56 63 72 76 77 80 82 83:25449:30 2396 97 2350 2072 756 5871 11819 58
29 53 55 56 57 72 73 74 76 77 78 80 81 82 83 88:84991:7185 4717 8595 7057 3967 3843 163 1546 1824 5440 629 27210 769 131 11633 282
77 80 81 82 95:17958:450 13416 2832 988 272
29 54 55 56 57 64 68 72 73 74 75 76 77 80 82 83:59672:11840 628 3480 8710 1055 710 3424 4557 373 1036 553 4241 243 1149 11122 6551
16 18 26 28 29 31 46 53 54 56 65 67 72 74 75 76 77 79 80 82 83 86 88 95:99920:612 522 1244 2605 144 3570 47 9178 5127 2131 345 855 1094 573 3924 21287 2531 282 3352 11036 8975 20016 241 229
17 23 33 34 35 38 40 55 57 58 59 70 72 74 75 76 77 78 79 80 81 82 86 87 89 90 91 92 95 97 99:107943:23 53 454 567 650 315 746 3225 157 16603 11292 21751 1078 230 803 1439 380 721 339 1556 477 7509 22022 284 1161 9170 1657 281 144 2430 426
55 56 57 64 66 72 73 74 75 76 80:37032:3785 4986 1221 290 4449 4094 657 402 1100 8640 7408
56 57 58 72 75 76 77 80:22549:8055 853 2111 2105 2386 848 355 5836
17 23 28 55 72 76 77 80 82 83 86 87 89 90 91 94:102461:97 573 7 108 1671 733 552 3692 9240 90 19187 4307 14481 44893 2640 190
16 18 26 28 29 39 53 54 56 58 61 63 64 72 73 74 77 79 80 81 82 83 86 87 88:135947:280 334 558 609 563 986 2135 3559 1170 4394 14736 1101 83 2883 80 545 3075 333 8205 32758 22742 17350 8840 258 8370
16 46 57 72 74 75 76 77 80 82 84 86 87 88 94:44599:115 76 250 1226 447 456 3671 50 7536 9145 666 13206 7406 249 100
72 74 76 82 87 92:14155:428 290 584 3279 9231 343
17 28 53 72 76 82 83 86 87 89 90 92 94:70844:938 1196 6213 779 2634 5192 157 34910 958 8167 8495 1106 99
35 54 55 56 57 61 72 73 74 75 76 77 78 79 80 81 82:91932:1634 4630 9488 6827 1342 5843 2234 649 1769 1290 12738 388 950 27879 5479 8708 84
16 18 20 26 27 54 55 56 58 72 74 76 77 80 81:51940:488 73 134 24 269 4560 344 3095 14225 1752 786 3811 1629 607 20143
16 17 26 36 54 56 61 63 64 72 73 74 77 80 82 83 86 87 92 95:74492:1211 356 699 115 1260 5929 3886 600 233 3475 179 457 1348 3240 45899 1126 3279 250 628 322
16 18 20 21 26 31 54 56 57 72 73 74 75 76 77 82 83 88 94:87734:2178 1327 997 763 655 1822 122 5632 405 2772 571 689 897 4042 2177 43751 17762 1126 46
17 24 33 35 58 72 75 76 77 79 80 82 86 87 89 90 91 92 94 96:114623:316 93 17 55 2573 3406 454 1522 914 761 2977 6129 38816 1159 8686 43002 1401 1695 142 505
33 59 61 72 74 76 77 81 83 86 89 90 91 92:89295:1802 2241 3201 1421 250 4906 317 626 1804 38270 946 29445 2835 1231
72 82:12713:1514 11199
72 73 82:14120:945 104 13071
28 53 58:5977:600 4608 769
82 87:17349:16613 736
58 77:4073:2715 1358
54 56 72 77 83:23584:14605 1467 5217 1250 1045
81:14335:14335
69 82:15414:2640 12774
54 56 72 77:14910:13532 210 1017 151
33 53 59 61 81:12471:532 708 9499 818 914
83:21918:21918
28 34 53 55 57 58 72 77:15346:5035 37 5549 164 234 1272 2907 148
72 77 83 88:4990:77 394 2744 1775
53 72:9930:8987 943
56:15734:15734
58 92:15523:15383 140
56 57:3553:3230 323
72 76 77:2956:2324 502 130
54 56 72 74 77:10101:7603 693 262 1247 296
80:7554:7554
57:7713:7713
34 58 81:7101:876 2220 4005
76:1379:1379
81:63772:63772
56 72 76 77 80 82:49631:5996 999 17283 139 21246 3968
16 26 34 40 53 54 56 58 65 72 74 77 80 81 82 83:43307:1157 802 1260 789 7221 8708 905 918 295 1683 224 296 1390 6209 9530 1920
17 26 29 38 47 54 56 72 73 74 77 79 82 86 87 90 92 93 94:47007:312 237 51 161 3 2514 3450 3753 418 282 1881 60 3527 18076 307 10437 1236 160 142
17 34 38 53 58 72 73 74 75 77 79 81 82 83 86 87 88 90 92:38818:17 1528 291 95 1442 1480 289 190 2188 760 293 3450 546 1406 7350 7680 201 9338 274
28 32 33 34 53 58 59 61 72 76 77 79 80 81 87:77494:312 404 5192 2520 2035 8880 10441 472 299 11226 1767 391 26146 4366 3043
72 76 77 80 82 87 92 99:9001:608 1470 60 2900 2014 784 451 714
33 35 36 53 55 57 58 59 61 72 75 77 80 94:19891:407 566 262 2263 16 450 4416 2690 4900 1424 863 322 559 753
9 26 29 34 38 54 56 72 74 77 78 83 94:16947:6454 134 492 1891 126 325 3192 1836 722 739 650 112 274
65 72 74 75 76 77 82 92:17083:264 304 814 1182 2823 1690 9764 242
72 74 82 83 88:10361:640 88 6914 2238 481
67 72:1436:1029 407
63 65 70 72 73 74:6521:870 298 2655 1129 195 1374
72 74 83 88:5515:562 388 4331 234
16 18 20 64 72 74 76 78 81 82 83:38369:280 598 686 408 3506 414 1328 656 2411 23272 4810
53 56 76 80 81 90:17939:373 1661 1055 3400 1113 10337
33 57 58 72 74 77:32533:20 14911 16815 105 143 539
8 28 38 53 57 58 63 64 65 67 68 72 73 74 75 76 80 81 82 83 88 92:34479:241 855 115 3339 1310 266 1216 730 1410 1109 1125 845 448 747 2855 8300 3789 3044 413 178 1449 695
11 17 26 28 34 53 54 57 58 72 76 77 82 83 86 88 90 92 94:34338:249 8 24 464 90 1107 146 249 7466 2233 1611 173 409 216 8314 249 10532 593 205
16 21 26 28 34 38 53 54 55 56 58 64 72 74 76 77 82 92 94:32484:24 370 407 906 739 579 5086 2135 31 538 2869 260 1037 304 1676 1628 12641 381 873
16 17 24 28 33 35 58 59 72 74 75 82 83 86 87 90 91 92 96:129122:57 95 25 447 836 2581 2498 6316 462 54 546 16551 123 28448 1482 64303 2622 662 1014
17 23 26 27 28 33 34 35 53 54 55 56 57 58 59 61 72 73 74 76 77 78 81 82 83 86 88 89 90 91 92:81861:49 196 421 282 475 2645 43 976 1349 2274 956 207 1705 911 5930 5861 310 181 281 534 1759 568 906 1838 1354 9914 832 1037 35924 1447 696
17 33 35 59 61 72 79 86 89:20530:14 2336 417 5434 2292 351 475 5422 3789
46 64 67 72 73 74 75 76 78 83 88:8909:39 525 1217 1355 170 133 849 1450 500 2190 481
17 29 36 38 56 64 72 74 76 77 80 81 82 83 86 87 90 92 94:60046:9 1478 248 1011 12653 389 2773 256 670 1314 712 4938 1958 526 24232 519 4081 1904 375
17 56 72 76 77 80 81 82 86 87 90 92 94:75582:16 3292 2080 1832 1116 577 1384 12474 31065 552 19892 1130 172
17 22 24 28 34 38 46 53 56 58 72 73 74 77 80 81 82 86 87 89 90 92 94:95290:320 658 80 847 774 256 58 4633 429 3549 1880 207 799 2256 1022 1173 3526 45154 590 5463 21018 255 343
36 38 54 55 56 72 74 76 77 80 82 92:16072:307 314 162 174 3759 2162 1615 4941 576 644 1224 194
16 18 63 65 66 67 69 72 73 74 75 76 77 82 83:35475:506 22 636 1582 1200 1936 1398 1086 336 760 4072 16642 161 4530 608
57 63 65 66 72 73 74 75 76 77 87 88:16518:1681 680 694 3881 2142 616 1617 1125 1016 584 1307 1175
16 28 54 56 63 64 72 74 76 77 82 83 88:54030:2391 967 9397 4798 386 200 1779 225 4379 4366 19078 5424 640
17 27 38 47 55 56 64 72 74 76 77 80 82 86 90 92 94:59064:665 37 161 21 65 1444 91 3385 364 2678 240 7538 2520 27485 10230 1401 739
16 17 77 82 83 86 89 90 92:36167:1036 8 534 15352 576 14138 438 3153 932
60 64 65 72 74 75 76 77 80:21809:945 322 156 1065 1245 12807 3656 94 1519
54 56 57 62 72 73 74 75 76 77 79 80:32000:140 7259 6143 333 5095 197 1265 780 4136 552 231 5869
24 26 27 28 29 56 66 72 74 76 77 80 82 86 90 92 94 95:55333:116 640 42 183 161 2651 1150 1568 217 2403 1696 1148 1669 30091 10811 448 86 253
53 54 55 56 57 58 72 73 74 75 76 77 80:59309:180 5797 4799 10052 1952 4742 6655 879 425 3353 2351 2064 16060
31 55 56 64 72 74 75 76 77 78 82 86:38075:1141 554 1924 320 1730 132 2401 4117 286 4204 11672 9594
23 28 38 53 55 58 59 63 72 73 74 77 81 82 86 90 92 94 95:37249:229 191 186 597 42 1754 149 302 2509 18 171 1087 628 4536 17457 6197 315 523 358
17 38 55 72 73 74 77 80 82 86 89 90 92:62308:1376 394 101 1609 55 251 252 1016 3436 25552 10043 17813 410
55 57 65 72 73 74 75 76 78 82:32121:1159 6546 300 4296 56 1210 7138 8209 490 2717
16 26 54 55 56 57 72 74 76 77 80 82 83 87:53713:131 32 4345 724 313 8211 4540 515 2838 4149 16220 6192 5004 499
16 17 26 34 53 54 55 56 57 58 65 67 72 73 74 76 77 78 79 80 82 83 86 92 94:51540:1262 563 540 301 1361 1983 122 3025 820 5197 705 1047 2640 664 825 3093 831 624 348 5243 11243 405 7377 971 350
16 18 26 29 38 53 55 58 63 64 65 72 73 74 75 76 77 80 82 83 86 88 94:70352:98 238 32 827 315 2906 6094 294 1640 182 1335 3275 124 453 7496 3011 1287 704 20356 9201 9594 652 238
17 24 26 28 53 54 56 58 72 73 76 77 80 82 86 87 89 90 91 92 94:106768:133 101 324 681 1462 60 2208 1627 2399 189 1223 1227 1617 17522 37730 521 2861 31584 2720 375 204
15 24 54 55 72 73 76 77 80 82 86 87 89 90 91:75639:9468 44 52 248 323 25 1007 575 1908 3078 15757 718 1039 37947 3450
29 82:8991:1009 7982
57:3500:3500
55 72 73 74:10388:9536 534 61 257
54 56 72:11272:1769 431 9072
8 9 13 54 72 73 76 77 82 83:14528:68 16 212 2622 1266 153 677 184 9259 71
54 56 77:5434:4825 103 506
16 20 72 82 87:17153:1104 768 2726 9651 2904
26 54 56 72 73 77:14006:1327 11339 567 704 34 35
55 57 72 74 82:6512:4082 1893 241 256 40
54 56:3936:3030 906
56:5291:5291
26 54 56 73:8789:885 7605 149 150
26 32 54 56:8411:2114 26 2334 3937
26 28 34 53 77:4977:16 924 249 3276 512
26 54 73 74:7158:991 6013 81 73
81:5855:5855
58:8020:8020
61 81:14105:815 13290
29 34 56 58 65 72 74 75 76 77 79 80:40015:2707 508 18204 1870 147 541 140 898 12610 585 981 824
54 56 57 72 74 75 76 77 80 82:27849:40 171 1673 5039 140 5323 1006 474 3864 10119
28 34 36 53 56 58 72 73 74 75 92:6008:282 457 338 552 694 553 1085 210 307 1317 213
29 31 56 65 72 73 75 76 77 81 96:15053:446 1858 1010 875 2519 244 1118 2355 1133 2950 545
54 55 57 72 73 74 75 76 77 79 82 83 88:38202:4356 2090 3779 6475 254 394 4674 2724 554 1680 5418 5602 202
54 55 72 73 74 75 76 77 80 82 87:38524:43 436 2403 232 60 4660 1525 168 628 28094 275
35 36 42 55 58 59 72 74 76 77 92:10006:400 384 248 354 239 1417 1287 110 4475 659 433
27 45 65 72 74 77 78 82:6736:38 865 224 1333 551 1192 520 2013
36 63 65 72 73 74 75 77 78 92 94:5282:377 146 476 108 74 242 553 728 1609 137 832
28 38 53 58 72 74 76 77 94 96:7935:354 356 101 1862 2505 208 570 1200 278 501
72 74 75 76 77 82 83 87:21668:1261 531 1525 2655 609 5804 6421 2862
8 17 26 28 49 53 54 56 57 58 63 64 65 67 72 73 74 75 76 77 78 88 93 94:37327:131 344 3328 1323 332 7356 6837 3225 261 161 701 1794 1593 500 2958 182 36 1200 2807 922 642 330 134 230
26 29 34 53 55 56 57 59 61 72 74 76 77 80 82 83 86 89 92:30355:226 187 975 4403 236 116 147 2107 348 1445 472 1819 764 1773 1376 1353 10407 556 1645
28 34 46 53 55 57 67 72 75 80 82 86 92 93 94:28907:646 1004 212 4532 65 181 1132 1226 7689 674 1200 9063 624 215 444
16 36 38 42 65 72 77 80 82 86 87 92 94 95:11161:338 65 397 319 569 304 454 2266 2409 1437 410 1607 197 389
26 56 64 65 67 72 73 74 75 76 78 80 83 84 87 88 92:23580:80 5406 1107 320 2225 1107 199 1653 2181 2087 600 2782 171 250 3105 250 57
16 17 29 35 54 56 59 61 72 74 77 83 86 87 90 92 94:37557:18 782 494 357 4062 212 811 2454 1380 277 342 1395 11303 359 12852 194 265
28 34 53 58 72 74:6859:471 173 3195 2540 293 187
26 28 32 53 54 55 56 58 72 76 77 79:10324:399 328 18 2618 4389 74 175 414 457 621 202 629
26 27 28 38 54 55 56 57 63 64 65 66 69 72 73 74 76 77 78 81 82 83 92 93 94:33232:292 435 18 430 3337 2794 7674 366 343 712 839 3901 1521 1176 71 933 1300 820 516 1550 1442 1221 1040 316 185
81:32465:32465
26 27 28 34 36 38 50 54 55 56 57 63 64 65 72 74 75 76 77 78 94:40297:4257 114 1203 1678 300 153 235 262 738 113 9046 1438 560 1546 2858 1606 1843 6605 3110 2503 129
26 28 38 53 54 56 57 58 72 73 74 76 77 79 82 83 87 92 94:18693:524 837 565 2559 2452 1308 678 1945 705 17 7 526 574 221 1810 687 564 2316 398
38 56 58 72 75 77 79 83 86 92:22502:307 4020 578 217 452 500 336 1056 14542 494
17 23 24 26 28 53 54 58 72 74 76 77 80 81 82 83 86 89 90 91 92 95:112943:386 74 31 473 1832 4746 2644 6393 1073 268 1296 250 2034 778 6078 445 43473 1017 38335 636 344 337
28 33 34 35 36 53 58 59 61 63 65 66 70 72 73 74 75 76 77 80 94:46889:365 141 215 121 130 5151 2040 702 12488 304 1059 1653 5102 4114 438 477 529 647 2400 8716 97
18 26 28 56 58 72 73 74 75 76 77 82 83 86 87 88 92:40145:418 112 65 7117 2376 1928 46 59 515 510 2459 10958 8979 2798 317 212 1276
72 76 82 87 94:9069:114 805 7117 713 320
16 18 21 35 65 72 76 77 80 82 83 88 94:41771:1256 1241 585 388 165 5448 5089 524 12727 6498 2120 5650 80
26 31 54 56 57 63 64 65 72 75 76 77 80 82 83 87:31555:250 1034 49 2559 368 728 647 318 933 495 559 228 622 18081 3060 1624
16 26 27 28 31 34 53 57 58 63 64 72 74 76 77 80 82 92:73856:191 11 810 441 316 2779 9086 4058 8368 70 486 1150 57 4426 1011 6184 34282 130
16 17 22 26 28 34 36 53 54 56 58 72 73 74 77 82 86 92:48526:416 642 1565 321 2296 137 301 8727 7565 863 2901 1002 218 577 569 4649 15178 599
72 78 79 80 82 88:27489:875 500 548 2294 22633 639
72 74 77 82:4519:321 179 88 3931
3 26 36 47 50 54 55 56 57 58 65 67 72 74 75 76 77 80 82 83 92 94 96:24302:42 558 211 39 194 2186 80 170 697 1453 1195 465 2367 2186 1117 1073 612 1614 3198 2077 1442 799 527
8 65 66 67 72 75 76 77 80 88:18244:1128 1352 1192 631 1939 2365 7969 392 804 472
26 29 44 56 58 61 72 74 76 77 81 83 87 88 92 100:25550:716 499 1157 1030 4913 2043 1645 65 994 835 2504 1824 1285 4775 518 747
72 76 77 80 82 92:15478:197 3913 26 584 10304 454
57 65 72 74 75 76 77 80:12774:1427 442 954 555 426 5535 765 2670
57 65 72 73 74 75 76 77 80 84:20555:4156 16 3401 131 5560 3043 1621 242 1140 1245
8 64 65 72 74 75 76 80 83 85 94:16873:162 1064 3269 1395 1087 612 7315 942 740 141 146
16 17 20 72 74 76 77 79 80 83 86 87 88 90 91:30672:347 24 980 2428 198 1994 388 166 579 448 8904 7954 195 5432 635
17 33 35 53 59 61 72 74 75 76 77 80 81 82 83 86 87:29062:48 889 869 342 1667 1744 139 36 471 1592 267 2134 1458 5596 324 9519 1967
58 80 86 99 100:15568:5155 726 8157 839 691
17 22 24 29 36 56 57 72 77 82 83 86 89 90 91 94:59349:170 34 73 818 358 3179 160 1506 23 1886 766 23014 807 25438 929 188
72 74 76 77 80 82 83 86 89 90 91:68109:439 330 5817 993 1342 14362 1871 27673 1675 12965 642
17 26 29 53 56 63 72 76 77 81 86 99:27326:583 535 45 45 1991 977 691 8795 60 2275 10870 459
17 26 34 38 53 54 56 58 72 73 74 77 80 82 83 86 87 89 90 92 94:81317:263 346 242 308 1105 1689 271 3097 2062 29 495 1841 1241 1184 1286 56350 1783 513 6473 418 321
26 27 28 36 53 58 72 76 77 80 82 86 90 92:37530:11 11 501 334 5332 1556 170 817 546 991 521 15876 10634 230
58 72 74 77 92 95:1524:158 243 184 462 233 244
42 72 74 76 77 86:4636:308 1381 201 587 308 1851
17 24 76 82 86 89 90 91 92 99:86485:69 102 776 2531 17372 1398 57688 5131 970 448
22 28 38 53 56 58 72 73 74 77 82 83 86 89 90 91 92 94 96:68741:180 987 130 5224 7036 241 759 69 56 422 3744 56 26314 1205 18190 1496 1917 200 515
17 42 72 82 86 87 89 90 92 95:66561:606 334 368 2318 50548 2051 2741 6501 546 548
16 17 23 24 53 57 58 72 76 77 80 82 83 86 87 89 90 92 95:75664:48 31 685 41 2411 452 277 2288 644 126 688 7184 766 27413 2680 7811 21608 175 336
24 38 74 76 77 82 86 87 90 91 92:74621:45 476 109 702 881 6154 10635 830 50047 4068 674
33 55 59 72 75 76 79 82 83 86 87 95:19367:1049 139 2404 395 884 501 355 3359 891 8393 587 410
26 28 54 56 58 82 87 90:55889:288 796 2215 274 3150 5093 757 43316
86:13008:13008
29 54 72:18612:970 15236 2406
54 56 72 74 77:11989:10413 298 425 95 758
28 53 58 80:14033:1764 358 9691 2220
53 58 77:5574:3079 529 1966
54:6758:6758
54 55 56 72 77 80:19739:3322 82 11011 243 1736 3345
26 54 56 72 73 77:9835:714 76 8476 280 160 129
18 26 72 82 83:13531:424 52 568 11702 785
33 59 61 81:29498:5172 16939 6803 584
18 26 72 77 83 88:19784:1033 77 1748 237 16497 192
54 56:8549:4792 3757
17 55 77 79 82 86:7684:357 1207 609 111 66 5334
62 72 82:12569:376 421 11772
81:74304:74304
27 65 72 73 74 76 78:27223:1839 3761 319 407 5596 3844 11457
28 58 74:3090:254 2567 269
72 83:289:145 144
72 74 75 82:8473:434 436 593 7010
18 54 56 72 74 76 77 79 80 82 83 88:73127:487 4131 171 2591 272 648 992 192 1298 10954 50934 457
18 57 72 73 74 76 77 80 82 83 87 88:51357:106 685 1695 43 592 10000 1155 680 21104 14564 254 479
18 55 65 72 74 75 76 77 80 82 83 88:54015:284 706 1022 3845 282 479 1040 6045 1879 14998 22269 1166
16 18 26 32 53 54 56 57 58 66 72 73 74 76 77 80 81 82 83 88 94:95851:321 480 915 11 11767 8602 19531 940 777 1939 5760 418 462 5913 1179 3729 1252 11083 20165 397 210
16 20 21 26 28 34 54 56 58 63 64 72 74 76 77 79 80 82 83 87:92459:226 362 40 5198 75 410 29054 3508 3912 1269 480 3836 151 2905 854 47 15794 19375 4292 671
57 63 72 73 75 76 78 81 82 83 88:24756:188 864 773 72 2330 510 719 7928 816 10099 457
26 54 55 56 57 64 72 73 74 75 76 77 78 80 83 94 96:18101:258 430 390 244 436 519 2249 406 169 2547 4437 228 1389 2809 402 240 948
55 64 69 72 76 77 78 80 82 83 92:15149:129 430 3931 344 3436 58 599 3167 2762 112 181
72:59:59
72 77 82:5039:423 69 4547
18 29 61 65 72 74 76 77 80 81 82 83 88:57960:331 933 5799 254 1548 1520 9203 239 13620 3334 5680 15060 439
72:173:173
16 31 53 54 55 56 64 72 74 76 77 80 81 82 83 87 88:85908:101 463 137 5362 2976 4258 153 6528 492 2062 3461 8068 829 6287 24852 11080 8799
9 13 56 64 72 73 74 75 76 77 78 83 87 94:33218:3758 340 322 253 6255 904 1217 4417 3783 805 1951 7982 878 353
16 28 32 56 58 63 64 65 72 73 74 75 76 77 78 82 83 88 94:60714:1587 3059 5209 1026 17763 733 4154 796 2105 229 747 1904 6055 930 1006 12292 350 561 208
58 63 64 65 66 67 72 73 75 76 77 78 80 82 86 94:60520:8785 1959 1019 3397 2006 1861 999 720 5472 8805 786 4799 3528 92 15928 364
21 29 31 56 72 75 76 77 79 83 88 92:58112:203 3399 14604 12663 2935 768 4418 1035 176 8772 8751 388
16 20 21 26 27 29 54 55 56 72 74 75 77 79 80 82 83 87:68256:287 171 85 10659 14 48 3769 154 2803 2662 157 743 1874 121 4245 30537 2890 7037
40 55 63 64 65 67 72 74 75 76 77 80 82 86 94:27232:2873 79 2868 456 1968 1244 1811 1698 1575 1310 1191 2394 681 5761 1323
21 29 64 72 74 75 76 77 82:13842:262 201 122 1064 1253 544 5645 352 4399
63 65 72 73 74 75 76 77 78:11021:1200 300 1577 145 1360 2149 3422 208 660
54 55 57 64 65 66 67 72 73 74 75 76 77 82 83:19727:37 463 129 587 2916 2361 521 3685 37 1272 3103 2599 610 989 418
38 63 65 72 73 74 76 83 92:8744:118 384 378 800 2053 1642 754 2328 287
30 65 72 76:5050:3721 600 88 641
28 31 55 58 63 64 65 72 74 75 76 77 78 80 81 83:29485:1888 43 573 5583 445 589 2565 303 210 1003 3114 865 1064 5096 1416 4728
46 63 64 65 72 73 74 75 76 80 82 83 92 93 94:9699:72 592 834 600 2621 180 980 1513 517 653 135 122 369 153 358
16 20 28 38 53 58 72 73 76 77 80 82 86 92 95:40404:1240 41 380 301 2097 508 916 97 737 179 5709 18855 8325 703 316
72 74 80 82 86 87 92 94:45410:352 26 23097 15010 2574 3819 464 68
17 54 55 56 72 73 74 80 82 83 86 87 89 90:49807:74 637 101 7674 679 67 63 589 9660 883 19310 1147 507 8416
16 17 23 24 26 28 53 54 56 58 65 74 75 77 79 80 81 82 86 87 89 90 91 92 95 97:84631:10 82 294 96 119 647 1296 170 9432 2079 311 226 576 999 222 1551 551 2753 26687 545 10104 23827 683 345 441 585
34 61 65 72 74 80 82 87 90 92:42732:3117 10366 665 182 252 939 11020 3864 11196 1131
16 20 26 29 31 35 54 55 56 59 65 66 67 69 72 73 74 75 76 77 80 82 83 94:56690:672 183 1556 146 117 1221 5204 332 1917 5662 1688 1301 169 1440 1493 109 1544 680 3068 14452 5942 6722 274 798
33 59 72 73 74 76 77 82 83 86 87 89 90 92 94:48064:2659 11161 1487 382 176 493 609 9591 2931 6170 4449 493 7013 240 210
11 16 17 28 36 58 63 64 65 67 72 73 74 76 77 80 82 83 88 92 94:32271:247 1222 920 836 407 4877 430 544 1130 378 1810 208 252 7513 2447 844 5238 430 495 1178 865
26 29 31 33 34 53 54 56 57 59 61 62 65 72 74 76 77 80 82 83 86 87 90:50869:11 204 902 959 351 2017 1264 1218 1444 4698 1676 206 320 1440 760 742 987 4343 8868 1690 5700 3242 7827
17 24 26 28 29 53 54 56 58 64 65 72 73 74 75 76 79 80 81 82 83 86 88 90 92 94:87798:110 34 148 1893 42 4601 1911 116 2129 300 653 1926 53 308 571 637 553 10518 14121 8866 507 16652 193 19624 1064 268
10 28 34 36 53 54 56 57 58 63 65 67 72 73 74 75 76 77 80 81 82 83 92 94:41244:5850 1550 1513 401 226 674 450 2921 7946 533 156 1269 3244 300 227 1927 2507 300 1170 1568 4802 536 820 354
24 26 54 56 61 64 72 74 75 82 87 90 91 95:103971:38 486 2600 553 50260 300 1760 403 478 4296 13150 27313 1961 373
33 58 59 72 74 76 79 80 81 86 92 94:27940:850 1127 11033 541 764 5742 1746 1365 637 2696 1217 222
72 77:3608:1235 2373
53 58 72 77:12504:11489 657 276 82
74 77 82 83:5987:38 1704 4139 106
55 72 74 77:4849:4304 97 129 319
56:10625:10625
28 54 56 77:6387:454 4484 406 1043
53 54 56 58:4665:97 2392 1899 277
55 57:6201:5355 846
28 34 53 58 72 77 80:15094:75 2902 8182 1750 156 889 1140
54 56 77:8717:8019 89 609
28 53 58 72:4827:1031 2951 416 429
16 54 56 72 77 82:14591:954 7931 500 198 1189 3819
76:43448:43448
26 54:6931:289 6642
72 77 82:13818:348 946 12524
26 54 77:6865:390 5982 493
26 54 76:6705:819 5256 630
26 77:12973:1211 11762
16 55 57 72 82:14965:150 709 232 1359 12515
81:24584:24584
69:21800:21800
80:47339:47339
76:11904:11904
92 95 99:4782:434 1343 3005
38 92 94 95 99 100:11616:238 544 245 3951 5968 670
92 95 99 101:14879:1301 2582 9849 1147
99 100:3196:2527 669
92 95 99:5009:392 497 4120
99:863:863
56 57 92 95 97 99 100 101:42689:3023 13513 1024 2292 1236 15241 3909 2451
47 92 95 99 100:10038:24 507 1666 6729 1112
95 99:1041:471 570
67 92 95 97 99 100:17425:48 1295 2144 639 11343 1956
80 92 95 99:16241:5099 370 5982 4790
92 95 99:7108:1627 3046 2435
95:820:820
46 95 99:1683:30 1001 652
47 92 95 99 100:5444:81 1039 923 2773 628
47 65 92 95 97 99 100:8045:163 277 536 2444 575 3357 693
92 95 99 100:6790:1980 1069 2328 1413
87 92 95 97 99 100:10677:1087 1316 3558 598 3468 650
47 57 76 89 92 95 97 99 100 101:18742:50 139 667 528 1488 4119 1186 6751 1561 2253
48 92 95 97 99 100 101:15940:27 1291 6942 580 3160 2842 1098
95 99 100:11026:2688 7663 675
92 95 99 101:6690:495 1967 3045 1183
80 95 99 100:27561:9684 9386 7171 1320
95 99:2024:809 1215
95 99:1699:1142 557
92 95 99 100 101:12933:1814 5778 2753 641 1947
92 95 97 99 100 101:21526:700 2674 1498 11210 2809 2635
92 95 99 100:7978:470 4401 2249 858
92 99:695:236 459
92 95 99:4377:652 2524 1201
92 95 97 99:3340:961 1265 668 446
92 95 97 99:5668:938 3611 697 422
42 76 77 92 94 95 99:6834:242 3704 509 712 232 949 486
99 101:9417:4154 5263
92 95 97 99 101:20834:227 411 843 8529 10824
95 99 101:6943:510 1628 4805
99 101:7307:3695 3612
26 54 56 72 77 82 86 89 92:18190:458 2490 521 729 514 2696 9814 534 434
38 72 74 76 82 83 86 87 89 90 91 92 96:30002:332 800 148 535 2767 1598 13140 336 573 7814 758 712 489
38 76 83 86 89 92 95:20824:416 636 896 14781 1363 1917 815
24 38 42 77 86 90 92:21188:16 755 318 578 6541 11242 1738
72 82 86 92 100:8169:315 1072 5274 823 685
80 86 89 90 91:46051:18775 11904 9038 5690 644
17 24 36 38 72 77 82 83 86 87 90 91 92 94 95:32621:103 10 206 610 583 175 6474 995 10314 2691 6748 1512 1277 241 682
82 86 87 89 90:9607:2110 3268 693 497 3039
72 82 86 87 88 92 95:5841:43 1196 2453 534 859 310 446
74 83 86:3874:240 802 2832
24 38 72 73 74 80 82 83 86 88 89 90 92 94 95:34479:9 260 467 197 79 784 8611 378 12567 425 5490 3411 1099 350 352
17 74 76 77 82 86 87 89 90 92 94:29226:8 192 488 1003 2670 16248 332 900 5459 1460 466
28 36 38 58 65 72 73 74 76 77 82 83 86 89 90 91 92 94:37865:252 793 638 1742 282 871 24 259 1605 140 3023 924 10547 4969 8767 646 1834 549
3 18 26 27 31 36 38 54 55 56 57 64 65 72 73 74 75 76 77 80 82 83 86 87 88 89 90 92 93 94 95 99:158165:22 92 922 246 727 398 1547 3841 2916 134 2283 593 1345 6303 228 1096 1521 570 2048 9932 40911 7870 45258 1898 199 14286 3305 5783 164 357 576 794
86:2932:2932
74 82 86 87 92 94:8097:83 4492 2756 278 411 77
90 91:24763:23482 1281
36 38 47 64 65 72 74 80 82 83 86 92 94:14050:220 169 15 190 980 1095 123 1682 1433 479 7143 201 320
20 38 64 76 77 79 82 92:6033:37 353 119 561 497 284 3846 336
3 16 17 18 24 38 46 54 56 65 72 73 74 76 77 80 82 83 86 87 88 89 90 92 94 95 96:167169:11 1892 7 29 152 829 22 14 503 513 2663 170 1004 14715 375 6116 20059 3644 35424 570 11361 11848 50879 2243 1054 568 504
17 24 72 76 82 83 86 87 88 89 90 92 94:66139:32 82 636 1693 15810 1764 17759 837 2115 536 23316 1419 140
24 38 42 72 73 82 83 85 86 87 90 92:23448:69 915 372 69 129 2392 1736 100 6946 2431 6166 2123
24 36 38 82 86 87 89 90 92 94 95 96:44168:91 41 1010 11839 4735 251 422 21914 2194 303 536 832
86 87 89 92:5465:3866 833 433 333
17 36 38 65 67 72 73 74 77 80 82 83 86 87 89 90 92 94 95 96:78369:283 78 980 926 177 3134 69 821 313 641 12527 1394 34759 905 2684 12814 3246 919 1134 565
17 38 42 82 86 89 92 94:17023:262 287 348 1870 11800 1675 522 259
82 86 87 89 90 91:28262:3594 2774 578 4212 15713 1391
72 86 89 92 94 95 97:18712:336 13685 2460 667 204 449 911
3 8 17 20 28 46 53 55 58 72 75 77 78 81 82 83 86 87 89 90 91 92 94 95 100:66830:58 151 27 472 539 32 2250 151 439 739 1261 71 827 543 6841 2374 19631 1031 1294 5024 19391 2226 284 404 770
36:118:118
17 22 49 82 83 86 89 92:18839:74 1376 249 3938 2275 9942 446 539
16 82 86 87 92 95:9604:167 1555 6107 267 1228 280
82 87:10424:9280 1144
16 76 82 86 87 89 92 99:30839:436 778 3289 2548 9882 12291 748 867
38 72 74 82 83 86 87 89 92 95:14232:615 610 154 2081 2666 5224 1145 404 986 347
16 46 65 82 83 86 87 88 89 90 94:31473:17 62 670 8814 4058 4251 2353 3463 434 7156 195
24 36 42 82 83 86 89 90 91 92 94 96:35057:33 199 64 1183 2673 3196 487 23508 1577 1088 148 901
17 22 38 42 49 64 65 72 73 74 76 80 82 83 86 87 89 90 92 93 94 95 96 99:102967:75 1279 553 440 283 586 223 620 309 333 1041 2510 18307 1298 34232 5581 20688 6167 5225 89 981 963 732 452
13 24 38 72 74 75 77 82 83 86 87 88 89 90 92 94 95 96:65115:177 31 283 813 157 1592 324 14663 4250 12496 3730 697 456 13936 7043 2001 1950 516
24 38 49 57 72 73 82 83 86 90 92 94 95:36851:15 258 330 236 831 34 11420 445 5851 15458 1229 242 502
8 14 38 55 72 82 83 85 86 87 92 95:22237:86 86 736 256 450 10527 2335 171 4044 271 2136 1139
16 17 38 47 63 73 74 82 83 86 87 92 93 94 95:40650:120 16 272 75 198 107 237 11814 6727 8975 252 8742 191 1507 1417
3 25 36 38 46 47 65 72 73 74 82 83 86 92 94 95 97 99:35843:56 109 92 574 48 168 257 300 255 185 21010 1273 2330 6234 1223 526 725 478
38 47 82 83 87 92 94 95:28184:320 35 17391 1811 269 6984 551 823
51 65 67 72 73 74 76 82 83 87 88 92 94 95 97 98:31767:101 863 861 1092 277 537 6570 9775 1998 296 795 1824 1698 338 656 4086
13 37 38 72 82 92 94 95 100:6771:731 828 340 275 659 2627 66 453 792
36 74 92 95:1939:300 127 1146 366
82 87 92 94 95:6132:1886 2257 1347 312 330
16 38 57 72 76 77 82 83 86 87 89 90 92 94 95:42217:8 332 262 416 512 174 12662 2450 12860 582 428 4364 4569 282 2316
48 50 64 65 72 73 83 87 92 93 94 95 97:8270:146 300 258 288 655 218 797 352 1567 349 305 496 2539
16 36 38 46 57 65 67 72 73 74 75 76 77 82 83 85 86 87 88 92 94 95:51266:27 285 249 94 198 401 538 455 311 445 598 686 199 27054 6890 198 4363 658 206 3446 3621 344
36 64 65 72 73 74 82 83 86 87 92 94 95:28230:181 119 269 261 33 108 12919 3673 4798 300 3660 591 1318
18 26 65 74 76 82 83 92:7571:169 34 402 72 2330 3564 430 570
77:416:416
94:94:94
38 42 47 49 72 77 82 83 86 92 94 95 100:36798:612 132 180 305 436 325 20900 1397 4950 4332 755 1746 728
38 42 46 48 51 55 65 72 74 82 83 86 87 89 92 94 95:54812:446 369 110 92 101 92 241 167 456 14156 5468 19401 2061 3226 5554 1126 1746
82 87 92 94 95:9442:6428 296 2161 290 267
38 48 73 82 83 86 87 89 92 94 95:35677:119 45 78 4817 2527 16004 2184 3083 5583 655 582
63 67 77 82 86 92 95:15741:125 77 240 5443 8950 607 299
16 38 46 65 72 77 82 83 86 92 94 95:37435:44 155 48 111 87 135 21065 5537 3404 3705 1486 1658
64 72 82 83 92 94 95:19661:130 437 11761 448 3994 553 2338
46 74 82 83 87 88 94 95:10191:85 15 5681 94 1912 827 1263 314
48 65 73 82 83 86 87 92 93 94 95:12255:113 472 213 6761 842 1334 529 1011 298 354 328
48 97:1378:35 1343
48:35:35
16 46 48 65 82 83 86 87 88 92 94 95 100:19063:52 81 86 300 11890 2327 1800 426 254 569 117 517 644
16 17 38 65 73 82 83 86 87 92 94 95:32065:312 35 282 249 73 18231 2954 4949 1678 1624 1183 495
74 82 92 94 95:8511:37 5528 1183 951 812
16 38 82 83 92 95 97 100:8714:11 993 4144 875 1269 544 773 105
36 74 82 86 92 94 95:8743:80 221 1618 2028 2388 697 1711
20 48 82 86 88 92 94:7801:145 45 3627 2767 570 415 232
36 38 53 64 72 73 82 83 86 87 88 92 94 95 98 99:34820:322 1087 4439 521 742 175 4312 1193 7802 1185 438 9364 1496 805 524 415
46 63 73 82 85 87 92 94:6450:183 261 59 1578 644 340 1951 1434
48 51 64 65 73 82 84 87 92 93 94 96:10201:53 2261 117 116 52 1988 445 1649 1373 505 1102 540
31 46 82 83 86 88 90 92 94 95 99:33410:187 106 468 318 6320 1197 18595 3936 449 982 852
17 38 67 75 82 83 86 87 92 94 95 97 100:34876:56 449 566 553 5665 11845 5290 735 4360 2693 1261 726 677
3 13 17 19 26 27 36 38 42 43 53 54 60 65 72 73 77 82 86 87 92 94 95:35723:39 141 158 21 12 7 104 2063 311 301 112 896 31 439 999 70 827 7575 11352 517 6137 1253 2358
56 72 74 86 92 94 95:11731:245 200 122 5961 3632 367 1204
72 83 86 92 94 95:8075:337 1867 3334 1891 273 373
16 26 38 54 56 72 74 76 77 82 92 94 95:11920:26 214 273 781 155 456 389 588 90 6347 2087 223 291
36 38 42 57 58 72 73 74 82 83 85 92 94 95:16809:270 436 305 157 1783 93 30 258 6715 2025 456 2827 969 485
26 38 54 55 56 72 82 86 92 94:11548:173 266 400 15 422 259 2176 2848 3743 1246
3 72 73 74 82 83 87 92 93 94 95:23028:112 37 103 376 7828 4513 3083 3590 280 1366 1740
63 92:1152:250 902
38 72 82 85 87 92 94 95 96 99:26611:300 269 13271 1069 1186 6845 826 1226 1197 422
38 47 56 73 74 76 82 83 89 92 94 95:14825:1016 23 304 373 232 1292 1866 1888 1157 5949 403 322
38 75 94:2205:351 1650 204
94:162:162
72 73 82 83 92 94:3988:125 23 1343 431 997 1069
18 38 74 75 82 83 86 88 92 93 94 95 96 97:31273:734 282 456 523 7462 10835 2300 380 3091 657 2538 571 558 886
36 65 72 73 74 82 92 94 95:9102:124 274 203 58 475 3124 2643 1866 335
50 82 87 92 93 94 96:12555:284 7699 504 2126 542 664 736
82 83 85 92:11438:7164 2849 403 1022
82 83 88 92 95:9721:7143 1055 189 1105 229
82 83 86 87 92 95:4447:2029 962 127 312 239 778
73 74 82 92 94 95 97:17242:162 185 11227 2779 960 1349 580
51 82 83 85 86 87 88 92 94 95:34878:111 19670 1929 778 1484 893 303 6640 1103 1967
82 86 88 92 94 95:6542:1630 3119 636 608 266 283
82 92 94 95 97:8839:5686 2119 133 227 674
48 74 82 83 87 89 92 94 95 97 99:39798:20 44 22521 93 4238 3517 5033 440 2629 618 645
95:361:361
17 46 82 86 87 92 95:28551:131 167 7902 19037 254 762 298
16 20 73 82 86 87 92 94 95:18581:136 108 183 10758 3020 1210 2154 356 656
18 82 83 88 92 94 95:7927:72 3652 621 399 2441 354 388
75 82 97:2935:1467 878 590
16 74 76 82 83 92 94 95 97:10889:56 277 801 5565 679 1240 719 956 596
48 93 94:249:34 73 142
92 97:1584:234 1350
51 73:198:126 72
93:418:418
85:814:814
50 72 73 74 93 94 96:1958:175 74 63 90 85 956 515
46 64 92 94:1164:48 77 290 749
96 97:1250:497 753
48 51 72 83 88 92 94:5915:68 98 32 3738 667 575 737
46 48 51 72 73 74 92 93 94 97:4641:37 151 168 568 123 133 874 190 495 1902
64 97:1652:128 1524
48:35:35
48 51 73 97:1006:34 142 142 688
46 48 51 92 93 94 95 98:3750:34 164 115 299 899 1266 415 558
48 92 93:1619:35 1506 78
48 51 64 93 94:1212:98 178 100 536 300
46 48 98:701:66 35 600
92:211:211
47 48 51 72 73 74 92 93 94 97:6786:64 62 435 163 29 270 2909 403 652 1799
48:35:35
57:680:680
51 93:368:199 169
77:211:211
16 26 34 38 46 47 48 53 54 56 57 63 64 65 70 72 73 74 75 76 77 80 82 83 86 88 92 94 95 96 97:88001:24 184 740 863 129 59 72 418 296 472 868 691 312 882 3625 7859 344 1585 3303 5858 676 6207 17364 5298 21253 965 3235 1098 579 1029 1713
17 38 53 64 65 72 74 75 77 82 83 86 89 92 94:26477:22 1086 40 1114 629 475 225 728 156 9898 104 8098 815 2552 535
17 26 28 53 54 58 64 72 73 77 82 86 92 94:41798:88 351 1282 414 4045 5661 152 629 333 398 10650 17029 666 100
53 58 72 77 82 86 92:13556:3476 711 1059 82 2551 5341 336
16 63 74 77 82 83 86:4041:11 384 116 72 1961 574 923
16 72 77 82 86 92:22666:56 569 391 12817 7636 1197
16 38 82 86 94:5146:86 303 1364 3063 330
17 38 43 55 56 63 64 65 67 72 73 74 76 77 81 82 83 84 85 86 87 88 89 90 91 92 94 95:148161:23 1613 698 562 346 757 130 781 343 4593 123 1590 549 3351 745 44362 5388 194 109 32715 10975 777 7638 7475 15295 5072 700 1257
17 75 82 83 86 87 89 90 92 94 100:54760:344 914 12138 2653 33218 1962 1350 368 942 248 623
38 72 82 86 87 92 95:10304:194 228 3855 4378 1145 228 276
16 17 28 34 53 58 64 65 66 73 82 86 89 92 94 95:53493:24 607 765 220 3567 2053 269 126 6430 201 4874 29728 2171 1829 257 372
7 16 26 50 72 74 82 83 86 87 92 93 94:13110:232 122 9 230 108 58 5486 695 3900 529 1342 325 74
38 55 72 74 82 88 92:9488:587 234 1372 116 5091 331 1757
36 54 72 77 82 83 86 87 92 94:22357:108 687 543 264 4647 1097 13398 253 884 476
80 82 83 86 87 89 92 94 95 96:24357:2746 5362 636 8713 1910 1197 2383 248 565 597
46 65 72 73 74 80 82 86 87 88 92 93:40253:63 50 514 163 381 3879 17713 12624 3057 581 991 237
28 36 38 53 54 58 64 72 75 76 80 81 82 83 86 87 89 92 94 95:73315:619 74 30 1841 1146 12646 104 393 5805 1794 4095 753 21720 8013 9841 565 471 2057 330 1018
20 82:3737:264 3473
17 55 76 82 86 87 90 92 94:32684:66 32 15279 4577 8577 354 2794 310 695
18 74 82 83 86:18736:165 97 7413 2925 8136
82 83 86 89 92:5394:2232 1088 618 412 1044
72 73 77 82 86 87 89 92 94 95:19521:35 344 297 7361 8618 251 413 1318 606 278
64 72 77 82 86 87 92 94 95:38035:58 644 175 22603 10684 1168 1969 225 509
72 76 82 86 87:12400:376 644 8572 945 1863
38 47 72 82 86 87 92 96:10688:131 194 198 5132 1542 898 1803 790
17 54 72 73 74 77 82 83 86 87 92 94:38717:32 978 257 64 213 330 26607 1223 7030 768 798 417
17 46 73 74 75 82 86 87 92 94 95:14664:78 109 19 188 501 5722 5832 273 1319 304 319
64 82 83 86 87 88 89 92 94:33280:238 17388 1555 9688 253 2880 843 240 195
72 74 82 83 86 87 89 90 92 94 95:52723:63 105 26766 1474 10175 3166 431 7791 1648 769 335
10 14 16 26 27 31 54 55 56 57 63 64 65 67 72 74 75 77 78 79 80 82 83 86 87 89 92 94:108715:4289 126 217 583 383 267 6481 1054 1309 109 452 594 564 429 4661 115 1666 2610 769 80 4524 42861 2980 22816 6322 1001 1231 222
92:306:306
17 74 76 82 86 87 89 92 94 95:39836:684 93 2183 25557 8945 248 400 975 244 507
16 17 64 72 77 82 83 86 87 88 89 90 92 94 95:73499:1044 66 104 550 448 40597 574 13011 2323 505 516 10383 2816 246 316
26 28 53 54 58 77 82 86 87 89 92 95:19240:36 335 856 627 293 360 3691 2401 1634 6555 771 1681
75 76 77 95:1946:644 687 375 240
82 86:3970:2120 1850
20 38 82 86 87 89 90 92:68989:163 313 14513 26992 7955 6371 12012 670
21 55 57 72 73 74 76 77 80 82 83 86 87 88 89 92 95:63969:517 282 279 1406 267 602 8801 171 4090 23102 8233 13235 606 194 400 1401 383
16 36 46 63 65 72 73 74 76 77 78 82 83 86 87 89 90 92 94 95 96:47987:72 318 91 363 330 1726 100 895 1910 612 918 8663 743 15235 1988 483 10138 1458 676 704 564
82 86 87 89 90 91 92:17673:6887 3802 1061 427 4570 630 296
17 82 86 87 92 95:16773:8 5615 8135 1026 977 1012
27 38 74 82 86 87 92 94:22256:37 286 60 13426 6461 969 850 167
17 24 38 42 46 72 74 75 82 83 86 87 89 90 92 94 95:45001:24 8 414 283 78 183 52 543 14465 1044 10632 4921 470 8623 1804 309 1148
16 17 24 36 46 67 72 74 76 82 83 86 87 88 90 92 94 95:42131:50 17 40 137 41 200 116 98 822 8056 2072 6046 557 330 17671 4725 578 575
46 47 58 63 72 76 77 80 82 86 87 89 90 91 92 95 100:75984:32 55 400 863 1660 3205 647 1910 10996 25474 16105 8038 3157 1115 671 965 691
82 86 87 89:20113:5730 12282 1199 902
38 47 72 74 82 83 85 86 89 90 92 94 95 99:33773:513 26 348 103 13259 412 350 8742 471 3379 3330 436 1969 435
24 38 46 73 74 82 86 87 89 90 92 94 95:37975:25 351 91 161 77 20548 1850 1580 460 9270 2832 543 187
82 86 87 89 90 91 95 99:16312:1655 1230 3177 445 7400 1268 679 458
82 86 87 89 90 92:42747:11058 25724 249 808 3973 935
86:943:943
82 83 86 92 94:5320:2934 636 574 671 505
38 72 74 82 86 87 89 92 94 95:20903:213 412 20 3226 12296 531 466 3095 387 257
64 72 74 82 83 86 87 90 92 94:16456:235 647 79 6371 83 2329 249 4222 1708 533
17 82 86 89 92:18546:27 8351 7397 1314 1457
21 76 82 83:14961:462 795 11437 2267
54 65 72 73 82 83 86 87 90 92 94:32688:89 190 12 181 15187 2417 3993 917 7931 1365 406
72 73 74 82 83 86 87 92 93 95:20993:354 49 97 4538 886 10924 1593 1733 237 582
5 16 17 24 28 32 53 55 56 58 64 65 72 73 74 75 76 77 80 82 86 87 90 92 94:152765:231 160 35 204 2281 14 7622 137 103 1171 348 192 4847 733 1311 1453 689 2466 21713 36019 46350 2772 20208 1436 270
24 82 86 87 90 92:27298:8 1980 2408 1577 20504 821
16 17 22 24 82 83 86 87 89 90:56044:231 21 69 100 10667 1472 15904 1520 10571 15489
64 74 80 82 86 89 90 92 94 95:30745:245 89 1452 10874 9195 911 4834 2520 429 196
82 86 87 92:9346:7161 1165 502 518
24 82 83 86 87 89 90 92 95:76259:35 7387 3971 32287 1056 2088 28123 983 329
72 80 82 86 87 89 90 91 92 95:54340:85 868 12823 13279 6492 4997 12710 765 605 1716
82:1221:1221
57:116:116
72 82 90 94:5301:130 832 4022 317
54 72 77 82 86 90 91 95:17888:321 90 154 4620 1322 9576 1479 326
82 86 89 90 92 95:16738:4808 6909 431 2881 1349 360
82 83 86 92 95:9470:4702 558 3372 571 267
47 82 83 86 95:7076:198 2047 475 3618 738
72 73 74 82 83 86 87 92 94:29542:466 87 83 21847 1778 3064 1805 188 224
72 82 83 86 89 92:8861:298 2810 811 4075 424 443
24 82 86 90 91 92 94 95:32646:8 7041 1764 14682 6860 1780 201 310
74 82 86 95:7964:385 1681 5341 557
23 36 38 46 52 63 72 74 76 77 82 86 87 89 90 92 94 95:35029:71 131 294 59 2 383 210 145 855 126 4020 13288 268 1365 10258 1474 963 1117
16 23 54 55 57 65 72 73 74 75 77 80 82 83 86 87 88 89 90 92 94 95:69580:133 64 254 126 149 293 2143 173 957 413 619 681 27387 3556 11714 5578 490 608 6279 5953 464 1546
13 63 72 73 74 82 86 87 90 92 94:42570:230 65 805 27 342 6916 17233 2163 14212 384 193
74 82 83 86 90 94:13007:24 2180 1233 3096 6312 162
23 38 72 74 82 86 87 89 90 91 92 94:38945:1188 234 385 59 10077 8474 647 2425 13522 680 544 710
38 72 74 82 83 86 87 95:10247:232 845 171 5692 1433 1388 289 197
16 17 23 24 38 42 67 72 73 74 76 77 82 83 86 87 89 90 92 94:71855:141 23 10 43 775 307 303 1709 175 287 4089 435 13369 1746 29357 251 2377 14402 1443 613
36 63 67 72 73 74 75 76 77 80 82 83 86 87 88 89 90 92:84521:353 500 431 1481 151 192 3912 1844 91 703 6373 3802 39953 1151 192 1594 20399 1399
24 36 38 72 82 83 84 85 86 87 89 90 92 95:52917:50 204 270 120 5727 3399 275 1373 23110 3160 1318 13026 652 233
36 82 86 87 89 92 99:8958:266 6134 832 530 403 373 420
17 72 82 86 89 90 92 94:43675:23 572 8784 20420 3552 9069 1119 136
17 53 65 72 82 86 89 90 92 99:39659:24 276 235 560 9230 22578 1410 4475 331 540
82:96:96
72:81:81
38 72 76 82 86 87 90 91 95:41549:411 731 981 13163 11200 2451 11517 634 461
38 42 43 72 92 95 99 100:15338:86 80 567 458 1413 7780 4327 627
95 99 100:5616:868 4070 678
42 43 45 47 80 92 95 97 99 100:19259:546 464 143 80 2936 1570 5809 588 7075 48
38 40 42 58 63 72 76 77 80 82 87 92 95 99:19258:1421 780 122 917 19 1079 2966 4375 2341 2080 416 332 1507 903
92 95 99:3808:462 1385 1961
92 95 99 100:11983:2641 7463 1799 80
92 95 97 99 100 101:30017:4316 6441 655 11704 5600 1301
47 92 95 97 99 100:6842:86 738 1083 750 3516 669
92 95 97 99 100 101:22251:690 3253 775 10936 636 5961
101:6255:6255
92 95 99:1645:277 1002 366
92 94 95 97:6458:1923 260 3511 764
72 87 92 95 99 100 101:19536:80 775 2241 6935 5179 1351 2975
92 95 99:4022:1028 1647 1347
92 95 99 100:6679:1266 3027 1725 661
92 93 95 99:6589:1032 98 3178 2281
92 95 99 100 101:14531:378 4796 5390 1319 2648
47 92 95 99:7868:113 2258 5062 435
38 82 87 92 95 99:10958:16 1357 515 1441 5392 2237
92 95 99:12223:2573 7982 1668
65 92 95 96 97 99:13678:103 3896 5218 488 720 3253
82 87 92 95 99:4276:177 1026 377 1902 794
80 92 95 99:13941:724 1912 8356 2949
49 92 95 99:2180:335 637 668 540
65 80 95:1346:36 1064 246
92 95 97 99 100:13135:2763 6038 1305 2330 699
38 56 72 80 82 83 86 87 89 92 94:39011:567 977 1226 2080 16341 613 15349 277 401 845 335
13 38 76 82 86 87 89 92 95:15011:273 925 1020 8013 2273 287 419 1177 624
48 51:383:213 170
48:250:250
48:140:140
48 75 97:2559:401 509 1649
48:111:111
48:40:40
48:20:20
48 66 77 82 86 87 89 90 92 95 97:32427:38 2315 497 7719 16937 2123 935 428 338 293 804
46 48 82 86 87 89:25471:26 35 5319 17921 278 1892
2 36 38 51 64 76 92 94 95:4938:52 136 546 271 1127 488 284 270 1764
92 95:1455:363 1092
38 51 55 92 94 95 99 100:16475:527 139 67 5868 81 7411 1749 633
26 38 42 43 47 54 56 57 72 74 76 77 80 92 95 99:20617:14 1318 1151 450 50 420 743 123 819 133 5145 863 4804 863 1937 1784
92 95 99:2481:1469 322 690
72:306:306
38 80 82 86 87 89 92:19131:287 733 10582 5107 1286 396 740
72 80 86 89:22612:545 5134 15433 1500
63 82 86:4969:1335 2455 1179
82 86 87 89 90 91 92:29505:8211 13423 1970 1194 3112 675 920
82 86 89 92 95 99:8755:3294 715 443 3645 251 407
24 74 77 82 86 89 90 92 95:31292:89 245 105 6792 12599 562 9749 750 401
24 36 38 82 83 86 87 89 90 92 95:48063:75 395 335 6072 1462 15628 606 917 20674 1157 742
82 83 86 87 89 92 95:21915:5862 807 11150 1978 938 369 811
82 86 89 92:7502:896 5071 918 617
16 17 38 42 72 74 76 77 82 83 86 87 88 89 90 92 95:65493:353 114 404 525 304 93 1324 484 14869 1007 18737 5381 193 598 18612 1652 843
16 17 22 24 36 38 55 57 58 72 76 77 82 83 86 87 89 90 91 92 95 99:164046:1610 177 389 61 442 752 367 106 254 354 2527 522 25475 1189 75830 5024 2419 40945 2674 928 1591 410
74 82 86 87 90:17618:613 3046 5905 524 7530
24 38 72 76 80 82 83 86 87 89 90 91 92 95:105658:31 305 120 1008 23466 20575 1509 26497 3140 2212 23623 673 1753 746
38 64 65 72 73 74 75 77 82 83 86 87 89 92:67762:553 176 231 363 163 149 592 536 12519 1502 41911 1131 6419 1517
72 74 77 82 83:7987:302 201 100 4984 2400
17 23 24 57 63 64 65 72 73 74 77 82 83 86 87 89 90 91 92 94 95:72488:35 23 292 110 54 835 25 495 136 161 68 9939 585 25670 3091 429 27769 684 1658 178 251
22 34 38 47 55 58 67 74 76 80 82 83 86 87 90 92 94 95:45337:628 1606 538 25 49 4866 316 172 540 2121 19536 708 5655 527 5102 1060 330 1558
25 48 73 74 82 83 86 87 94:10163:346 35 61 81 5309 873 1778 925 755
72:173:173
24 36 63 64 65 72 74 75 76 80 82 83 86 87 90 92 94:31188:9 45 620 267 852 1850 77 577 522 604 13051 1733 5458 703 3283 1326 211
76:1338:1338
16 26 29 54 56 58 63 64 72 73 74 76 77 80 82 93 94:43174:999 25 325 1018 8090 1651 545 48 1817 248 30 1704 952 8281 16956 423 62
27 32 38 42 64 72 76 77 82 83 86 87 92 95:39361:295 8 618 314 361 1107 805 303 21958 3064 7771 1709 258 790
17 73 82 86 87 89 90 94 97:57394:19 14 27219 21368 1502 1245 5213 168 646
72 82 83 86 87 89 92:40114:197 13114 570 21361 630 967 3275
38 72 82 86 87 90 92 95:25336:394 428 9558 3807 876 7321 1996 956
16 17 66 82 83 86 87 90 92 95:61580:1650 24 1290 22477 938 20325 1110 13254 280 232
48 65 76 80 81:12414:35 748 1823 782 9026
17 80 82 86 87 89 92 95 99:123953:340 1065 8495 104403 3354 4173 518 1193 412
74:81:81
16 17 51 72 82 86 87 89 90 91 94:79485:132 220 122 70 8724 59279 2206 1990 5587 768 387
72 82 83 86 87 88 90 92:21603:473 4550 708 8194 304 1392 5299 683
82 86 87 89:20489:3080 16630 337 442
77 82 83 86 87 88 90 92:15613:211 9226 550 2529 1069 559 1194 275
56 82 86 87 89 95:14288:6710 1928 3834 990 402 424
16 17 55 72 77 82 86 87 89 92 95 100:109342:38 1879 229 434 48 4978 96573 776 1972 273 1376 766
26 54 56 64 72 77 82 86 87 92 95:23533:350 390 567 513 250 1051 8890 8917 1435 687 483
92 95 99 100:3584:673 945 828 1138
63:310:310
19 46 92 94 95 99:5262:24 53 675 276 796 3438
92 99:725:318 407
92 95 99:2461:255 1647 559
23 24 90 91:49000:251 89 47576 1084
92 95 97 99:15266:404 5116 6075 3671
95 99 100:4613:2898 998 717
92 95 99:4844:1357 2661 826
42 92 95 99:11504:9 1868 8189 1438
42 43 92 95 99:9255:573 538 3248 3518 1378
47 92 95 99:4997:14 1336 1799 1848
92 95 99 100:4275:633 2860 738 44
47 92 95 99 100:13173:56 2335 6272 2979 1531
47 92 95 99 100:21297:76 5564 9264 5761 632
38 92 95 99:21482:43 3341 11287 6811
92 95 99:1291:224 119 948
92 95:2899:859 2040
31 45 46 47 55 92 94 95 97 99 100:24479:85 35 44 23 24 4157 87 12071 696 6539 718
45 95 99:7459:94 4004 3361
92 95 99 100 101:8841:796 1835 4269 862 1079
92 95 99:3492:738 1470 1284
95 99 100:4515:2616 1078 821
24 42 65 67 73 77 90 92 95 99:44911:51 560 870 2413 182 1633 34210 1104 2204 1684
92 95 100:4107:639 1990 1478
32 34 38 40 42 53 63 64 76 77 79 80 92 94 95 99 100 101:55278:42 185 214 1035 1337 540 154 228 5014 897 656 2414 3465 283 13407 22138 2061 1208
65 81 92 94 95 99 100:17031:102 895 1795 100 7876 6203 60
76 95 99:3501:2444 560 497
47 92 95 97 99 100:14422:96 1833 5956 762 5008 767
38 72 75 92 95 99 100:7366:237 654 563 137 883 3967 925
64 72 73 75 80 95 97 99:7019:339 280 98 600 2458 2110 777 357
92 95 99:9367:1896 5218 2253
95:1201:1201
92 95 99:2406:255 1716 435
43 92 95 99 100:9042:418 1134 3453 2710 1327
92 95 99:5731:253 3964 1514
45 72 76 77 80 81 92 95 99 100:11624:34 278 722 174 865 762 1195 1672 5814 108
45 92 95 99 101:13190:964 626 2440 6550 2610
3 28 33 35 38 42 53 59 61 63 72 77 81 92 94 95 99 100:26034:35 8 779 303 111 545 120 4109 609 392 373 320 1302 3852 202 8402 3249 1323
36 72 92 94 95 99 101:3115:159 283 318 414 369 480 1092
95 100:1538:883 655
17 28 53 54 56 58 72 77 79 80 81 86 90 99:61769:78 1258 4718 3577 604 833 8375 6105 1897 1959 6285 14759 10800 521
28 34 79 86 89 95 97:14056:229 128 5354 5552 957 882 954
23 90 91 101:43082:130 27877 13445 1630
38 42 80 92 95 97 99 100 101:32675:320 248 1000 2951 7733 1945 9951 1619 6908
80:7132:7132
28 38 77 86 89 90 91 92 95 97 99 100:96031:377 34 933 5176 998 58941 19756 1749 3701 688 3054 624
92 95:752:453 299
17 24 86 90 91:59866:44 83 7350 37250 15139
24 90 91:34988:109 34106 773
17 86 90:15731:31 7238 8462
17 24 55 72 74 77 80 86 89 90 91:95888:1655 43 73 919 59 332 969 38155 7066 33346 13271
17 23 24 26 28 33 53 54 56 58 59 61 72 77 86 89 90:163209:405 1332 213 2558 3735 4179 14920 8073 2384 805 16267 4110 241 645 45072 404 57866
19 24 90 91:49009:10 28 47319 1652
24 28 53 58 77 79 90:53065:157 517 5666 112 3090 245 43278
24 86 90 91:29913:8 9077 19442 1386
24 90 91:19128:10 17766 1352
23 24 90 91:45583:151 20 24721 20691
90 91:19348:18639 709
95 97 99:3777:881 599 2297
17 28 33 53 56 58 59 61 72 76 77 86:46154:113 544 2447 3287 1162 697 578 10556 3387 583 98 22702
81:178918:178918
80:51483:51483
28 36 53 55 56 58 63 65 72 73 74 75 76 77 80 83 92 93 94:24955:759 163 3114 198 507 2388 221 813 3909 66 594 800 7950 80 1230 1594 301 106 162
12 17 36 38 56 64 72 73 76 80 82 83 86 87 88 89 92 93 94 95:108929:10451 276 477 2669 3597 161 1756 789 1409 30220 20319 2155 24657 836 539 1369 5182 124 663 1280
18 42 72 77 82 83 86 89 92 94:12715:22 1084 279 489 544 794 7641 409 1252 201
36 38 46 65 73 76 82 86 92 94 95:12523:173 20 47 148 42 1481 6018 2272 1873 191 258
20 46 47 55 82 83 86 89 90 92 94 95:23458:141 103 42 121 4462 605 4717 3813 6641 2384 156 273
17 38 72 76 77 82 86 90 92:16640:36 245 382 504 620 1141 9190 4107 415
38 72 92:2220:476 1190 554
17 26 27 28 38 54 56 58 72 73 74 75 77 82 86 87 92:19289:23 19 665 19 429 2684 865 610 1319 302 451 839 325 3396 6180 264 899
16 17 26 28 38 54 55 56 57 72 73 74 75 76 77 80 82 83 85 86 89 92 94 95:78049:224 173 203 212 1588 386 914 2187 687 1743 259 894 417 7322 2182 1337 10622 2800 123 41239 417 913 502 705
26 49 54 56 58 63 65 67 72 73 74 76 77 80 83 88:68794:811 589 5157 1061 2740 2174 1076 1073 1731 457 232 4451 10286 36081 638 237
72 82 86 87 89 92:11114:376 1213 7037 1086 430 972
63:717:717
3 17 26 28 38 53 54 56 58 72 74 77 82 86 87 92 94 95 97:45866:60 8 66 847 720 3540 1465 318 335 1048 298 943 7507 22590 2807 1765 390 239 920
23 24 38 64 74 82 86 89 90 92 94 95:14162:37 18 428 206 39 3665 1576 983 5551 936 414 309
17 19 38 57 72 74 76 77 82 83 86 87 88 92 93 94 95 97:41912:120 30 689 502 1359 166 9133 1318 12416 3958 6490 1494 748 1611 183 949 128 618
17 38 72 74 82 86 87 89 90 92 94:58250:8 1487 783 399 10304 13015 254 1006 28338 1978 678
17 38 64 72 73 74 82 83 86 87 89 90 92 93 94 95 96:40554:182 558 169 1061 309 219 8156 612 19465 1948 895 2125 3425 248 138 237 807
72 74 77 80 82 83 86 88 90 94 95:38570:971 30 363 606 14405 1348 13822 1473 3731 513 1308
56 74 77 82 83 86 87 90 92 94 95:39862:398 83 219 18576 2400 9096 3077 2906 2014 742 351
17 38 72 77 82 83 86 89 90 92 94 95:61695:47 667 263 892 15661 691 21509 424 17727 2129 1062 623
38 74 82 83 86 87 92 94 95:29088:854 73 16816 2246 4678 1574 1709 910 228
17 23 28 38 42 47 48 53 57 58 68 72 73 74 75 78 82 83 86 87 88 89 90 92 93 94 95 97:93052:31 6 308 981 204 53 52 1777 314 250 1106 3205 146 402 1077 1006 36086 6307 24200 3344 189 900 2955 3732 277 1865 593 1686
17 82 83 86 99:11265:33 843 2628 6756 1005
17 29 56 72 74 76 77 82 83 86 89 92:33260:52 96 1649 174 95 3471 237 13394 6128 4193 3381 390
72 82 83 86 92:10333:85 2306 5327 2028 587
10 38 72 83 92:11896:6580 633 833 3500 350
17 38 82 83 86 87 89 92:26699:8 281 8921 4185 8836 2871 886 711
16 22 38 46 72 73 74 82 83 86 89 90 92 93 94 95:60528:28 1408 490 26 48 297 86 29154 3996 12158 445 5083 4732 331 1102 1144
36 38 47 72 74 76 82 83 86 87 88 89 90 92 94 95:45102:382 574 127 800 842 700 10785 1694 18633 268 1078 3662 1056 3208 938 355
16 17 24 38 46 55 57 72 73 74 76 77 82 86 87 88 89 90 92 94 95 97:120465:134 191 21 1384 55 199 895 2091 110 1055 1742 425 27878 51269 1301 232 937 24601 3556 661 546 1182
17 24 38 46 55 64 72 74 76 77 80 82 83 86 87 88 89 90 92 94:131925:1617 18 811 82 74 70 666 564 20670 151 3250 27944 3755 59974 545 274 906 9128 962 464
40 42 55 64 82 86 87 92 95 100:23197:758 211 58 193 3671 14112 2504 902 683 105
24 73 82 83 86 90 94:13388:174 159 831 62 1933 10089 140
24 38 46 72 74 75 80 82 86 87 90 92 94:37654:30 476 15 1076 10 1207 575 10559 5737 1585 13602 2253 529
82 83 87 88 92:9823:7320 683 1261 231 328
48 63 74 82 92 93:2914:175 397 332 1464 462 84
36 38 82 86 87 92 94:14696:75 496 9376 2621 296 1105 727
47 48 82 83 86 88 92 94:7485:180 56 1348 141 3541 633 1243 343
42 82 94 95:7353:160 6552 255 386
3 16 65 72 73 74 76 82 83 86 87 89 92:26613:12 18 237 47 43 149 494 14149 1415 7321 785 1173 770
82:3066:3066
17 38 51 63 69 72 73 76 82 86 87 92 93 94 95:70544:65 813 107 127 9788 327 236 2417 26178 21946 5624 1560 190 901 265
82 92 94:2680:2223 179 278
38 80 82 86 95:10386:296 5845 1615 2180 450
7 46 67 74 82 83 85 86 87 92 94:32725:226 74 476 78 22251 815 394 6131 816 1247 217
82 86:15269:105 15164
73 82 92:7426:56 6933 437
86:2042:2042
48:131:131
48:35:35
73 93:161:67 94
17 34 38 46 58 74 82 83 86 89 92 94:19264:24 448 139 41 1736 384 6184 834 6388 505 2093 488
38 56 72 75 82 86 87 89 92 94 95:23991:468 101 275 506 10237 8922 828 472 1568 259 355
42 82 83 86 92:6359:299 2449 1097 1270 1244
24 36 38 74 76 82 83 86 87 89 90 92 94 95:37088:51 553 627 33 1182 9600 2395 6850 2033 4651 4463 3639 606 405
58 67 72 76 82 86 87 89 92 94:21522:1776 752 244 512 5005 3910 5166 882 2634 641
16 17 26 38 54 55 72 73 74 75 77 80 82 83 86 87 89 92 94 95:52067:314 312 350 380 1837 174 2910 277 120 1365 30 930 20239 1242 13303 1263 498 4370 300 1853
16 38 42 47 55 72 73 74 80 82 83 86 87 89 90 92 94 95:70791:23 328 256 32 54 791 146 270 1897 14685 3376 19727 4588 418 17104 5330 1224 542
17 74 77 82 83 86 92 94:16966:15 462 265 2203 1615 7681 3761 964
17 28 34 53 54 58 72 73 74 75 77 82 83 86 90 92 94:30634:14 643 347 3814 44 2419 752 207 225 788 279 4288 1500 1515 11014 2397 388
27 28 53 55 56 64 65 72 74 76 77 78 82 87:44278:450 3139 7813 3612 10196 445 1299 1758 153 928 995 731 3873 8886
38 72 73 82 83 86 92 94 95:15407:175 445 205 4876 1598 5399 1702 121 886
17 36 54 72 73 78 82 83 86 87 88 91 92 94 95:36747:17 135 199 352 43 562 9269 3382 14807 255 184 4387 1774 152 1229
16 17 38 72 75 76 82 83 86 87 89 90 92 94 95:95358:3314 16 148 200 3557 1032 58436 1319 12634 4972 525 7362 1233 147 463
36 56 82 83 86 87 89 92 94 95:44849:250 120 27578 2001 8534 1964 524 2904 305 669
16 17 24 38 42 72 82 83 86 87 89 90 92 94 95 99:48118:14 9 32 490 220 310 15294 3086 9503 2033 1210 11611 2215 653 1018 420
16 31 38 47 55 72 74 80 82 83 86 87 92 94 95 97:26803:139 807 1064 102 260 1183 661 1202 5061 4351 6642 878 2755 344 741 613
28 29 54 56 61 65 72 73 74 75 76 77 82 86 89:26893:568 934 4510 2830 3763 1662 3745 47 48 572 2709 2578 112 2254 561
38 72 73 74 82 83 86 87 92 94 95:47803:433 180 350 42 29373 2723 7250 1787 3795 1102 768
36 38 42 64 72 74 78 82 83 86 88 92 93 94 95 97:36939:310 384 771 155 79 64 1483 11968 958 11964 257 5116 162 1335 1053 880
16 38 46 56 63 72 74 77 82 83 86 87 89 92 94 95:45641:252 358 54 582 281 418 32 534 26615 1522 4949 518 851 5963 1031 1681
16 17 38 54 72 73 77 82 86 87 89 90 92 94 95:68809:919 232 239 7770 388 66 309 32819 10930 8814 396 4381 1102 124 320
16 17 46 72 82 86 87 89 90 92 94 95 97:59550:989 50 14 79 28888 17755 2461 403 3513 2985 686 954 773
46 72 73 74 75 82 86 87 92 94:23451:64 467 32 124 443 7729 11743 891 1106 852
16 17 38 73 82 86 87 92 97:63749:1072 23 412 450 34085 23354 3526 230 597
86 87:5613:3305 2308
17 26 29 61 72 76 80 81 82 86 87:46766:1174 968 43 5798 1928 1129 1187 6904 5013 22087 535
16 17 82 83 86 87 89 92:64273:82 1036 34128 107 25859 2039 888 134
16 82 83 86 87 89 92:54831:31 33980 3180 10141 5236 2173 90
72 82 83 86 87 92 95 99:17054:443 8837 832 5730 257 318 231 406
82 83 86 87 92 94 95:58126:31549 779 20163 1100 1993 365 2177
16 74 82 86 87 92 94:66741:26 158 37420 26499 1122 1299 217
65 82 83 92 95:2760:484 761 1049 288 178
82 86 87:16040:12259 3037 744
51 65 75 82 87 92 94:16223:118 424 1117 11284 1457 1681 142
86:2097:2097
47:18:18
38 61 72 74 76 80 92 95 99:7237:396 1866 919 110 500 1606 302 1110 428
36 76 82 87 95:5197:154 1395 332 3003 313
82 86:31193:17997 13196
38 40 42 72 86 89 92 95 99:50159:543 879 812 56 35071 2704 1542 5123 3429
75 92 95 99:5638:684 1245 1442 2267
42 95 99:1305:360 509 436
92 95 99 100:7077:1073 1485 2915 1604
95 97 99:4136:1956 716 1464
77 92 95 97 99:19580:355 4012 8968 581 5664
42 92 95 99 100:12116:453 780 5763 3657 1463
42 92 95 97 99 100 101:19018:238 1181 7212 895 7100 771 1621
95 101:1383:281 1102
64 65 66 67 76 79 81 86 94:15885:276 1111 2147 632 1808 906 443 8430 132
92 95 99 100:7650:747 2258 3909 736
47 92 95 97 99:4600:52 153 1255 640 2500
92 95 99:8352:1387 1195 5770
92 95 99 100:5297:559 1443 2495 800
92 95 97 99 101:7641:418 2299 1650 1759 1515
47 95 97 99:8234:60 4067 615 3492
2 46 48 76 92 94 95 99:6825:22 99 33 671 534 392 2028 3046
28 33 38 47 53 58 59 61 67 80 92 95 99 101:27024:219 408 1015 18 56 1145 325 1432 1382 3759 2149 5071 8594 1451
28 51 53 72 77 80 81:38084:1049 289 8049 3422 267 20706 4302
26 28 34 53 54 56 58 61 64 65 67 72 74 77 79 80 82 86 89 92 95:23459:80 368 93 1472 395 183 534 4169 331 429 1460 168 161 58 803 8603 182 1014 411 1141 1404
3 26 28 29 53 54 56 58 65 72 73 77 79 80 81:33368:102 810 2360 791 3531 212 4118 7435 567 1876 39 1234 72 5518 4703
40 58 74 92 95 99:6597:860 789 124 1457 2787 580
31 58 77 82 87 89 90 91 92 95 99 100:32950:400 269 407 6889 426 4997 9634 1471 1890 3529 2416 622
19 38 42 56 80 90 92 95 99:12218:38 485 557 1020 1498 1992 2423 3247 958
77 82 86 87 89 90 92 95 100:22354:50 10587 3059 348 414 2898 1725 2631 642
28 42 53 55 57 58 72 82 86 87 89 90 92 95 100:39555:321 30 1184 370 289 239 142 20687 937 3494 490 6296 1294 3689 93
90 92:6044:5515 529
20 82 86 87 89 90 92 95:16271:312 7950 2220 875 444 3001 417 1052
72 76 82 87 92 95 99 100:10436:433 671 4416 639 1619 632 1374 652
82 86 89 92 95:14045:3808 7112 563 1029 1533
67 92 95 99:2844:874 434 1040 496
42 43 92 95 99 100:9837:792 429 1342 3934 2718 622
67 92 95 99:2211:323 858 288 742
17 54 72 86 89 92 95 99:10090:45 335 388 1241 423 1016 3549 3093
40 42 47 53 58 72 82 87 92 95 97 99 100:38564:726 160 71 184 652 330 1747 289 4046 16315 980 12284 780
42 82 87 92 93 94 95 97 99 100:44391:621 2100 4973 7138 377 414 13652 1407 11170 2539
95 99 101:2750:1130 487 1133
42 63 75 92 95 99 100:8935:408 286 1682 900 2573 2237 849
92 95 99:4492:956 901 2635
51 74 76 92 95 99 100:23035:764 49 5790 1205 10768 3792 667
38 67 72 74 77 92 95 96 99 101:19109:442 498 5044 355 738 1905 3610 533 2494 3490
38 86 92 95:26427:412 24923 403 689
92 95 99:4401:305 3223 873
48 92 95 99:2760:25 380 2044 311
95 99:2212:763 1449
43 92 95 99:5165:479 300 1316 3070
47 92 95 99:1799:30 409 645 715
64 92 95 99:3841:452 184 2104 1101
16 82 86 87 89 92 95:15251:268 8097 3816 1228 483 698 661
42 46 72 95 99:1802:233 35 237 786 511
38 92 95 99 100:8605:350 1444 2838 3213 760
42 77 80 92 95 99:7460:456 499 998 935 998 3574
17 44 82 83 86 92 94 95:9516:78 885 770 913 1561 3188 299 1822
82 88 92 93 94 95:6557:3753 990 431 195 375 813
72 76 82 86 87 89:29237:789 3858 12212 5112 3292 3974
92 95 97 99:3399:311 2092 615 381
82 87 92 95 99:13549:4476 2829 1001 2253 2990
32 82 87 92 95 99:7334:98 2289 539 1189 1622 1597
82 92 95 99:2629:64 278 1771 516
82 83:13765:10008 3757
82 83:14157:12350 1807
38 42 47 65 82 86 87 92 94 95 99 100:19750:170 347 45 703 5420 2792 674 2280 94 3753 2728 744
47 82 87 89 92 95 99 100 101:19840:57 1934 1569 2237 1860 4625 4725 1338 1495
82 86 92 94 95 99 100:11317:4318 304 1117 154 4273 483 668
32 82 87 92 95:9152:20 5722 1149 1230 1031
46 54 77 82 83 86 87 88 89 92 95 97 99:30632:36 208 44 12805 175 3305 4946 606 413 2425 4870 588 211
42 43 46 54 55 57 64 65 72 74 76 77 80 82 86 87 92 95:29357:460 405 54 173 21 215 175 636 2135 559 7766 995 1534 2802 1629 6383 1481 1934
56 63 76 77 87 92 94 95:8447:183 190 616 67 2631 1952 149 2659
82 86 87 89 90 92 95 97 99 100:37890:9445 15789 306 3260 1317 2677 1771 1427 1277 621
48 67 80 82 87 90 92 94 95 97 100:32528:26 330 902 18739 2173 3592 2669 359 1818 1159 761
82 86 87 92 99:5051:899 2581 249 631 691
28 42 74 76 77 80 82 92 95:12685:483 321 54 4419 373 1024 5150 575 286
28 38 53 54 58 64 72 77 82 87 89 92 95 99 100:19102:25 504 1317 190 1317 98 611 623 2804 269 4151 2879 2869 753 692
53 58 72 80 82 87 92 95:22513:453 1092 265 1474 10360 5284 1203 2382
53 56 58 72 77 82 87 92:7166:713 893 589 363 674 3216 256 462
43 56 67 72 73 74 76 77 92 95 100:7680:376 486 490 1162 64 282 683 763 1711 995 668
65 74 92 95:1826:995 250 334 247
67 82 86 87 92 94 95:14996:679 2241 8292 1664 858 211 1051
49 65 72 74 76 86 89 92 93 94 95 99:12695:247 660 83 661 2418 1754 530 2930 152 192 2668 400
42 46 55 76 82 86 87 89 90 91 92 94 95 99:38107:518 79 622 1214 4006 4238 2219 954 4648 7580 5466 70 5401 1092
32 42 46 47 53 82 91 92 94 95 99:27409:66 194 48 114 52 3031 2344 5499 197 12692 3172
82 95:6965:4840 2125
26 38 54 56 57 72 82 83 86 87 89 90 91 92 94 95 99:59474:421 307 299 2403 408 120 2818 230 3666 1263 879 18229 15565 4909 217 6768 972
82 87 89 92 94 95 99 100:12860:2390 506 3734 1242 133 3807 421 627
24 26 33 54 56 59 72 74 81 87 90 92 95 97:18412:372 223 910 420 865 1623 567 417 6224 560 3730 932 983 586
92 95:2707:1381 1326
92 94 95:1675:159 92 1424
43 92 95 99:9603:530 3241 3637 2195
20 23 38 47 55 56 57 58 72 77 82 87 89 92 94 95 99:9650:88 565 233 48 492 542 247 634 232 399 204 261 857 1529 526 2151 642
28 38 53 58 72 82 92 95:3356:261 30 907 152 213 711 146 936
56 72 92 95 99:3016:202 30 893 1604 287
28 58 77 86 89 90 92 94 95 99:25325:357 2365 208 2228 548 14275 2863 189 1733 559
72:876:876
3 36 53 58 64 72 73 92 95:3544:48 280 172 1836 54 170 176 172 636
23 24 57 64 72 80 86 89 90 92 94 95 99:13497:34 127 524 563 293 1647 2247 524 2023 1444 396 2410 1265
34 58 72 76:9564:1456 6989 370 749
26 56 72 86 89 90 92 95 99:15280:41 2170 153 1617 506 6209 2798 1344 442
86 89 92 95:8501:780 5445 1000 1276
92:554:554
92 94 95 97 99:6240:2163 280 2709 632 456
38 90 92 94 95 99:19901:355 9659 2128 571 4554 2634
32 92 95:2666:51 573 2042
24 28 34 53 58 72 77 80 90 91 92 95 98 99 100:18370:58 269 120 330 1415 460 620 578 4416 696 3152 4534 486 485 751
26 28 42 48 53 56 58 77 79 89 92 95 100:15735:67 423 302 3 1241 4614 552 359 295 4783 1140 1265 691
92 93 95 97 99:7895:2012 180 3072 699 1932
38 42 47 56 92 93 94 95 99:8086:405 923 54 696 1222 106 68 4231 381
42 56 77 80 92 95:7351:375 2946 341 608 1542 1539
28 33 34 53 58 59 63 72 77 80:28824:1322 1555 423 6963 308 5987 528 1820 4250 5668
33:27:27
10 12 17 26 28 53 54 61 65 72 74 75 76 77 80 82 86:76951:14492 1102 193 552 443 4725 4402 6762 563 1942 165 908 847 2487 28882 2392 6094
38 40 42 43 72 75 76 82 92 95 97 99:25123:655 2265 534 1317 345 948 5398 7451 2049 1015 776 2370
72 73 74 77 82 87 88 92 94 96:10380:98 83 93 808 6429 1263 197 647 263 499
20 36 38 43 57 65 72 74 76 77 80 82 83 87 92 94 95 97 99 100 101:34921:45 131 2176 650 481 385 702 201 1328 215 3293 8831 4105 405 2639 772 1719 1379 1808 2100 1556
38 42 76 77 82 83 86 89 92 95 99 100:30249:1320 1122 5338 469 774 1894 1047 517 1406 1769 13158 1435
40 42 92 94 95 97 99 100 101:24932:1755 470 806 463 1978 2670 9167 3076 4547
40 42 45 47 65 92 94 95 97 99 100 101:26532:663 1022 998 37 447 2079 319 1615 2240 11886 2237 2989
40 43 63 72 80 92 95 99 100 101:27009:691 528 379 329 19973 1210 460 1441 798 1200
28 42 58 75 78 80 95 97 99:10837:31 663 3497 778 1127 2789 456 728 768
38 42 75 76 92:3740:411 497 1522 990 320
77:414:414
36 38 42 76 92 94 95 97 99 101:10355:156 622 726 1734 1121 216 428 1149 3026 1177
40 82:4520:908 3612
4 46 47 56 65 72 73 82 87 92 94 95:13812:39 46 91 356 645 156 27 8927 1480 1661 105 279
64 72 82 86 87 92 93 94 97:12077:161 130 3383 4660 722 892 156 325 1648
82 83 86 87 92 94 95:8583:2625 744 1730 271 1220 347 1646
99:1112:1112
16 17 74 82 86 89 92 94 95:8758:217 27 100 3094 2856 454 1376 253 381
48 73 94:437:52 158 227
82 86 87 92 94:22732:12448 8353 1067 555 309
16 72 73 82 83 86 87 90 92 95:31590:586 156 56 12468 1672 3484 620 8306 3419 823
37 47 72 74 82 83 86 87 88 89 92 93 94 95 96 97:45086:498 224 376 541 25048 1037 7650 1338 1455 418 3709 33 783 598 749 629
82:4207:4207
16 26 28 34 36 53 54 56 57 58 59 72 73 74 75 76 77 79 80 81 82 87 93:39389:285 94 248 497 218 816 738 496 9095 291 579 2385 94 116 743 1530 2932 456 2593 1374 12644 851 314
16 26 76 82:2085:300 112 570 1103
16 20 36 65 72 75 82 83 86 87 88 92 93 94:69176:367 152 234 247 349 668 42787 1658 18503 2121 893 619 62 516
16 19 27 38 55 57 64 65 72 73 74 76 77 82 83 86 87 92 93 94:50342:1996 15 192 248 86 758 280 161 1914 644 46 867 1333 29911 2740 7014 294 1140 65 638
82 86 95:14870:7831 6693 346
24 82 86 87 90 92 95:36191:51 14083 8103 1246 11198 774 736
82 83 86 87 89 92 95:11320:2195 726 4754 780 446 1413 1006
82 86 87 89 92:62714:21701 35881 270 4566 296
82 86 93:19151:5798 13286 67
74 86 89 95:5265:137 3863 849 416
72 92 95 97 99:4404:177 2214 961 579 473
58 65 82 87 90 92 95 99:18003:565 198 5073 1614 6699 2083 1219 552
4 28 38 56 58 72 76 77 80 86 89 92 95 99:52862:55 29 356 830 2072 2396 3728 152 4529 34101 462 1547 2272 333
65 72 82 83 86 87 89 92 94 95 99:22950:52 181 189 1032 7496 7643 2363 884 571 2116 423
16 42 46 48 50 82 86 89 92 95 99:32351:38 884 40 72 351 8963 12824 448 2413 4727 1591
17 86 89 92 95 97:44214:25 37194 2930 1264 723 2078
17 35 58 59 61 64 65 70 72 74 76 77 81 82 83 84 86 87 92 94:69762:18 4763 1521 3194 6483 1233 264 5192 2407 106 1180 1036 3196 21367 960 216 14290 1933 301 102
72 88:1667:554 1113
24 86 89 90:61234:18 36629 450 24137
28 53 58 61 72 77 80 81 89:82647:4482 9004 16789 31051 2482 986 6379 8321 3153
17 33 82 86 89 90 91:61325:132 24 7124 45666 2829 4885 665
64 93:364:305 59
3 17 28 33 34 56 58 61 67 72 77 80 81 86:67670:40 203 4980 1235 317 1561 9437 3585 1554 343 1550 1723 30165 10977
94:50:50
64 72:335:300 35
94:467:467
33 36 61 76 79:15366:1587 361 12063 596 759
72 92 93 96:848:47 153 115 533
4 16 47 48 72 82 86 87 89 94:27872:31 213 93 37 187 11409 14673 509 487 233
48:70:70
46 48 76 83 92 93 94:26600:219 175 17201 50 462 404 8089
17 26 27 28 29 34 38 40 42 57 58 65 72 74 76 77 80 82 86 87 89 92 93 94:87390:226 722 1110 91 3380 1106 521 826 573 2160 1344 71 303 93 700 210 5390 22581 42206 555 828 1503 157 734
76 86:13380:1649 11731
86:20019:20019
16 48 72 82 83 86 87 88:78599:248 25 299 42444 4308 28945 1491 839
17 82 86:15804:114 2644 13046
17 38 72 82 86 89 90 91 92 95 97 99:61281:98 453 98 2031 38205 1343 14209 1252 305 1824 639 824
54 77 92 95 97:4164:185 38 1220 2004 717
43 48 49 64 72 82 86 92 94 95 99:9689:485 57 283 128 66 5188 262 1829 197 691 503
67 72 77 86 92 95 96:4880:52 123 473 1239 917 1464 612
17 46 50 65 72 74 77 86 92 95:24183:28 34 238 324 176 85 462 22201 307 328
86 90:18196:11692 6504
17 82 86:12635:35 2716 9884
82 87 92 94:8279:5963 1164 908 244
64 82 83 92 94 95:7529:98 4784 686 864 800 297
55 57 72 73 74 75 77 81 82 83 92 94:42745:107 688 992 426 168 457 563 21653 14548 2640 183 320
36 38 72 82 86 89 92 94 95:14875:104 844 1034 2942 2761 1076 3786 653 1675
76 92 94 95 99:11743:8184 1660 235 1106 558
86 87 92 95:6402:2269 289 2077 1767
76 86 95:9189:5860 3037 292
42 43 57 82 86 92 95 99:12805:290 426 5706 732 1224 2463 1421 543
36 82 86 87 92:12744:98 2261 8045 289 2051
38 72 82 86 92 94 95 100:14346:251 267 3197 4458 3550 382 1413 828
38 75 76 82 86 87 90 92:39569:584 1000 890 7211 8121 588 20481 694
72 75 77:13197:265 12869 63
24 38 42 82 83 86 87 88 90 92 95 99:40874:50 477 40 5679 6897 1366 580 187 17824 5780 1570 424
82 83 86 87 89 92:45812:14880 6809 17602 2401 2126 1994
72 74 77 82 83 86:40366:1655 676 64 23383 4981 9607
38 42 82 86 87 89 90 92 95 98:23167:330 274 4230 10930 684 542 2334 1202 2139 502
38 74 92 95:2961:341 197 1139 1284
64 75 80 86 89 95:26111:52 948 5568 11553 7856 134
31 86 90 92 95 99:32469:62 13525 16994 301 561 1026
61:32843:32843
72:56:56
72:44:44
42 92 95 99:3211:126 381 1976 728
92 95 99:1781:433 814 534
73:45:45
94:110:110
19:32:32
31:69:69
74:23:23
48:35:35
48 92:368:70 298
99:710:710
67:479:479
31 63:406:89 317
93:138:138
95:362:362
