28 53 54 55 56 57 63 69 72 73 74 75 76 77 78 80 82 87 88 92 93 94 96:36270:156 38 795 237 75 1250 176 5787 1105 354 706 5649 4047 602 371 5611 4956 310 1624 264 258 1264 635
57 63 74 75 76 77 83 88:26876:14219 1166 296 7874 824 1650 679 168
28 29 38 53 56 58 63 65 69 72 73 74 75 76 77 78 79 83 92 94:21404:303 412 497 1749 3356 1080 968 1096 1385 935 52 430 797 3072 1410 395 1913 646 171 737
80:4991:4991
26 54 56 77:5722:725 3879 522 596
28 53 77:4263:719 3168 376
76:927:927
72 74 83 88:423:79 139 69 136
92:198:198
65:265:265
17 46 48 65 72 74 76 77 82 86 87 89 92 94 95 96:37906:147 45 177 307 584 20 3603 1617 13439 9607 588 1353 2529 2994 308 588
16 17 22 36 38 46 47 48 58 65 72 73 75 77 80 82 83 84 86 87 88 89 92 93 94 95 97:83714:240 43 200 291 533 80 182 244 7754 242 402 120 3099 1393 2917 33726 195 249 15345 613 2198 681 4794 337 6461 787 588
36 46 63 64 65 66 67 73 74 76 82 87 92 94:16044:105 180 1713 259 904 5042 833 65 140 1559 1880 255 955 2154
51 63 65 66 67 72 74 80 82 86 92 93 97:19961:780 1924 654 1012 1861 1016 110 2026 4560 4008 1015 256 739
36 38 40 46 48 56 63 64 65 66 72 73 74 75 76 77 80 82 83 86 87 92 94 95 96 98:81286:228 370 618 60 235 1550 1276 788 1258 1263 1379 222 1111 670 2221 100 15777 23938 207 16898 3884 2457 3259 231 645 641
67 82 83 86 87 92 94 95 96 97:9579:1042 1907 592 923 236 1868 854 793 728 636
46 47 72 73 82 83 87 92 93 94 100:22802:247 132 171 66 9199 2281 477 4177 822 4557 673
46 48 64 65 74 82 88 92 93 94 95 96:19468:80 191 598 347 30 3786 990 4773 1138 6073 964 498
72 82 83 87 92 94 95 98:10760:312 3034 800 1191 1910 2845 160 508
97:884:884
82 87 92 93 94 97:7090:2737 436 1110 204 1610 993
93 94:980:453 527
46 63 65 67 72 73 74 82 83 86 87 88 92 94 97:15865:31 303 742 911 57 439 101 4666 157 1076 1704 279 1552 3331 516
54 56 72 74 83 92:4476:1670 1577 208 249 681 91
36 72 92:645:309 236 100
65 74 79 86:39972:35 276 28645 11016
73 74 92 94 97:2376:91 25 524 1174 562
33 48 59 61 63 65 67 74 75 79 81 84:162266:54055 143 37496 1462 320 681 562 89 443 13372 53171 472
63 75 76 79:25102:54 501 2108 22439
69:2434:2434
27 29 36 46 48 50 55 56 63 64 65 66 67 68 72 73 74 75 76 77 78 82 83 85 86 88 92 93 94 96:54672:249 295 534 212 42 337 425 389 3636 3328 3183 1911 753 623 2212 1176 1009 633 4593 1352 957 11239 1398 131 7485 175 1640 1146 3118 491
22 36 56 63 64 65 72 77 82 86 89 92 94 95:27254:230 119 730 306 210 343 522 211 13828 6248 752 2010 1405 340
4 36 38 46 57 64 65 67 72 73 74 82 83 92 94 95:15205:53 189 712 399 339 460 128 376 566 61 202 695 417 6338 3772 498
82 92 94 97:4623:2932 197 935 559
82 92 94:4496:3606 655 235
72 73 74 82 83 85 86 87 92 93 94 95 96:29715:730 208 348 10166 976 1442 6371 227 5737 137 2080 803 490
65 77 94:1042:425 340 277
72 73 82 92 94:13839:110 24 11629 230 1846
38 46 47 64 65 72 73 82 83 88 92 94 96:18466:209 181 71 608 224 906 157 10435 1431 1239 1359 1171 475
64 73 74 78 83 85 92 94 95:6359:325 20 130 455 37 158 2163 2842 229
39 46 47 64 65 92 93 94:5869:1080 62 206 342 1211 1745 340 883
64 65 83 94:15700:1029 823 13443 405
36 38 46 47 48 64 65 66 72 73 74 76 77 78 82 83 84 87 92 93 94 95:26151:298 466 360 278 42 545 325 897 1113 267 1799 580 327 362 1941 2271 244 651 5631 269 6714 771
46 63 74 78 82 92 93 94 97:7949:160 224 46 249 1293 578 337 2842 2220
47 63 82 92 94:2594:127 151 669 665 982
16 38 46 47 50 73 74 76 82 92 93 94 95 96:21557:8 903 86 376 318 176 13 882 6005 3950 869 6500 811 660
64 65 72 74 82 83 92 94:12093:544 1276 324 33 6464 1540 359 1553
2 31 38 46 47 48 50 55 63 64 65 67 68 70 72 73 74 75 76 77 80 82 83 88 92 93 94 96 97:74954:50 333 204 278 255 81 317 421 1059 503 1745 1547 715 5694 4262 1033 586 6082 839 1773 4328 32035 1866 135 3074 145 3616 1193 785
4 65 72 73 74 76 82 83 84 85 86 92 93 94 100:18884:38 192 274 220 46 1408 2156 6240 318 102 1071 2670 114 3469 566
36 46 47 50 64 65 72 82 83 87 88 92 93 94 95 96 97 100:19297:187 242 204 308 220 228 241 2812 896 528 1896 3684 509 3488 1040 500 1727 587
47 63 64 74 83 92 93 94 95:10421:49 440 58 61 1667 6017 217 1045 867
46 48 74 75 82 83 92 94 95:13045:130 103 124 2466 2420 2693 2734 2171 204
64 65 68 72 82 83 92 94:5252:144 194 644 360 678 723 2335 174
72 73 74 84 87 92 94 95:3630:306 143 498 265 297 1414 510 197
36 46 47 72 73 74 92 93 94 95 96 97:11333:338 247 271 190 43 78 4650 430 3057 336 575 1118
46 47 48 50 51 73 92 93 94 95 96 97:14060:228 305 52 462 278 95 3902 274 6010 986 563 905
92 93 94 96:1614:166 194 760 494
46 47 48 73 74 92 94 95 97 99:10839:175 1053 61 166 45 4188 3425 290 693 743
47 48 51 74 78 92 94 96 98:4046:189 174 311 47 249 1146 923 500 507
46 48 51 72 73 74 92 93 94 96 97:14516:63 441 678 325 31 90 3344 1472 5619 1666 787
64 92 93 94:1723:378 214 75 1056
50 92 93 94:2161:467 918 85 691
65 72 89 92 93 94:2736:152 82 1132 346 690 334
48 92 94:732:60 327 345
37 48 73 92 93 94 97:4914:382 146 9 1857 360 1592 568
64 82 88 92 93 94 95 99:9383:318 2349 141 3513 653 1794 324 291
46 47 48 73 76 92 93 94 95 96 97:23316:391 586 314 41 595 9644 604 7534 260 476 2871
46 48 92 93 94 96 97:3387:364 207 102 553 905 560 696
46 47 48 92 93 94:1014:58 30 133 223 150 420
46 72 73 92 94:1673:70 50 16 664 873
46 47 48 51 64 72 82 92 93 94:8118:45 243 299 362 55 50 3879 1048 761 1376
47 72 92 94 97:2012:150 66 128 1162 506
74 87 92 94:1903:27 946 170 760
36 38 46 56 64 65 72 73 74 76 78 82 92 93 94 95 97:17508:1020 355 376 1922 503 454 547 74 316 1762 253 4184 2598 515 1731 238 660
47 65 66 92 94:4199:138 1194 1937 386 544
63 65 72 74 78 92 94:2512:289 268 46 44 359 529 977
36 46 47 48 64 65 66 72 73 74 76 77 82 84 86 87 92 94 95:22347:285 87 78 124 1149 2723 1059 2352 115 591 680 401 981 214 756 1078 4887 3930 857
2 6 38 46 47 51 63 64 65 73 74 76 78 82 86 87 92 93 94 95:17478:30 157 289 96 208 269 340 351 1212 105 195 532 360 1761 949 481 5780 138 3539 686
65 72 73 82 92 93 94 95:12495:229 19 16 3645 6034 231 1977 344
48 92 93 94 96 98:4128:297 1050 81 1748 482 470
72 92 94:2155:44 969 1142
46 47 73 75 82 92 93 94 95:10698:114 47 24 401 2178 4858 288 2591 197
46 47 48 64 92 94 95 98:6312:571 113 65 269 2197 1884 669 544
7 46 47 64 65 73 74 75 76 92 93 94 96 97:4748:7 37 38 288 354 196 200 352 1322 196 177 490 511 580
48 74 92 93 94 97:3128:175 25 1062 437 892 537
46 47 48 73 86 92 93 94 95:10909:406 279 174 134 847 4250 842 3622 355
46 47 48 72 74 77 82 83 92 93 94 95 97:9635:220 138 252 95 30 414 574 342 2630 468 3266 565 641
48:91:91
93:180:180
4 36 48 63 67 72 73 74 77 82 88 92 94 95:18573:43 352 41 241 566 552 69 413 473 973 423 10010 3408 1009
46 48 72 73 74 92 93 94 95:6148:237 134 271 58 118 2658 54 2349 269
36 64 74 82 83 87 92 94 95 96 97 98:18146:791 84 73 3011 101 1153 4376 4528 647 979 1871 532
46 47 65 72 73 74 82 88 92 93 94 95 96:19715:324 185 48 45 111 106 1902 673 9580 561 5199 500 481
46 47 48 64 72 73 74 92 93 94:7473:258 57 84 178 29 30 323 3478 613 2423
46 47 48 65 72 73 82 86 89 92 93 94 95:18864:1224 81 32 168 57 102 2427 541 417 8738 488 4029 560
4 48 51 72 73 74 76 88 92 93 94 95 96 99:20457:52 157 316 179 142 75 647 259 5545 997 10720 463 602 303
47 51 63 65 72 74 76 80 82 86 87 92 93 94 95 96 97:21459:52 282 930 333 235 17 713 2633 1662 1074 498 4771 661 3778 650 1671 1499
48 73 74 92 93 94 95 96:7229:54 106 128 2245 772 1982 330 1612
38 64 65 73 74 82 83 88 92 93 94 95:18591:68 181 314 133 151 2008 3588 864 6811 260 2832 1381
3 47 72 73 74 82 85 92 93 94 95 96 97 100:20633:32 166 55 53 34 2134 344 11457 772 3149 256 531 1635 15
2 16 46 47 48 73 74 82 88 92 93 94 95:16784:13 29 160 345 40 65 78 6501 786 4030 463 3580 694
46 48 64 74 82 92 93 94 97:14288:102 95 127 43 3816 3880 668 5031 526
47 48 75 78 92 93 94 97:10581:321 98 462 284 2909 233 5672 602
46 92 94 96 97:5131:198 1087 1717 823 1306
63 92 93 94:1164:127 413 129 495
47 48 72 73 82 92 94 95 96:8700:44 42 139 89 2362 2560 2557 230 677
46 48 63 64 73 82 83 88 92 93 94 96:12022:180 97 782 257 197 827 222 622 3924 219 4212 483
93:50:50
48 93 94:978:249 562 167
94:71:71
47 48 63 65 67 72 73 74 82 87 88 92 93 94 95 96 97:26495:68 153 286 325 540 1370 323 259 6651 662 370 7522 445 5599 893 522 507
46 48 72 73 82 85 92 94 97:4083:201 24 74 70 980 619 617 925 573
37 46 47 63 64 65 72 73 74 82 86 92 94 95 96 97:23799:110 455 59 221 178 895 145 176 176 2194 3638 8317 4718 1088 601 828
92 93 94:2803:999 171 1633
36 37 38 46 47 48 55 63 64 65 66 72 73 74 75 82 92 93 94 95 96 98:42191:137 233 72 796 152 490 8 479 277 789 869 1398 338 1150 1287 8369 10212 1945 10630 1364 611 585
16 36 38 46 47 69 72 74 78 82 87 92 93 94 95 97:25259:16 176 58 293 113 2066 300 329 571 5043 1448 9116 138 4051 500 1041
36 46 47 48 65 72 73 74 82 92 93 94 95 96 97:20890:88 348 233 285 255 186 82 268 392 7302 1371 8696 210 570 604
2 46 47 48 72 74 87 92 93 94 95:20910:100 171 154 925 429 245 518 8377 1029 8472 490
36 46 47 48 64 72 82 87 92 93 94 95 97:22149:225 282 225 665 49 77 815 907 8410 1473 7241 452 1328
38 48 55 64 72 73 74 76 92 93 94 95 96 97:21993:150 33 94 72 234 219 64 616 9360 826 8272 427 482 1144
46 48 92 93 94 98:1879:42 56 269 66 820 626
38 46 48 63 64 73 82 85 92 93 94 96:16369:238 100 217 429 213 62 852 57 6440 639 5350 1772
48 74 92 93 94 96 97:5668:43 16 1850 579 1697 528 955
76 82 92 94:7237:1396 4367 1294 180
80:2311:2311
2 5 46 63 64 65 67 72 73 74 76 77 78 79 92 94 96:31678:80 324 90 1865 1274 1763 321 51 130 215 617 2146 532 20404 390 1000 476
46 47 48 49 73 74 82 92 93 94:12346:95 390 236 443 351 163 2163 5789 286 2430
36 38 46 47 48 63 65 72 73 75 76 77 82 83 87 92 93 94 95 97:19919:297 53 459 213 43 750 1382 237 35 558 727 462 3446 99 484 4922 201 4233 797 521
2 3 36 38 46 55 63 64 65 72 73 74 75 76 77 78 82 83 87 88 92 93 94 95 96 97:29702:72 50 640 279 301 11 288 553 249 695 503 705 401 797 396 667 3587 268 495 489 7890 779 6349 1090 1633 515
54 72 74 82 87 88 92:4803:160 683 49 2392 467 344 708
16 46 47 55 65 76 82 92 93 94 95 96 97:20508:45 501 289 11 147 1131 4351 6774 743 3576 768 497 1675
46 67 72 73 74 77 82 86 87 92 93 94 95:15639:195 149 151 15 46 223 2414 563 881 6378 201 3050 1373
4 46 50 63 65 72 74 82 88 92 93 94 95 99:16985:3 180 596 175 807 16 26 4774 167 6848 467 1557 1124 245
47 64 72 73 74 82 88 92 93 94 95 96 97 100:14093:43 22 231 114 251 2394 848 4119 343 2969 1180 482 515 582
73 74 92 94:933:78 200 338 317
36 46 64 72 73 92 94 95:3730:201 144 147 23 60 1061 1734 360
63 65 66 69 72 76 86 92 94:30243:403 381 899 4217 140 4492 19431 218 62
37 92 93 94:706:148 192 100 266
65:135:135
3 36 46 47 63 64 72 74 75 78 83 88 92 93 94 95 97:9372:35 290 167 51 457 134 196 301 1112 348 123 321 2142 315 2056 659 665
32 36 38 46 47 63 64 65 67 72 73 74 82 87 92 93 94 95 97:28716:171 135 142 67 544 213 1086 1376 95 105 19 223 4395 642 10492 763 7176 532 540
36 38 46 47 64 72 73 74 76 82 87 92 93 94 95 97:29684:178 278 470 303 719 84 83 361 1033 3872 921 10776 551 7152 1767 1136
3 38 46 47 48 63 64 65 73 77 82 87 88 92 93 94 95 97 99:32189:41 163 616 36 283 27 260 534 40 193 6015 1466 909 10806 299 3648 3447 2909 497
46 92 93 94:1867:164 557 145 1001
2 4 37 38 46 47 48 64 65 72 73 82 86 87 92 93 94 95:33483:28 105 89 239 813 223 13 742 356 164 79 2807 1284 1189 14175 1954 7123 2100
39 92 94:1533:606 384 543
21 36 38 47 48 64 65 72 73 74 75 82 83 87 92 93 94 95 96 100:41028:35 122 423 345 53 102 526 651 218 285 1126 9354 160 1952 11705 1463 8796 1489 1585 638
38 47 64 65 72 73 74 75 76 82 83 87 88 92 93 94 95 97:38114:255 68 158 192 473 86 143 831 1312 5063 108 1781 333 16088 935 7265 1851 1172
2 36 38 46 47 48 50 64 72 73 74 77 82 85 87 92 93 94 95 97 99:34613:62 1041 40 367 179 204 344 65 697 282 407 451 7551 153 400 13295 108 6215 1669 774 309
4 46 51 64 72 74 82 87 92 93 94 95 96 97:30576:23 81 304 95 32 137 10481 426 12336 103 3123 1756 1101 578
36 47 48 51 63 64 65 66 69 72 73 74 82 87 92 93 94 95:29443:248 392 35 527 570 104 685 1088 5035 85 47 42 8308 639 6756 291 3465 1126
92 94:2646:1251 1395
48 73 82 87 92 93 94 95:4601:120 58 222 11 2758 147 960 325
46:44:44
46 48 74 82 92 93 94 95:7813:189 298 156 2321 1671 656 1531 991
46 47 92 93 94 95:3753:355 111 1685 172 1098 332
46 64 65 76 77 92 93 94:4137:239 370 218 1345 622 832 91 420
46 68 72 92 94:3704:168 669 410 652 1805
46 48 76 78 92 94 95:4172:386 25 1445 382 797 874 263
46 73 74 92 93 94 95 96:6604:162 95 54 2487 117 2776 211 702
92 93 94 96:5511:2153 701 2166 491
38 46 64 72 73 74 76 78 80 82 83 87 92 93 94 95 96 97:30943:230 450 457 806 92 654 1736 253 14142 1405 544 653 3259 1012 3995 244 502 509
37 38 46 47 48 64 65 72 73 74 82 83 85 87 92 93 94 95:14389:44 31 85 73 219 44 49 376 102 502 976 592 322 741 6569 823 2513 328
38 46 64 72 73 74 78 83 85 88 92 93 94 95:11365:309 59 142 372 31 730 266 399 328 683 4887 278 2555 326
4 31 47 82 83 85 92 93 94 95:5885:66 92 159 533 465 88 1960 354 1987 181
73 82 88 92 93 94 95:5658:69 608 282 3332 150 741 476
36 38 46 47 48 64 73 74 82 87 92 93 94 95 96:12708:129 132 50 65 162 262 43 31 2050 852 5148 507 2570 226 481
4 38 46 47 64 65 72 73 74 82 83 92 93 94 95 96:23683:77 290 435 358 198 60 34 123 308 743 731 10238 1201 8044 342 501
2 3 38 46 47 72 73 74 83 85 87 92 93 94 95:15555:40 37 217 326 547 128 138 65 48 352 733 6185 1070 4601 1068
36 38 46 47 48 72 73 74 82 83 85 92 94 95:18521:147 222 18 291 23 421 76 246 3902 1432 68 6683 4425 567
36 46 47 48 57 63 64 65 72 73 74 82 92 93 94 95 96:22365:174 721 258 85 399 341 413 1151 611 155 29 1684 7940 517 6579 790 518
47 63 72 74 82 83 92 93 94:13856:128 418 255 253 1849 83 5593 454 4823
46 47 48 63 65 72 73 74 76 82 83 92 93 94:11053:73 226 80 110 294 208 47 84 555 432 314 4854 71 3705
46 48 51 63 64 72 73 92 93 94 95 96:13781:430 31 275 956 136 40 73 6289 1062 3751 192 546
46 47 50 72 73 83 92 93 94 97:10502:763 82 424 464 43 296 4036 372 3269 753
46 48 49 64 73 74 92 93 94:6740:120 126 425 184 57 209 1621 1045 2953
46 48 64 72 92 93 94:4539:292 32 299 16 750 536 2614
46 64 72 73 74 80 82 92 94:7578:94 40 124 462 112 1800 2664 786 1496
38 46 47 65 72 74 82 92 93 94 95:11426:217 526 318 300 44 331 886 4036 698 3369 701
46 47 48 64 65 72 73 74 77 92 94 96 98:6919:174 253 382 393 232 515 147 353 529 667 1470 1313 491
46 47 48 51 65 72 73 92 93 94:7720:507 360 102 298 358 11 30 1268 54 4732
94:437:437
92 96:754:171 583
2 36 46 48 64 65 67 72 74 76 92 93 94:14498:17 63 273 109 135 626 340 1217 127 850 5098 983 4660
47 65 72 73 74 78 92 93 94 96:14571:468 322 271 50 733 273 5128 572 6155 599
37 38 47 48 63 64 65 68 72 74 92 93 94 95 96:17865:84 298 495 249 649 99 638 596 569 26 6793 514 6099 249 507
16 46 47 48 66 73 82 92 93 94:4114:50 142 78 97 1637 216 429 659 536 270
38 46 47 48 50 64 65 72 82 85 88 92 93 94 95 97:16437:306 315 380 216 419 289 192 241 171 327 586 4933 327 6936 280 519
38 46 47 48 72 73 74 82 92 93 94 95 96 97:17885:63 666 68 190 282 322 169 882 5228 968 7670 223 589 565
4 46 47 48 63 72 73 74 92 93 94 95 96 97:25144:25 847 144 101 562 68 198 72 9037 293 11840 739 585 633
48 57 63 64 69 72 73 74 75 92 94 95:8693:53 1891 248 12 3822 195 72 147 406 618 956 273
36 46 47 50 64 65 68 72 73 74 75 76 83 88 92 93 94 95 96:30503:17 246 699 315 104 370 597 89 242 55 1305 1182 243 136 8090 1924 12307 588 1994
3 4 36 38 46 47 48 63 64 65 72 73 74 76 82 85 92 93 94 95 96 97:41084:15 143 636 96 273 602 123 226 251 67 1503 162 266 762 423 399 15026 1416 15443 617 1512 1123
37 46 47 48 64 72 73 74 92 93 94 95 96 97:31512:47 169 260 373 413 415 275 118 9589 1004 13930 1639 1544 1736
46 47 48 63 64 65 72 73 74 76 87 92 93 94 95 97 98:23311:1016 535 676 203 110 259 1901 235 689 1758 716 4973 1220 6941 180 1262 637
48:68:68
4 46 47 48 64 73 74 78 92 93 94 96 97:20279:27 1002 59 741 41 287 349 319 2601 1762 9414 1939 1738
46 47 48 50 63 64 72 73 74 78 88 92 93 94 96 97:19948:945 30 1035 446 100 68 161 175 466 305 378 3188 1942 6887 476 3346
31 46 48 51 64 72 73 74 75 92 93 94 95 96 97:19212:94 1233 1085 263 430 153 354 400 431 1410 2929 5920 117 1259 3134
36 46 47 48 51 60 65 72 73 74 76 78 92 93 94 96 98:17316:166 895 36 517 618 150 942 450 2265 1208 569 302 818 2797 3857 544 1182
93:288:288
46 48 50 73 75 78 92 93 94:6411:79 97 521 124 400 653 349 655 3533
2 46 47 48 72 74 92 93 94 97 98:6770:76 619 119 646 308 27 1725 641 1206 621 782
38 73 74 76 93 94:2486:362 246 331 1046 315 186
40 46 47 48 50 83 92 94 97 98:13557:933 30 60 188 487 9704 845 215 553 542
36 46 47 48 68 73 93 94 98:4157:154 94 163 96 904 14 1073 836 823
48 94:190:57 133
72 74 92 94 95 96:1838:250 120 160 463 334 511
46 47 48 73 74 92 93 94 96 97:4195:347 78 280 126 37 760 156 1339 506 566
92:245:245
37 46 48 65 66 74 92 93 94:7959:218 65 110 211 1035 38 2021 185 4076
46 48 64 65 72 73 74 78 84 92 93 94:10809:111 175 288 628 577 239 116 324 805 4467 273 2806
36 46 47 48 51 72 73 74 76 78 85 88 92 93 94 98:26442:206 429 343 561 255 1086 1331 777 2660 1362 116 456 7343 2469 6162 886
48:35:35
94:50:50
2 46 47 48 65 72 73 74 76 77 78 88 92 93 94 96 97:27444:35 506 875 479 68 1458 359 739 1633 927 522 915 7509 859 7118 533 2909
4 46 48 65 72 73 74 92 93 94 95 96 97:12354:9 75 250 82 38 79 161 5486 52 4259 289 1043 531
72 92 94:1768:1078 267 423
46 92 93:576:16 495 65
4 46 47 48 64 73 74 78 92 93 94 95 96 97:15672:57 1109 105 249 104 112 80 322 5702 838 5692 255 511 536
2 46 47 48 51 64 72 73 74 82 92 93 94 97 100:33471:15 928 17 436 808 288 918 1374 713 323 5758 2175 16086 3038 594
46:77:77
48 94:179:35 144
36 46 47 48 64 65 72 73 74 76 77 92 93 94 95 96 97:23354:264 529 315 540 132 339 98 241 158 757 680 4970 2373 9348 602 1124 884
92 94:751:430 321
95:305:305
92 93 94 95:6512:4091 758 873 790
92 93 94:2462:1420 100 942
46 48 74 92 93 94 95 97:14635:102 46 156 7282 649 2647 296 3457
94:234:234
92:352:352
72 92 94 98:2333:152 611 1029 541
74 92 93 94 96:3978:51 1561 174 893 1299
48 64 92 94:527:23 44 263 197
38 46 64 65 66 72 80 92 93 94 95:26232:272 95 195 198 1054 136 20150 2301 75 1468 288
38 46 48 63 64 66 68 76 92 93 94:11011:539 316 36 1153 456 1024 1430 3860 1667 185 345
64 65 73 92 93 94:2665:349 255 147 1244 270 400
46 51 63 64 65 68 72 73 74 76 78 92 93 94 97:12721:315 260 408 445 1776 793 47 123 251 1795 1080 2065 163 1818 1382
65 78 93 94 96:3108:789 380 90 876 973
92 93 94:1126:570 120 436
72 73 92 93 94 96 97:9575:165 156 2035 398 3936 474 2411
64:192:192
46 64 72 73 74 78 92 93 94 95 97:9078:169 77 133 125 82 1057 2464 1001 3037 385 548
47 64 65 67 73 92 93 94 95 96:14372:136 580 649 47 56 5335 1087 5186 273 1023
92 93 94 97:1490:300 286 158 746
48 51 64 73 78 92 93 94 97:4451:105 262 86 86 589 1009 328 1108 878
47 65 72 73 92 94 96:4412:78 455 24 91 2347 873 544
46 73 92 93 94:3009:170 156 1000 154 1529
72 73 92 94 97:4886:131 48 2945 617 1145
73 74 92 94 95 99:4393:128 14 1092 2577 362 220
7 48 74 92 93 94 96 97:5262:295 49 63 1274 247 1901 599 834
46 51 55 65 73 74 92 94 96 97 98:5885:107 600 6 365 89 183 109 1725 505 1543 653
48 73 74 82 93 94:12210:185 61 72 11148 485 259
46 47 48 72 73 74 92 93 94:4505:272 186 105 107 15 62 917 604 2237
51 97:1079:342 737
46 92 93 94 95 97:3617:115 852 172 694 572 1212
40 64 65 72 73 75 76 92 94 97:9355:764 200 238 138 39 779 969 2594 2357 1277
92:351:351
92 95:1099:428 671
64 78 92 93:7055:353 5967 632 103
92:384:384
92:82:82
95:394:394
46 47 64 65 72 73 74 80 82 92 93 94 95 96:37298:452 203 410 680 828 279 396 1955 10085 8892 1901 9429 987 801
46 47 48 92 93 94:915:25 116 107 378 64 225
92 94 95:4742:3598 330 814
92 94 95 97:3114:870 595 304 1345
47 48 63 92 93 94 95 96 98:6341:7 103 1175 2609 86 654 463 572 672
46 72 92 93 94 95 97 98:7919:126 324 3659 509 840 323 1637 501
47 51 64 92 94 95 98:4243:223 300 386 1444 321 1017 552
65 92 93 94 95:2876:115 1569 558 229 405
47 92 93 94 95 96 97 98:10954:39 5867 287 867 1051 520 1852 471
92:272:272
48 74 92 94 95:2123:34 240 1204 217 428
38 46 80 92 95 99 101:6501:114 38 2497 1214 680 934 1024
46 47 72 92 97:1230:107 51 140 386 546
92 94 95 100:2847:1609 107 364 767
47 51 97:2990:125 426 2439
46 48 82 83 93 94:22750:109 47 6255 16000 109 230
25 75 83 88 92 93 94 96:32582:117 4315 21109 3326 404 2065 246 1000
94:7273:7273
83:12186:12186
83:14169:14169
83:11508:11508
83:11654:11654
36 46 48 51 64 65 72 73 74 77 92 93 94 96:12070:205 130 759 361 502 500 193 138 54 495 2036 1195 4341 1161
2 36 46 64 65 73 74 76 92 93 94 96 97 101:13602:20 371 92 381 433 176 246 1193 1023 1345 1550 477 2540 3755
48 64 92 93 94 97:3054:199 23 831 490 990 521
69 82:3184:1444 1740
46 48 73 92 93 94:5591:235 306 84 1259 1033 2674
48 72 73 74 92 93 94:5156:112 70 88 294 1397 1964 1231
46 48 73 74 75 92 93 94 97:7299:278 181 111 14 492 1752 2425 1530 516
93 94:905:517 388
48 51 73 74 92 93 94 96:7665:763 250 115 26 851 1243 2094 2323
46 48 74 93 94:4502:77 399 273 1431 2322
36 46 48 92 93 94 96 97:3760:200 178 346 739 397 721 526 653
46 64 76 92 93 94 96 97:5552:42 88 514 833 996 1674 530 875
48 64 65 72 73 74 92 93 94:4534:129 142 368 194 355 331 960 176 1879
94:149:149
94:165:165
93 94:214:75 139
93:341:341
93:50:50
75:599:599
46 48 74 93 94 98:3372:378 80 124 563 1485 742
47 48 65 93 94 97:4854:145 370 110 1101 2209 919
93:137:137
72:411:411
4 48 72 73 74 76 88 92 93 94 96 98:10607:60 635 178 84 119 2303 866 2211 1293 1742 486 630
46 48 77 92 93 94 96 97:8758:85 396 216 2649 1195 2969 528 720
46 47 48 64 65 73 74 75 78 92 93 94 96 97:13089:337 144 58 275 346 218 329 650 326 1452 2650 5289 477 538
46 48 65 72 73 74 92 93 94 96 97:6764:112 100 146 94 159 281 793 1224 2858 483 514
46 47 48 72 73 74 92 93 94 96 97 98:9707:245 153 415 347 64 166 2237 1297 2884 478 515 906
46 48 72 73 74 92 93 94 96 97:14674:49 405 93 182 142 2791 2446 6314 1487 765
73 74 92 93 94:1879:58 179 943 450 249
46 48 72 73 92 93 94 97 98:6082:143 561 92 63 916 1364 1680 659 604
46 48 72 73 74 76 93 94 95:3670:94 140 36 169 49 574 1152 1149 307
93:150:150
48 93:285:92 193
48:45:45
48:60:60
47 93:337:18 319
25 65 82 84 86 87 92 93 99:8477:156 171 4146 654 1367 650 532 387 414
16 46 67 74 75 82 87 92 93 94 95:17051:128 236 822 685 607 8036 2483 2243 267 1389 155
92 94:1461:1047 414
16 26 36 38 46 55 72 74 82 83 86 87 88 89 92 93 94 95 96 97:32159:128 110 252 302 213 125 471 639 12919 167 3113 459 319 1265 7184 142 1506 1771 530 544
16 21 27 38 46 55 65 68 72 73 74 75 76 77 78 82 83 86 88 89 92 93 94:68228:1300 22 167 814 199 843 253 1436 1580 600 934 1498 2141 988 480 25525 1704 19206 1776 325 2120 191 4126
36 38 46 47 48 65 67 73 74 82 83 87 92 93 94 95 96:22566:603 400 251 38 92 250 201 116 46 7411 2339 428 5051 303 4110 307 620
31 56 72 78 82 92 94:8080:189 68 434 357 3352 2403 1277
28 34 38 46 54 63 65 68 72 73 74 77 78 80 82 83 88 92 94 97:18076:1125 1196 136 214 1314 181 374 955 2333 123 828 3559 347 1707 1079 380 473 652 498 602
36 47 92 94:2188:215 35 351 1587
54 55 72 74 92 94:1347:54 173 376 282 105 357
16 36 39 67 69 72 73 78 82 86 87 92 93 94 96:18232:432 90 830 248 1386 388 36 333 7428 1168 903 914 763 2162 1151
46 72 74 82 83 87 88 92 93 94:8251:56 420 108 1540 122 405 290 2653 299 2358
94:77:77
48 78 82 92 93 94 96:7586:248 390 5586 202 427 145 588
82 92 94:3004:1726 313 965
38 46 47 65 82 83 86 92 93 94 96:9871:240 52 71 191 479 1341 1407 2250 737 2601 502
82 87 92 94 95:6180:2027 564 1034 2295 260
74 82 87 92 94:7965:24 609 1836 3184 2312
72 74 75 82 83 92 94:7149:478 222 1205 1887 81 1804 1472
16 36 38 46 47 63 72 73 75 82 83 86 87 89 92 93 94 95:40064:8 245 428 277 83 268 430 28 845 9929 366 979 584 749 13687 128 9560 1470
92:379:379
30 36 46 55 56 57 63 65 67 72 73 74 75 76 77 82 83 87 88 92 93 94 95 96:47198:104 523 211 113 774 698 466 1203 1181 4208 132 1649 3942 526 1458 9430 2665 569 796 6347 1732 7203 742 526
46 72 80 82 83 94:4812:82 989 2873 508 225 135
36 46 47 48 54 72 74 76 92 94:7653:320 166 56 35 431 210 242 981 2866 2346
47 82 92 93 94 95 97 98:8808:166 3269 1258 622 1755 499 572 667
46 48 72 73 74 82 83 87 88 92 94 95:15150:282 81 89 112 188 4485 493 502 180 5307 2944 487
36 38 46 47 48 64 65 72 73 74 82 84 87 92 93 94 95:23207:262 143 65 43 28 64 190 750 40 391 7536 326 1313 4760 157 6003 1136
93 94:1752:360 1392
46 73 82 83 92 93 94 95 96 97:10766:171 29 1547 746 5158 100 1748 217 541 509
65 66 68:10193:458 8153 1582
16 38 47 72 73 74 82 86 87 88 92 93 94 95:13102:33 234 154 126 152 171 5498 916 1129 130 3068 168 795 528
38 46 82 92 94 99:5999:302 40 2641 1256 1443 317
46 72 82 87 92 93 94 97:5973:116 28 500 1227 2267 171 1155 509
20 72 74 82 88 92 94 95 97:5922:42 426 173 852 1098 1069 882 361 1019
38 40 74 82 92 93 94 95 97:10676:174 858 305 1646 2344 256 4243 312 538
72 74 82 87 92 94 95:10963:102 129 5082 306 3280 1493 571
38 72 74 92 93 94 95:3803:109 71 173 1350 80 1819 201
47 48 65 72 73 74 82 92 94 95:18189:262 112 370 838 36 316 6651 4594 3969 1041
38 46 47 64 72 82 87 92 93 94 95 97:26741:456 209 64 158 268 11436 1215 6146 204 4565 1495 525
16 38 46 47 64 72 74 78 82 83 92 93 94 95 97 100:23760:7 334 91 430 24 299 31 304 4182 183 8554 202 4751 2185 1582 601
36 46 47 64 65 72 75 82 87 92 94 95 97:24328:145 736 134 162 713 169 2126 9522 214 7320 1771 809 507
48 72 73 74 82 92 94 96:9113:88 410 123 301 2995 3027 1618 551
46 65 66 74 75 82 86 87 89 92 93 94 99:13808:106 446 4225 122 371 539 513 2140 308 2548 271 1919 300
16 46 47 48 64 82 86 87 92 94 99:14198:25 196 99 123 261 8258 741 202 2075 1692 526
47 92 93 94 97:2561:45 535 168 1145 668
36 47 55 65 72 73 74 75 78 82 85 86 87 88 92 93 94 95 96:22004:162 49 242 1100 225 163 380 852 416 3782 132 2722 421 884 4635 574 3299 568 1398
36 47 48 73 82 83 86 87 92 93 94 95 96:12604:106 76 46 210 1963 532 1077 531 3744 275 2187 1351 506
46 82 87 88 92 93 94:3803:48 1436 431 491 164 66 1167
47 48 73 74 82 83 86 87 92 93 94 95 96 99:30354:171 111 349 50 17734 825 852 559 5728 472 1922 645 640 296
4 36 38 46 64 65 73 82 87 88 92 94 95 97:23418:13 163 158 54 98 94 217 1870 2379 1124 9269 6340 572 1067
74 87 92 94 95:2559:137 611 746 818 247
56 72 73 74 76 78 82 83 85 92 94 95:35555:959 533 681 608 3746 538 16935 6571 246 949 3477 312
36 48 64 65 75 76 82 86 87 92 93 94 95:32365:193 175 590 510 793 850 14922 2130 1928 6212 586 2847 629
46 48 72 82 92 94:4907:214 36 155 832 1776 1894
34 53 72 74:15323:109 13841 596 777
74 77 94:1006:266 287 453
47 48 65 74 78 92 94 97:2993:76 324 98 348 343 285 816 703
47:95:95
36 46 63 64 67 72 73 74 75 76 77 78 80 82 83 92 94:35841:444 301 1211 209 186 3813 346 1552 421 2704 475 676 21401 394 568 385 755
72 73 83:1135:710 30 395
4 72 78 92 94:2411:85 21 297 1180 828
31 36 39 63 64 65 72 73 74 75 78 82 83 84 88 92 94:21807:207 272 686 116 294 725 1031 208 475 1740 786 7757 1940 260 2806 1512 992
16 29 82 85 86 92 93 94 96:11120:6 55 4406 875 1767 753 626 935 1697
36 38 72 74 77 82 83 92 94 95 97:6039:17 259 250 321 79 987 1253 968 994 341 570
38 46 63 72 82 83 92 94 95 96:15093:156 57 255 58 7314 405 4442 1351 535 520
53 72 75 77 83 92 94:6039:1485 95 1645 81 272 1611 850
65 72 82 92 94:3040:462 118 1137 524 799
36 38 48 65 72 74 75 76 80 82 92 94:14783:332 66 56 88 534 194 377 553 3323 6241 1358 1661
36 63 72 76 82 92 94:3712:545 415 276 897 94 1368 117
36 46 65 72 77 82 92 94:5878:212 78 544 127 105 3692 943 177
36 47 82 92 93 94 95 97:12079:335 155 3162 4524 152 1845 1124 782
16 64 73 74 82 86 92 94 95:15306:100 225 92 212 6680 2441 4263 1061 232
47 73 75 82 87 92 93 94 95 96 97:14863:76 120 388 8022 237 2415 35 2111 375 504 580
65 73 76 82:9514:552 15 5624 3323
38 46 47 82 85 87 92 94 95:11563:261 241 98 2660 447 605 3284 3401 566
36 38 57 64 65 72 73 74 77 82 83 84 87 92 93 94:12967:484 469 989 369 320 80 196 1833 237 2934 129 792 413 1184 31 2507
16 47 73 82 83 87 92 94 95:15410:390 91 420 4947 303 381 6567 1683 628
36 38 46 47 48 63 72 73 74 75 76 78 80 82 83 86 87 88 92 93 94 95 96 97:43021:195 288 150 75 128 1000 823 180 453 5839 3091 302 3616 5329 5061 1020 413 323 5157 157 6192 1649 1070 510
73 82 83 88 92 93 94:10531:82 3967 1500 129 2813 144 1896
36 44 82 92 93 94 95 97:7751:82 657 664 3276 435 1310 520 807
36 87 92 94:3653:277 767 1905 704
37 82 92 94:3330:189 664 1543 934
18 37 38 65 67 68 72 75 76 77 82 83 92 94:25661:87 70 225 899 1310 648 1071 433 4947 297 12527 2573 429 145
64 66 72 76 82 83 86 92 93 94:17622:184 2538 528 1134 5868 820 1462 1396 167 3525
54 65 72 74 92 93 94:3265:466 672 374 304 479 287 683
4 36 64 82 84 85 86 87 92 94:11392:28 90 373 3499 370 304 2549 1151 1936 1092
18 21 26 54 65 66 72 73 74 76 77 82 83 84 87 88 94:31887:14 541 943 2017 464 887 2589 482 546 2096 1658 1197 12945 480 2992 1792 244
31 46 65 68 72 73 74 77 82 92 94:9584:157 58 91 571 144 48 310 216 7299 95 595
77 82 92 94:3504:572 1458 814 660
58 73 77 79 83 92 94 95:5749:3321 207 62 984 245 335 156 439
64 72 74 75 77 82 83 88 92 94:7314:385 106 131 3783 341 644 73 344 1092 415
65 94:1123:703 420
38 63 72 74 75 76 82 83 88 92 94:8360:486 501 322 100 405 536 551 642 137 2743 1937
18 39 47 63 65 67 72 73 74 75 77 82 83 85 88 92 93 94 96:29871:966 580 28 2261 1273 789 1651 501 2205 1259 982 6335 2829 579 318 1062 75 3881 2297
82 85 92 94 95:2871:559 484 1066 508 254
38 75 82 92 94 95:5926:300 356 823 2128 2149 170
38 46 54 63 65 72 73 74 75 80 83 88 92 94:21022:1252 38 535 1355 190 3507 60 869 1437 2513 5763 206 552 2745
26 36 38 82 83 87 88 92 93 94 95:17324:187 211 750 11241 112 434 161 1359 219 2341 309
36 73 74 82 83 87 92 94 95:8354:386 28 269 981 564 1715 2423 1681 307
19 46 65 76 77 82 83 86 87 88 92 94 95:14154:120 53 264 596 907 6647 436 2007 794 145 628 1333 224
46 47 64 73 74 82 92 94:7059:389 251 104 189 192 3274 1014 1646
16 46 54 57 63 65 72 73 74 76 77 83 84 88 94 96:14327:41 139 247 404 1224 1705 2692 355 545 2321 1152 932 294 1029 771 476
16 17 22 36 72 73 82 83 86 87 89 92 94 95 96:25039:26 536 877 77 234 42 1927 223 11074 841 1436 1871 4986 404 485
74 85 92 94:2106:312 258 541 995
36 37 38 46 47 48 56 63 64 65 72 73 74 75 76 77 82 83 87 88 92 93 94 95 96:23578:413 185 392 32 61 31 780 531 269 554 4706 386 803 1674 1227 380 720 202 285 1004 3411 226 3297 360 1649
38 46 47 74 92 94 95:5796:703 66 56 161 2877 1738 195
38 48 60 64 69 72 73 74 80 82 86 92 93 94 95:17853:178 114 134 587 1471 932 32 233 2317 2308 1952 3952 439 2924 280
36 38 46 47 55 72 76 77 83 92 94:3695:454 356 125 60 86 120 570 220 192 1233 279
38 42 72 74 92 94 97 99:3329:472 326 342 127 945 272 542 303
38 82 92 94 95:3787:141 832 1724 780 310
36 72 73 74 82 83 88 92 94 95:7942:854 311 224 212 2246 1260 340 1202 1029 264
82 83 92 94:5364:411 2254 2167 532
38 73 92 93 94:2277:181 16 670 143 1267
36 38 46 65 72 82 87 92 94:5776:208 111 70 177 91 374 265 3059 1421
21 36 38 46 48 72 73 74 75 78 82 83 86 87 88 92 94 95 96 97:33809:155 47 297 256 155 754 205 487 1587 344 16942 931 1233 1581 397 2372 2945 855 1060 1206
72 78 82 86 87 92 94 95 97:26051:450 405 14913 2053 1524 3757 1723 714 512
42 65 72 74 82 83 86 87 88 92 93 94 95:12683:186 114 71 162 1340 527 1103 215 494 6331 150 1633 357
36 77 82 83 86 87 88 92 94 95 97:19378:103 96 5698 1369 4130 214 129 4205 1977 844 613
16 36 66 74 82 86 87 89 92 94:18960:11 345 2557 228 8348 5895 246 638 445 247
64 76 78 82 92 94 95 96 97:10705:482 2267 534 1428 3353 1326 223 495 597
82 87 92 93 94 95:7080:1537 422 2390 64 2465 202
46 72 73 74 83 88 92 94 95:4457:139 342 204 216 784 173 1993 385 221
36 86 92 94:4382:249 878 2734 521
65 72 74 75 77 82 87 92 94:9494:396 36 260 1933 513 4569 486 1114 187
46:163:163
38 47 65 67 72 74 75 76 77 92 93 94:9866:113 36 264 675 2331 316 1030 1458 1392 1147 534 570
65 74 92 94:1112:130 107 547 328
16 17 36 38 39 46 47 48 55 63 64 65 66 67 69 72 73 74 75 76 77 80 82 83 84 85 86 87 89 92 93 94 95 97:80182:5 10 246 143 562 329 204 110 264 514 461 1316 858 583 2255 2607 622 884 418 1964 2577 1614 17999 740 506 451 14184 2428 3555 9628 1253 9820 524 548
3 76 82 83 86 92 94 97:9013:49 1236 762 996 3793 256 335 1586
16 32 57 65 72 73 74 77 82 83 87 92 93 94 95 98:26775:500 374 401 358 992 324 364 292 18856 862 418 906 149 1036 373 570
39 63 64 65 67 72 73 74 75 76 77 78 80 83 92 94:26732:725 118 207 1021 160 2303 415 501 403 2418 3766 3839 8982 360 746 768
46 47 65 72 74 92 94 97:2244:192 88 109 134 43 441 652 585
74 82 83 92 94 95 98:11941:41 7410 786 2059 790 252 603
46 63 82 83 92 94 95:17789:197 91 8985 4713 2886 469 448
73 76 82 83 85 92 93 94 96:6000:25 687 893 56 280 1872 472 1225 490
93:60:60
4 47 48 63 65 66 72 73 74 80 83 92 93 94:7009:20 80 69 510 455 1050 57 413 264 2586 510 209 209 577
36 46 47 67 68 73 80 92 93 94 96:47897:307 133 77 189 1656 32 41089 1559 465 1765 625
46 48 64 65 72 73 85 92 94:3612:62 251 391 82 186 118 144 1025 1353
47 63 72 73 82 86 87 92 94 95:21788:89 221 82 64 12102 4608 1590 1137 1628 267
46 48 64 72 82 88 92 93 94 97:17919:122 30 699 192 11289 604 1584 110 1865 1424
36 38 46 63 65 67 72 82 83 87 88 92 94:27651:193 362 48 862 175 241 616 13729 5916 1276 610 2803 820
46 55 72 73 74 78 82 87 92 93 94 95:6165:172 122 18 23 501 645 1469 580 677 307 1498 153
47 65 76 82 87 92 94 95 96 97:35254:372 376 905 26821 889 2464 1332 964 544 587
28 34 36 48 74 82 83 86 87 88 92 93 94 95:30847:126 70 146 69 395 15574 150 1467 3294 304 4700 52 4085 415
29 36 38 55 56 63 66 72 73 74 75 76 77 78 83 88 94:22216:190 135 213 147 290 332 2301 2901 1063 1600 1326 4938 2600 1845 435 791 1109
36 46 72 74 75 82 83 87 92 94 95 96 97:29044:103 220 308 112 410 12705 338 433 7067 5199 1012 508 629
17 46 65 72 74 82 86 88 89 92 94 95:25627:23 302 434 281 18 8674 2187 565 951 7262 4221 709
36 47 64 72 74 82 83 85 86 87 88 89 92 94 95:24666:393 92 273 22 31 7084 1604 392 1518 1404 729 901 6147 1824 2252
36 63 72 74 78 82 83 86 92 94 95 96:25356:80 290 33 236 583 10032 1045 6638 2356 2582 827 654
37 72 73 76 82 83 86 92 93 94 95:22849:105 60 49 2713 7978 2291 5138 3294 66 743 412
16 38 74 77 82 86 87 88 92 94 95 96:26676:70 586 338 123 11483 1846 2741 484 3935 3488 930 652
36 46 67 73 74 76 82 83 92 93 94 95 97 99:22460:22 99 405 38 18 1122 9225 309 6412 226 1726 877 1265 716
38 72 82 83 87 92 94 95:16392:206 140 6580 1996 450 4626 1918 476
82 83 92 94 95:7120:693 568 3938 883 1038
74 75 77 82 83 92 94:13230:41 6038 1472 1944 1608 1377 750
30 38 72 73 74 75 76 82 83 84 85 86 87 89 92 93 94 95 99:30094:12 216 793 323 705 448 967 9469 299 254 227 4948 4493 340 3460 347 2117 231 445
36 37 46 47 54 63 65 72 73 74 76 82 83 87 88 92 93 94 95:28279:54 210 226 152 193 233 572 706 487 324 686 8317 162 222 296 9796 238 4992 413
17 38 46 47 48 72 73 74 82 83 84 85 86 87 92 93 94 95 97:79515:166 356 467 522 273 1411 103 103 24521 4779 520 459 17404 2555 13246 898 7297 2768 1667
94:132:132
92:524:524
65 74 82 92 94:1553:297 38 776 183 259
63 72 73 92 93 94 95:2722:451 36 87 688 178 979 303
83 92 94:2172:793 988 391
94:300:300
36 47 48 72 73 74 75 82 86 87 88 89 92 94 95 97:33028:325 998 126 318 89 40 516 11413 2187 1648 173 393 9687 3393 1117 605
4 46 47 73 74 77 82 87 89 92 93 94 95 97:24923:88 117 12 19 85 195 6658 1998 513 7366 323 5001 1699 849
36:90:90
58 72 73 74 92:1131:395 295 16 194 231
72 82 83 92 94:7289:187 4609 710 1583 200
65 72 74 82 88 92 94 100:5377:52 23 19 570 492 1493 2042 686
46 65 73 82 92 93 94:5792:138 126 192 2342 998 254 1742
36 37 46 72 73 92 93 94:4111:402 101 83 34 78 1601 334 1478
72 73 74 77 83 92 94 95:5967:138 30 23 95 167 3122 1977 415
36 47 72 73 74 76 82 83 87 88 92 93 94 95:12621:254 198 58 120 99 1236 1368 828 1079 280 3963 132 2224 782
94:289:289
47 48 72 77 82 92 93 94 95 96:10760:478 217 18 97 2520 4335 214 2026 267 588
46 48 73 74 82 87 92 93 94 95 96 97:25439:541 355 22 110 3658 2101 7804 2209 6046 1362 496 735
37 47 74 82 92 93 94 96:9029:36 584 183 3814 1176 141 2563 532
2 4 37 38 46 63 64 65 72 73 74 75 82 83 84 86 87 88 92 93 94 95 96 97:57916:44 18 128 286 370 1469 968 532 491 443 486 386 19951 1353 305 1139 748 385 13257 1137 9191 1079 2574 1176
2 37 38 46 48 55 56 63 64 65 67 72 73 74 75 76 77 78 82 83 92 93 94 96:27350:43 272 265 45 43 244 90 285 279 1850 1143 2369 478 338 492 2592 274 1220 7964 927 2583 917 2104 533
46 92 93 94:1035:160 401 141 333
46 72 74 82 92 93 94:3518:80 50 103 1258 1083 366 578
47 64 65 73 82 92 93 94 96:4395:163 550 312 30 586 730 171 1298 555
73 82 87 92 93 94:7231:36 2595 422 2192 71 1915
36 48 63 64 72 73 75 82 83 87 92 93 94 95:27987:391 40 181 245 123 292 426 13225 511 871 6051 352 4703 576
17 46 64 72 74 82 83 86 87 88 92 93 94 97 99:28745:35 428 69 57 24 10729 661 4386 443 178 5691 664 2511 2415 454
36 37 46 56 65 72 74 76 82 83 86 87 89 92 93 94 95 96:48902:134 383 40 487 1006 674 57 1146 23154 774 1937 1981 437 8847 943 5177 1157 568
29 36 38 56 73 74 76 82 84 86 87 92 94 95 96:31823:294 668 396 1436 41 40 1065 18287 969 1436 1615 2814 1908 344 510
4 46 72 74 88 92 93 94 95:4436:61 134 188 200 339 1201 202 1681 430
16 36 38 48 65 73 74 82 87 92 93 94 95 96:29912:8 351 43 39 235 179 65 18340 1315 4477 985 2136 1180 559
38 46 64 65 73 82 83 86 87 92 93 94 95 97:45945:313 155 265 653 49 23807 2116 1410 1498 9287 941 4381 500 570
3 46 47 72 73 74 76 78 82 83 86 87 92 93 94 95 97:46297:34 246 198 456 318 320 1627 360 23236 1402 2995 2383 7862 655 3123 547 535
36 46 48 51 64 65 68 72 73 74 75 77 78 82 83 86 87 92 93 94 95 97:38896:412 169 357 267 25 931 760 269 131 137 373 195 580 21564 1569 1030 1303 5606 188 1401 472 1157
38 63 65 67 78 82 92 94:4531:487 208 348 632 429 1380 625 422
36 47 63 64 65 72 73 74 82 83 86 87 88 92 94 95:30742:206 55 150 82 443 243 218 301 12390 1640 2232 1540 773 5369 4598 502
46 64 76 82 83 87 92 94 95:16664:90 86 2247 5746 657 2258 3880 695 1005
26 54 72 74 77 79 92:13905:451 5195 845 85 285 6728 316
47 64 65 72 77 82 86 92 93 94:11861:267 181 341 709 713 5095 3647 285 255 368
36 38 53 55 65 66 67 69 72 74 75 76 77 78 80 94:20270:165 362 142 355 342 2835 1118 1741 2125 267 1681 1984 2397 379 4043 334
47 64 73 87 92 93 94 96 97 98:8414:320 20 63 609 1530 164 3232 613 1212 651
46 47 92 93 94:1587:149 163 505 149 621
87 94:868:767 101
46 47 48 64 65 68 73 74 93 94:3997:234 151 68 502 701 699 85 270 334 953
29 47 56 65 67 72 74 93 94:4562:307 48 1674 280 428 869 74 70 812
27 75 94:740:71 538 131
93 94:770:87 683
48 92 93 94:2501:71 441 316 1673
36 63 67 72 82 86 89 92 93 94 95:15136:140 344 455 183 1532 6105 1189 1372 286 3123 407
47 74 92 93 94:5116:349 46 2004 123 2594
65 72 82 92 93 94:7302:119 135 910 2174 201 3763
46 64 72 74 76 82 83 92 93 94 95:17809:242 129 42 144 2290 2426 2315 5097 912 3477 735
36 46 47 48 55 72 73 92 93 94:7444:35 136 342 118 80 447 54 2280 602 3350
92 94:1588:922 666
46 65 74 92 93 94 96:5255:70 239 40 998 886 2171 851
4 46 72 73 82 83 85 86 87 92 93 94 95:28420:10 283 340 256 8507 4333 366 2267 2546 4758 760 3692 302
92 94:1305:156 1149
51 72 73 74 82 92 94:11349:421 23 179 49 1483 2872 6322
92 93 94:1749:329 333 1087
46 47 92 93 94:1241:103 60 223 80 775
92 94:1817:959 858
46 73 83 92 93 94 96 97:8520:104 61 528 2182 561 3980 501 603
46 48 72 73 74 83 92 93 94 96:11716:625 121 16 13 56 462 4038 178 5679 528
46 73 92 93 94 96:4032:104 122 524 438 2244 600
94:89:89
92 93 94:2016:490 119 1407
38 46 48 92 93 94 95:5465:156 126 130 1980 442 2409 222
74:252:252
3 4 36 38 46 47 48 55 57 58 65 72 73 74 77 78 79 83 88 92 93 94 95 96 97:29065:55 83 107 123 315 193 309 138 189 381 1201 805 909 568 1686 249 692 65 162 7229 2752 9211 246 731 666
92 93 94 96:5834:1984 252 2319 1279
46 92 94:3590:135 1237 2218
82 92 94 100:2263:1051 290 241 681
47 72 74 75 92 94 96 97:2612:47 265 78 383 594 126 510 609
83:3874:3874
83:4524:4524
83:7761:7761
83:8099:8099
48 92 93 94:5238:55 506 515 4162
94 95:882:690 192
48 92 93 94:1582:105 554 124 799
46 47 48 93 94:1541:111 79 35 316 1000
92 94:2604:1223 1381
46 47 92 93 94:1665:205 50 361 228 821
38 65 83 92 93 94 96:4821:146 168 59 1596 558 1769 525
46 47 48 92 93 94:2011:59 40 60 273 372 1207
46 47 48 94:433:36 81 69 247
46 93 94:863:42 243 578
46 47 48 49 64 73 74 92 93 94:10310:110 51 160 581 57 220 19 2819 1071 5222
46 73 92 93 94:2526:67 39 610 481 1329
46 48 64 92 93 94 95:5956:178 105 77 2382 71 2931 212
36 48 73 74 83 88 94 97:5615:133 112 54 211 3570 432 445 658
73 92 93 94 97:2987:84 827 128 1253 695
93:207:207
72 76 82 92:14320:976 951 10412 1981
20 46 47 48 50 64 72 73 74 82 83 92 93 94 95:17984:91 399 117 73 317 134 326 191 372 5356 3092 3511 496 3318 191
38 46 51 73 82 83 87 92 93 94 95 97:25513:352 177 280 132 10654 1198 203 5512 281 3211 1623 1890
17 36 46 73 74 82 83 86 87 92 93 94 95 96:36316:62 75 361 267 53 16934 4606 5766 202 3639 107 2671 1030 543
4 17 36 47 63 64 65 67 72 73 74 77 82 83 86 87 92 93 94 95 97:34241:50 267 240 134 1207 110 82 900 100 205 46 733 13973 2902 4200 975 3296 271 3590 454 506
36 46 48 64 72 73 74 78 82 85 87 92 93 94 95 96:16324:295 197 114 424 84 68 429 313 2731 487 505 4534 420 4446 743 534
4 36 46 48 55 57 65 73 74 82 88 92 94 95 96 97:15085:58 325 115 100 59 344 88 86 25 3259 419 5461 2747 293 477 1229
46 47 55 65 72 73 82 87 92 94 95 100:25015:96 74 61 441 67 102 14574 211 5816 2376 504 693
46 47 65 72 73 74 75 82 87 92 93 94:13051:256 221 396 331 98 52 707 1386 419 4467 297 4421
16 36 38 46 47 64 72 73 82 83 84 86 87 88 92 94 95:23011:9 344 650 196 344 242 934 150 9919 3381 172 747 420 464 2309 2292 438
36 46 63 64 67 72 73 74 75 82 83 92 93 94 95 96 97:15552:203 111 954 376 561 415 43 28 919 1848 714 4028 366 3712 176 580 518
27 38 47 72 73 74 82 83 87 88 92 93 94 95 97:26909:28 528 145 56 81 51 10254 1782 1735 565 6040 286 4348 394 616
36 47 48 72 73 82 85 86 92 93 94 95:21915:176 148 92 142 270 8234 426 1486 5906 63 3953 1019
9 36 38 46 47 55 57 64 72 73 74 76 77 82 83 86 87 88 92 93 94 95 96 97 100:63134:248 102 356 144 186 343 286 390 793 398 497 732 468 32084 3057 2983 2755 140 8288 1739 3184 2031 626 696 608
16 17 37 38 39 46 47 48 64 72 73 74 76 78 82 83 86 87 88 92 93 94 95 96 97:76373:14 44 137 590 2725 403 199 50 248 461 107 116 510 361 33110 4793 8188 2079 5524 8087 712 5871 467 1065 512
2 3 16 46 47 64 65 66 72 73 75 82 83 86 87 88 92 93 94 95 96 97:69905:16 40 349 310 374 184 400 1022 313 242 13384 20931 2047 8831 1297 153 9057 481 6136 1279 1889 1170
47 64 82 86 87 92 93 94 95:20220:97 67 11611 3903 1084 676 266 2183 333
38 46 48 64 65 67 72 74 82 86 87 92 93 94 95:30261:123 430 86 155 187 324 637 320 9835 6094 1348 5491 1094 3862 275
57 63 65 72 74 75 76 77 80 82 85:36743:741 278 153 918 175 553 985 76 6439 26103 322
46 47 48 72 73 74 75 82 83 84 87 92 93 94 95 96 97:25818:346 147 103 137 31 143 841 10023 820 247 1381 3862 235 4499 632 1094 1277
38 82 86 87 88 89 92:8913:223 1459 4443 454 829 365 1140
72 75 80:38224:348 27252 10624
17 48 55 64 72 73 74 75 78 82 83 86 89 92 93 94 96:40981:223 213 196 322 279 283 213 475 1103 22924 721 8898 314 2781 152 1344 540
16 27 29 36 47 48 57 63 64 65 67 72 73 74 75 77 78 82 83 86 87 92 93 94 95:82234:1728 586 22 519 237 53 565 1196 1080 1092 1634 3990 73 65 425 1896 668 28592 2164 26744 1123 4472 66 2990 254
38 44 47 56 64 65 72 73 76 82 85 86 87 92 94 97:48429:341 39 470 137 151 745 810 340 1504 26481 893 7540 1779 2986 3685 528
16 17 20 47 48 63 76 77 82 86 87:33973:1017 13 680 60 55 784 3588 472 22831 2989 1484
4 46 47 48 72 73 74 78 82 86 87 92 93 94 95 97:44953:22 275 272 147 448 245 166 322 25664 4348 2917 5329 262 3187 825 524
17 47 65 68 74 82 86 87 89 92 93 94 95 96:18320:23 67 54 1300 46 6342 4977 432 321 1881 263 1436 541 637
64:371:371
93:384:384
46 48 65 73 92 93 94:4699:40 125 141 100 1376 771 2146
46 48 64 65 67 72 73 74 78 92 93 94 96 97:20445:297 398 272 62 218 413 370 373 304 5867 1941 5287 3377 1266
46 82 92 93 94 95:6617:141 1327 3042 700 1077 330
92 93 94 95 96 100:8097:4264 78 1879 632 510 734
46 48 92 93 94:6844:52 77 3250 759 2706
46 47 64 74 92 93 94 97:8366:462 411 116 115 2020 1373 1614 2255
38 73 92 93 94:1771:424 37 604 244 462
46 73 76 92 93 94 98:9992:56 96 3301 2458 1337 2131 613
46 48 92 93 94 97:6987:160 192 2961 1249 1896 529
73 96:710:216 494
46 48 51 65 73 74 92 93 94 95 96 97:14484:270 310 574 578 69 41 4420 534 5209 325 1470 684
37 46 48 50 72 92 93 94 96 97:16308:265 456 296 399 278 3716 2917 5188 2118 675
46 47 48 65 83 92 93 94 95:17204:746 222 497 92 122 2688 2812 9617 408
48 93 97:1037:54 209 774
48 92 93 94:1447:108 345 406 588
46 48 64 65 74 83 92 93 94 95 98:11453:470 253 239 120 140 1531 3266 1128 3393 386 527
46 47 64 73 74 83 92 93 94:5917:108 185 493 29 48 1339 1257 322 2136
46 47 48 51 64 73 74 83 92 93 94 97:9892:362 87 45 250 92 75 130 574 1459 1440 2269 3109
46 47 48 50 63 67 73 74 88 92 93 94 97:8168:88 268 616 336 320 269 124 186 292 1044 431 2963 1231
46 48 60 73 74 92 93 94 97:6900:443 290 315 263 207 1244 478 2431 1229
46 48 65 92 93 94:5112:520 205 440 1329 454 2164
36 46 48 65 72 73 74 92 93 94 96 97 98:19900:497 221 60 793 116 191 174 5875 835 6997 501 2953 687
46 47 48 64 65 73 78 92 93 94 95 96 97:23823:267 232 82 148 721 78 1151 8473 674 9311 411 1709 566
46 48 73 92 94 96 98:3636:214 96 147 476 1644 503 556
37 46 48 64 72 73 92 93 94 95 96 97 99:14822:79 429 231 103 150 177 4926 1814 3542 336 1964 535 536
48 50 73 74 83 92 93 94 95 98:4316:62 304 69 125 963 1631 86 278 258 540
46 48 64 65 72 73 74 77 92 94 98:5788:200 84 324 213 36 181 324 188 1235 2307 696
48 92 94 97:2066:72 300 992 702
47 92 93 94:4432:178 1874 885 1495
46 51 72 73 74 78 92 93 94 97:6315:203 471 31 227 235 1046 946 502 2141 513
46 47 48 65 73 74 92 93 94 96 97:6938:176 219 158 146 134 370 649 971 2805 636 674
2 46 47 48 65 72 73 92 93 94 95 96:15405:22 376 267 276 478 38 44 4866 1757 4757 244 2280
3 46 47 48 49 73 74 82 92 93 94 95 96 97:19169:33 212 237 241 391 25 31 733 5940 916 9029 309 525 547
47 48 98:916:257 97 562
46 73 74 83 92 93 94 96 97:14909:182 124 236 411 3212 1327 5397 956 3064
2 36 46 47 48 63 64 65 72 73 74 78 82 92 93 94 95 96 97:35469:19 460 663 344 232 656 24 585 612 230 822 734 1008 10997 1343 13795 219 1105 1621
36 46 47 48 50 51 64 72 73 74 92 93 94 96 97:40923:206 1309 675 78 302 247 108 119 56 236 11103 2510 16413 4523 3038
46 50 74 92 93 94 96 97:13059:278 606 114 3720 734 6419 578 610
2 46 48 73 74 93 94 96:3480:26 439 223 142 379 347 1364 560
72 82 92 94:5311:28 3729 768 786
46 47 48 73 93 94:2687:719 40 991 19 438 480
75 94:711:606 105
46 47 48 93 94:2681:555 50 485 766 825
48 93:159:71 88
46 47 48 74 92 93 94:2489:261 60 283 123 308 372 1082
46 48 73 93 94:647:97 234 102 132 82
46 48 73 88 92 93 94:3384:356 782 192 604 85 748 617
46 48 93 94:1252:187 294 489 282
46 48 93 94 97:1839:275 457 370 107 630
46 47 48 93 94:1007:335 19 130 403 120
46 48 93 94:439:161 126 89 63
46 48 65 73 92 93 94:1962:147 153 550 13 340 160 599
46 48 93 94:1696:791 223 310 372
48 93:565:389 176
94:130:130
2 47 48 73 74 92 93 94 97:5672:26 110 199 186 56 2569 175 1818 533
30 74 92 94 97:2367:110 9 272 1195 781
46 48 93 94:927:369 67 66 425
46 48 92 94:832:276 119 215 222
46 48 93 94:1625:486 573 202 364
63:739:739
46 47 64 74 92 93 94 95 96:12731:479 194 101 90 4042 565 5821 269 1170
92 94:938:349 589
94:313:313
36 46 47 51 73 74 92 93 94 95 96 97 98:27811:161 398 348 280 44 169 10037 501 9459 272 4154 1384 604
46 48 50 65 72 82 87 92 93 94 95:12770:462 56 415 91 208 1060 499 4350 580 4735 314
36 46 47 48 64 65 72 73 74 75 76 77 78 82 88 92 93 94 95 96:39036:175 227 112 130 234 404 1614 635 3431 781 1598 109 421 1151 1923 9338 1272 11270 1197 3014
63 72 73 92 93 94 97:3481:321 276 61 860 270 887 806
36 46 47 48 72 73 74 75 82 83 85 92 93 94 95 96 97 98:31628:199 353 290 447 283 25 200 488 1039 210 231 7494 1608 11894 307 3050 2840 670
2 37 46 47 48 51 63 72 73 74 82 92 93 94 95 96:25861:40 118 113 640 71 769 70 141 57 227 864 6308 1730 11982 178 2553
46 48 49 72 73 74 92 93 94 96 97 98:22871:900 42 408 66 183 258 8641 1032 8221 567 1844 709
4 46 63 78 92 93 94 95 97:6589:155 140 85 252 1830 150 657 170 3150
48 49 67 72 73 74 82 92 93 94:3914:454 481 537 835 38 11 196 487 388 487
46 64 65 72 73 74 76 92 94 96:5678:142 91 392 118 33 32 721 1800 1740 609
46 47 48 64 72 73 74 92 93 94 95 96 97:15378:250 75 184 80 174 182 275 6490 639 4419 979 1054 577
46 47 72 73 74 92 94 95 96 97 98:14068:196 195 119 92 57 4680 4988 862 1586 737 556
72 92 94:789:205 240 344
2 4 16 36 46 48 55 57 63 67 72 73 74 75 76 82 83 84 88 92 93 94 95 96 97:41511:87 79 8 62 662 79 190 326 349 557 1331 340 1412 3091 744 13585 551 184 1768 4308 803 7766 998 1107 1124
72 73 75 88 94:2135:478 74 533 763 287
37 46 48 65 72 73 74 92 93 94 95 97 98:6894:27 69 80 465 23 117 41 1108 165 3326 426 512 535
46 74 92 93 94 95:5126:239 29 1973 558 2109 218
46 72 92 93 94 95 96 97:5126:53 167 1263 120 1689 147 514 1173
38 48 72 73 74 78 82 92 93 94 95 96 97:14986:408 168 1048 52 123 445 1362 4686 200 3939 1139 562 854
48 75 92 93 94 98:3506:18 507 941 307 1234 499
46 74 92 93 94 96 99:8893:529 282 2810 306 3936 600 430
4 64 72 73 77 78 83 92 94:5751:24 560 1006 77 663 321 1512 1301 287
4 36 46 47 48 73 74 92 93 94 95:8554:56 77 73 104 66 40 51 4464 321 2851 451
46 48 93 94:1883:44 251 548 1040
46 47 48 51 92 93 94 96 97 98:17292:438 109 133 308 4700 1825 5402 1299 2331 747
73 92 93 94 96:6927:49 2941 246 2390 1301
63 73 76 92 93 94 95 96 97 98:6409:107 23 556 1617 329 1689 167 481 625 815
83:65:65
63 64 65 66 76 82 92 94:65049:741 294 1050 56612 993 5076 214 69
46 92 94 97:1828:115 455 751 507
46 64 73 92 93 94:1535:51 64 56 620 146 598
46 47 48 72 73 74 77 92 94:7118:702 373 62 325 41 130 187 915 4383
47 72 92 94:843:291 35 204 313
74 92 93 94 95 96:5092:14 3015 150 348 336 1229
46 47 64 72 73 82 88 92 93 94 95:10282:356 264 253 216 47 2227 308 4086 166 1927 432
5 47 64 72 82 92 94 96 97:7897:233 132 66 34 1806 2801 1687 542 596
3 46 72 73 75 82 92 94 97:12332:39 77 72 44 596 4789 2973 2574 1168
47 82 92 94 95:14574:51 7928 3349 2122 1124
68 72 73 74 75 82 92 93 94 95:11059:1080 103 30 102 1800 2372 2381 100 2455 636
92 94:616:342 274
46 64 72 76 82 92 94 95:8060:263 120 477 1343 979 2464 2195 219
53 65 66 67 72 73 74 79 82 83 87 93 94:16831:54 445 973 382 917 367 560 156 11567 80 201 172 957
46 47 64 72 73 74 78 92 93 94 96 97:6485:266 343 57 18 29 231 340 690 310 3075 490 636
28 46 47 53 76 79 92 94:8246:276 465 360 1523 547 217 2301 2557
46 47 72 82 87 92 94 97:9251:209 117 383 2921 1122 1481 2038 980
46 47 65 72 82 92 94 96 97:8523:404 230 138 134 370 1895 2929 1783 640
48 64 72 92 93 94 95:8959:109 106 143 4017 885 3407 292
36 46 72 73 74 82 92 93 94 95:8520:157 430 368 7 81 849 4248 86 2080 214
31 74 92 94 95 96:3920:64 39 1529 1507 281 500
92 93 94 95 98:5505:990 216 3412 312 575
64 65 72 73 74 75 76 80 82 92 93 94 96 97:13078:274 261 433 162 95 627 1605 1570 1697 2189 449 2061 538 1117
47 65 72 73 77 92 94 95 96 97:7618:196 61 354 245 573 1597 2462 145 870 1115
36 42 46 47 48 50 51 63 64 65 72 73 74 82 84 88 92 93 94 95 96 97 98:37288:270 402 740 109 142 895 478 512 100 392 700 394 1228 3232 254 273 7811 1476 13414 1245 492 1717 1012
47 48 82 92 93 94 95:11190:80 228 5687 3836 113 952 294
64 74 76 78 82 92 93 94 97:10346:105 73 4543 292 813 1737 187 1825 771
64 72 82 92:3090:301 504 2038 247
63 72 73 82 92 94 96:4472:936 61 85 1044 685 1110 551
41 46 65 74 82 92 93 94 97:9816:622 508 532 325 1986 2933 618 1766 526
37 46 63 64 72 73 92 93 94 95:7220:42 256 18 56 113 29 2910 280 3326 190
46 47 48 73 74 78 84 92 93 94 96:7104:238 373 66 58 149 324 410 1844 938 2148 556
64 65 72 73 74 77 82 83 88 92 93 94 96:14380:686 708 290 191 476 629 3540 240 600 2114 402 3817 687
46 47 48 64 72 74 76 82 87 92 93 94 95 96 97 98 100:30222:730 795 304 147 510 173 1272 1038 1649 6523 1952 8016 686 1912 2255 1669 591
64 65 74 92 94:1461:212 158 60 303 728
25 46 47 48 65 72 73 74 88 92 93 94 95 96 97:25333:51 600 516 193 228 167 92 22 380 7862 1465 10108 652 1907 1090
46 47 48 49 51 72 73 74 78 83 84 92 93 94 96 97 98:29056:525 549 605 472 502 575 230 25 311 361 510 7531 897 12994 1829 665 475
36 46 47 48 50 65 67 72 73 74 75 78 92 93 94 96 97:14902:167 113 158 53 435 466 185 187 550 85 367 792 3613 268 6370 538 555
36 38 46 48 55 63 64 65 67 68 72 73 74 76 77 78 82 84 92 93 94 96:19694:189 123 653 99 230 392 171 458 564 1140 960 1631 1362 590 704 619 768 180 2798 599 4473 991
46 47 48 50 64 65 72 73 74 82 83 92 93 94 95 96 97:25846:132 137 362 371 209 144 74 122 90 2354 242 6342 1932 9154 174 2370 1637
46 48 51 92 93 94 95 97:5464:43 405 341 1297 1063 1239 426 650
92 93 94 96:1430:245 150 348 687
36 72 74 92 93 94 97:5586:323 494 18 1305 64 2760 622
46 47 48 64 72 74 78 92 93 94 96 98:18586:226 388 183 128 40 71 528 5594 861 8759 1170 638
46 47 48 50 63 72 74 78 92 93 94 96:11181:527 154 246 342 100 49 561 422 2166 471 4885 1258
46 63 64 65 72 73 74 76 78 92 93 94 96:6707:152 365 131 534 418 67 242 548 388 1158 705 1379 620
47 65 68 73 74 78 92 93 94 97:9038:139 94 710 252 116 593 1024 402 2802 2906
46 48 65 72 73 74 92 93 94 97:8291:214 26 274 143 66 65 2345 886 3602 670
64 72 74 76 92 93 94:3696:374 265 365 790 364 427 1111
46 47 72 73 74 78 92 93 94 96 97 98:9896:173 268 236 124 99 411 2036 1111 2773 1236 582 847
46 73 74 92 93 94 96 98:4988:323 160 57 989 393 2047 482 537
46 47 72 73 74 88 92 93 94 96 98:6588:300 215 476 186 264 583 562 192 2665 637 508
87 92 94:2091:942 497 652
46 47 72 73 74 77 82 92 94 95 96:30730:285 701 720 22 42 466 2899 12006 11718 1396 475
4 36 46 47 48 49 65 72 73 74 82 83 87 89 92 93 94 95 96 97 99:46389:56 406 824 187 312 1017 376 898 228 393 3063 844 1793 703 11238 1115 14731 3706 2572 1812 115
55 63 64 72 73 82 92 94 95:6503:228 333 246 602 95 2129 2142 401 327
92 94 95:3336:1771 756 809
36 46 47 50 51 64 65 72 73 74 75 76 78 82 88 92 93 94 95 96 97:38846:48 484 316 309 300 317 313 116 237 403 946 537 262 4388 197 9938 1078 14335 770 1837 1715
38 46 48 73 74 75 76 92 93 94 96 98:16977:172 263 58 11 37 388 580 3261 699 10284 650 574
47 92 93 94 96 97:8164:485 2828 78 3648 616 509
46 73 74 77 93 94 95:1841:212 93 201 69 223 668 375
36 46 47 72 74 76 92 94:3737:197 56 234 864 445 576 495 870
46 63 75 82 83 92 93 94:15028:144 421 437 9006 95 1566 256 3103
38 46 47 48 51 73 82 83 87 92 93 94 95 96:18066:229 311 101 224 317 201 3672 186 554 5152 234 5533 863 489
36 46 48 64 73 74 92 93 94 95 96 97:17439:53 693 205 215 150 161 5836 563 7121 717 497 1228
46 48 64 65 72 73 74 83 92 94 96:7330:316 69 132 292 600 337 207 143 1566 3078 590
72 74 92 94 95 100:4278:48 83 2010 1184 352 601
92 94:3213:1352 1861
75 92 93 94:8720:650 4145 331 3594
36 46 47 48 50 64 65 72 73 74 75 77 82 88 92 93 94 95 96 97:40408:181 255 600 321 429 448 334 4010 1978 2227 1714 975 319 845 6264 1589 14145 408 2305 1061
46 92 94 95:1361:90 213 841 217
92 93 94 95:4250:2135 463 1463 189
40 46 47 63 64 65 73 92 93 94:5681:625 100 60 400 291 98 22 388 894 2803
46 72 92 93 94:3573:506 407 917 723 1020
46 72 74 92 93 94 97:7030:146 31 450 2371 60 2757 1215
46 47 50 92 93 94 96:5444:214 686 332 562 234 2504 912
46 72 74 87 92 93 94 95 96 97:5634:206 365 25 800 1636 122 985 417 544 534
63 72 74 82 92 93 94 97 98:6674:108 158 162 1522 1262 327 1791 826 518
92 94 97:2547:819 935 793
46 72 74 92 94 96:7535:62 76 85 3032 2793 1487
3 37 46 47 48 50 51 65 67 72 73 74 82 92 93 94 95 96:17392:47 168 137 259 108 330 439 486 453 1595 20 240 283 6156 655 3448 980 1588
46 73 92 93 94 100:2436:123 41 1277 122 229 644
46 64 65 72 73 74 77 83 92 93 94:8918:31 507 150 798 191 208 1281 164 3250 462 1876
46 73 92 93 94 95 96 97 98:6112:115 115 796 485 1984 523 528 746 820
46 78 92 93 94:2910:58 496 1468 237 651
73 74 92 94:1849:23 102 689 1035
73 82 92 93 94 95 99:2838:15 334 515 284 840 570 280
46 50 51 55 64 72 73 74 82 92 93 94 95 99 100:17856:143 365 248 67 54 25 67 60 2964 7962 734 2254 1851 334 728
92 95:1602:1091 511
30 73 92 93 94:2916:41 59 366 245 2205
46 92 93 94 97:4545:350 1211 256 2221 507
46 47 48 72 73 74 76 92 93 94 96:12909:711 200 77 22 272 468 647 3535 1495 4424 1058
46 50 92 93 94 98:5118:279 369 407 340 3098 625
46 47 48 50 51 72 73 74 82 92 93 94 96 97 98:22538:210 114 358 368 248 456 234 252 685 5108 2159 8857 2370 565 554
46 47 49 72 73 92 93 94 96 97 98:8498:136 242 433 221 28 1277 1160 2263 1101 644 993
2 46 48 73 74 92 93 94 95 96:13455:98 448 92 258 358 4037 1215 6064 338 547
51 72 73 92 93 94 96 97 98:9208:580 37 88 1830 1129 2370 633 1248 1293
48 92 93 94 96 97:2992:183 383 115 1086 636 589
48 74 92 94 97:1771:197 157 661 125 631
46 48 73 92 93 94 96:5356:595 235 51 1429 471 2013 562
92 94:1187:225 962
46 73 92 93 94 96:10757:222 46 1840 246 6376 2027
46 51 72 73 74 88 92 93 94:3397:164 293 281 355 140 141 291 198 1534
94 97:631:112 519
46 47 74 92 93 94 96 97:10716:222 612 45 2066 1279 3851 591 2050
46 47 48 50 51 73 74 92 93 94 96 97:13203:371 472 348 378 556 103 120 1978 2071 3496 1974 1336
46 51 72 73 92 93 94 96 97:2651:88 312 69 211 129 238 420 612 572
46 47 48 72 73 74 88 92 93 94 95 96 97:22602:596 124 435 75 324 194 162 6349 2334 9266 389 498 1856
4 46 47 48 65 73 74 75 87 92 93 94 96 97:19181:77 356 184 598 60 97 74 464 456 4866 2463 6421 1151 1914
48 49 51 65 72 92 93 94 96 97:11715:158 451 377 436 319 3825 550 3964 1063 572
46 47 48 51 72 74 92 93 94 96 97:13976:163 161 159 288 21 102 3311 1530 5514 1628 1099
46:99:99
93:159:159
75 94:3219:3148 71
38 46 47 63 64 65 67 68 72 73 75 82 88 92 93 94 95:17699:418 130 95 1453 226 626 682 746 725 63 388 3509 1167 3927 197 2934 413
38 46 47 48 64 65 72 73 82 87 92 93 94 95 97:14750:111 71 214 88 452 616 903 112 1915 244 4228 1173 2783 689 1151
74 92 95:1329:342 671 316
82:2050:2050
36 37 65 72 73 74 77 82 88 92 94:8526:134 101 109 914 58 942 241 181 1002 3196 1648
65 82 92 94:4928:315 1781 2429 403
46 63 67 82 88 92 94:4945:288 308 303 160 192 3021 673
47 82 87 92 93 94 95:6124:120 901 412 2539 698 430 1024
36 48 65 73 82 87 92 93 94 95:13038:187 223 127 58 1947 202 4889 424 3648 1333
46 47 92 93 94 95:4908:115 118 2739 471 1281 184
82 86 87 92 94 95:10597:798 730 511 4697 2626 1235
74 92 94:2682:58 2220 404
82 87 92 94:4268:2472 240 984 572
16 38 46 64 72 73 82 87 92 93 94 95 96:47819:20 162 270 242 73 282 16755 887 18581 713 8252 1004 578
36 46 47 63 64 72 73 76 82 86 87 89 92 93 94 95 97 98 100:47051:361 479 783 270 175 489 260 638 5202 2712 1306 980 19915 1221 8365 2236 594 523 542
46 47 48 72 73 76 92 94:6113:167 108 189 599 262 2679 839 1270
4 36 38 42 46 63 64 65 72 73 74 76 77 78 82 85 86 87 88 89 92 93 94 95 96 97:63342:171 431 1466 415 148 355 659 107 2261 588 1962 765 263 300 6257 85 8324 404 1214 1047 19632 1012 8229 5166 1035 1046
17 42 46 47 50 51 65 72 73 74 75 80 82 83 86 87 88 89 92 93 94 95 96 97 99:70490:17 296 576 155 326 300 247 1211 89 777 434 1588 22692 782 8780 2184 270 352 17284 742 6543 1489 1362 600 1394
46 47 48 63 67 72 75 82 83 86 88 89 92 94 95 96 97:23563:111 501 162 179 326 105 1008 5181 463 435 180 355 7526 3301 1528 498 1704
47 75 77 82 87 92 93 94 95 97:12517:223 1033 885 3016 419 2901 392 1710 829 1109
92 94:1126:934 192
36 38 65 72 73 74 82 87 92 93 94 95 96 97:10765:428 341 366 423 60 237 200 594 2255 377 2534 415 1404 1131
55 72 73:480:212 92 176
82 92 94:2753:887 1130 736
38 82 87 92 94 95 96 97:8840:835 2999 433 1998 844 459 607 665
17 38 46 48 64 74 76 82 86 88 92 94 95:23787:15 145 60 143 213 135 1183 3247 9905 1668 4305 2654 114
16 28 29 34 36 38 46 53 54 57 65 72 74 76 77 82 84 87 88 92 93 94 95 96:24748:44 69 217 452 280 766 60 898 246 161 395 3213 414 1211 2382 6199 328 821 191 3265 153 2022 405 556
72 74 76 82 92 93 94 95 96:9460:7 139 3296 1139 2346 167 1182 209 975
65 72 73 74 82 83 86 88 92 93 94 95 97 99:17538:363 400 57 140 3004 438 2625 439 4504 195 3679 817 545 332
46 47 92 93 94:1826:36 170 1390 60 170
47 82 87 92 94 95:4129:84 1146 206 1212 1073 408
16 46 65 72 77 82 87 92 93 94 95:17108:300 229 116 515 171 7023 2342 4528 584 456 844
46 82 92 94:4460:45 1308 2014 1093
63 65 67 77 92 93 94:3168:107 307 306 685 450 92 1221
46 65 82 86 92 93 94 95 97:12239:43 225 2137 211 6161 502 1154 1211 595
82 86 92 94:4323:1528 211 1876 708
76 92 94:2273:611 1159 503
46 68 82 87 92 94 95:14857:150 616 6609 691 3522 1723 1546
72 92:778:161 617
82 86 87 92 93 94:5438:1139 740 410 1636 128 1385
46 92 94 95:3675:53 2028 355 1239
72 77 92 95:1394:166 204 796 228
36 72 74 76 77 82 87 92 94:7493:362 296 50 568 73 2781 829 1562 972
72 86 89:3304:732 1944 628
46 48 63 64 72 73 74 75 77 80 82 92 94 96 97:16461:373 60 395 1034 1388 339 628 512 304 1982 1394 2727 4195 495 635
74 92:363:224 139
94:895:895
3 64 92 94:1772:16 172 892 692
92 94:1724:795 929
72:280:280
9 16 36 38 42 47 63 65 72 73 74 76 77 78 82 83 85 86 87 88 92 93 94 96:36814:250 42 174 260 290 95 130 439 617 345 333 785 2552 352 10223 2927 784 8576 854 930 1773 158 3129 796
4 16 19 26 29 36 47 48 54 56 63 65 70 72 73 74 75 76 77 78 82 83 85 86 87 88 92 93 94 95 97:71684:33 11 287 548 230 237 166 58 726 88 282 247 2960 1319 560 1074 2720 566 3126 268 24038 7311 3189 7819 647 7491 1844 143 2867 298 531
65 82 92 94 95 97:4297:730 2050 322 377 311 507
72 74:404:152 252
36 38 46 47 48 55 65 67 72 73 74 75 76 77 78 82 83 84 85 92 93 94 96:42031:121 317 34 255 28 151 754 726 1092 57 499 909 1378 1151 1100 24094 3179 1038 375 1087 292 2901 493
38 46 55 72 75 77 78 82 92 94 96:10643:307 59 120 764 1618 1292 286 2613 1094 1990 500
36 38 40 66 72 74 75 76 82 83 86 87 88 89 92 93 94:22031:176 196 607 1762 190 41 2579 2251 3727 1701 781 1020 168 378 4651 350 1453
36 38 58 65 67 72 73 74 75 76 77 78 82 83 87 88 92 94 97:30702:347 243 2031 919 584 687 184 797 969 8351 216 356 6236 102 418 146 2633 4073 1410
17 38 47 64 65 72 74 82 83 86 87 89 92 93 94 95:35196:21 1807 143 243 226 186 21 13025 952 3894 819 705 7499 147 4705 803
38 46 47 72 73 74 77 82 83 84 85 86 87 89 92 93 94 95 97:30251:480 54 124 666 165 15 94 3048 1458 757 291 6144 1147 1106 6690 284 4493 2113 1122
38 47 55 57 64 65 72 74 82 83 85 86 87 92 94 95:31071:793 27 134 423 136 218 1078 84 11690 1286 657 1800 431 5692 4538 2084
82 87 92 100:6382:2551 479 2782 570
21 38 57 74 75 76 82 83 85 86 87 89 92 93 94 95 96 97 99:58413:20 645 256 116 469 3680 23616 5433 232 9317 3948 367 3366 331 4629 545 532 511 400
82 87 92 94 95:8653:2766 859 3669 1092 267
16 20 25 36 38 47 63 65 72 73 74 75 76 77 78 82 83 86 87 92 94 95 96 97 100:34662:11 332 204 149 877 96 631 129 73 37 390 999 1078 59 1097 13748 979 872 1155 5052 3411 777 1433 511 562
36 38 44 46 48 54 55 65 72 73 74 75 76 77 80 82 83 86 87 88 92 93 94 95:54209:273 1133 675 71 107 243 260 577 3110 89 129 4930 2004 518 18769 7481 1401 1066 959 739 8085 158 785 647
36 46 74 82 83 86 87 88 92 94 95 99:17656:224 174 23 7761 988 1040 1201 527 2587 1467 1228 436
36 38 73 74 82 83 86 87 88 92 94 95 99:25787:124 578 75 27 11913 1668 1993 2395 330 3238 1309 1462 675
46 82 86 87 92 94:6458:58 2856 784 698 1635 427
25 46 65 72 73 76 82 83 92 94:7053:29 50 432 270 30 541 1179 348 3124 1050
65 72 73 74 78 82 83 92 93 94 96:10286:845 87 318 94 729 1257 108 2578 224 2810 1236
65 72 73 77:1935:389 874 408 264
38 46 73 75 82 83 86 87 88 90 92 94 95:19031:165 30 170 569 5044 418 6129 1704 264 1477 2212 483 366
77 83 86 88 92 94 97:3052:391 383 1108 133 177 269 591
64 72:508:245 263
46 72 73 78 94:1653:24 164 167 607 691
73 92:349:17 332
75 92 94:1337:618 316 403
38 72 76 82 83 92 93 94 96:12283:166 297 529 2669 3743 2258 374 987 1260
27 31 36 55 72 74 82 83 87 88 92 93 94 96:36873:26 35 181 706 1132 13 14521 9399 1250 712 3765 219 4056 858
3 38 46 65 72 82 83 84 85 86 87 88 92 93 94 95 96 97:22038:30 51 123 194 449 6658 1039 172 1304 825 2156 894 3970 176 1996 962 530 509
13 36 47 63 64 65 72 73 74 85 92 93 94 97:6581:406 324 31 766 169 898 308 125 322 573 784 476 856 543
74:113:113
95:105:105
65:189:189
93:56:56
64 65 67 72 94:2700:138 488 1476 448 150
2 46 47 74 92 94:1176:65 36 45 57 278 695
54 56 73 92 93 94:1685:365 171 206 255 212 476
93:176:176
63:620:620
47 75 94:748:121 444 183
92 94 97:1012:110 76 826
94:105:105
74 94:229:64 165
94:279:279
94:138:138
73 94:377:68 309
92 94:699:408 291
63:431:431
92:97:97
48:32:32
72:405:405
94:230:230
92 94:561:229 332
