11 27 33 38 56 57 61 65 72 73 74 75 76 77 79 82 83 88 89 92 94:31131:152 974 664 756 3222 636 1812 941 3423 282 767 3591 5550 482 247 3453 336 456 1778 1158 451
11 28 31 36 38 53 57 58 59 61 65 72 73 75 76 77 82 83 92 94:19076:188 247 295 906 193 1371 432 2017 127 241 683 2300 42 2280 1698 713 3630 851 274 588
26 29 36 54 56 72 74 75 76 77 80 81 82 92 94 97:29031:1121 3161 471 940 6343 1867 470 5062 1000 1285 1039 1778 2925 104 925 540
26:8:8
26 54:2740:321 2419
26 54 72 77:1392:102 876 135 279
34 53 58 77:5874:2202 3240 155 277
58 72:306:241 65
64 77:359:80 279
76:2548:2548
65 80 92:54409:602 53573 234
42 63 72 77:1711:686 81 394 550
28 34 58 74 92 95:11839:744 939 8043 335 644 1134
91 92 95 97 99 100:27020:8390 5991 5941 1357 3059 2282
95:388:388
92:700:700
51 73 89 92 95 99:11242:254 140 1053 2707 4247 2841
92 95 97 99:7428:1799 2751 921 1957
33 61 77 80:104527:1077 34513 316 68621
77:180:180
66:1703:1703
70 76:23322:12885 10437
69:4346:4346
69 70:8112:4780 3332
63 64:1733:1540 193
63 66 67 69 70 80:20742:579 2256 2637 6066 4316 4888
65 70 80:22443:1070 14791 6582
69 70 76 94:16982:12651 3165 1031 135
36 46 65 69:6380:75 81 3170 3054
76 77:4449:4264 185
66:1471:1471
46 65 92 94 96:2816:75 928 655 679 479
63 67 69 74 76 92 93 94:12263:1791 2220 5906 53 1129 271 558 335
38 63 64 65 66 69:8347:391 620 500 720 4059 2057
66 73 75 76 80:23262:2727 49 6803 11430 2253
39 92:1008:728 280
38 40 68 70 73 76 80 92 96:36075:136 1133 738 11055 66 647 20959 791 550
63 64 65 66 67 68 76 80 82 92 93 94:34181:1343 1173 2645 8023 886 1397 5948 5977 5702 509 176 402
64 65 66 92 93 94 98:7966:705 261 5248 505 335 242 670
65 76 92 94:1659:399 832 254 174
82:20186:20186
76 80:10526:1009 9517
63 65 72 74 86 92 94:8868:400 1131 243 286 5990 481 337
29 36 46 63 65 66 69 72 74 75 76 77 83 92 94:26657:219 978 36 2129 2291 11246 2077 2147 264 549 1652 1288 162 810 809
63 66:5149:2183 2966
38 47 55 65 66 67 69 72 73 74 76 77 78 80 82 83 86 88 92 93 94 95:79224:1075 39 61 2574 2663 2443 3481 1792 742 965 2516 487 606 12984 11393 94 33275 225 933 305 351 220
64 66:2607:549 2058
72 75:1427:920 507
26 54 56 64 65 67 73 74 82 83 92 93 94:8453:472 1993 525 582 615 300 91 157 2194 324 182 219 799
16 38 63 64 72 73 74 76 82 92 94 95:9230:633 398 100 161 643 55 113 1017 4703 534 545 328
33 36 38 47 53 58 59 61 63 67 68 72 76 77 80 92 94:32067:14 286 155 91 97 1310 15391 3514 1033 298 1263 189 5727 467 867 541 824
46 73 74 83 88 92 94:2120:206 22 160 244 148 859 481
38 46 57 58 65 67 72 73 74 76 77 78 83 88 92 94:11842:596 33 254 920 1087 657 1664 324 886 802 945 354 1379 302 1340 299
46 83:316:31 285
3 28 53 58 63 65 67 72 74 76 79 83 94 95:26601:79 868 4985 205 359 898 1122 605 171 15415 879 543 171 301
35 57 61 74 75 76 92:91894:555 1064 187 360 88778 766 184
33 35 38 65 67 72 73 74 77 78 80 83 92 94:10825:3521 612 116 130 1431 308 299 460 125 488 1995 440 669 231
36 65 67 72 76 82 92 93 97:5917:169 716 132 335 637 1529 1739 88 572
46 63 65 67 72 74 76 92 93 94 95 96:9736:62 1520 650 349 773 236 1710 2407 267 542 749 471
67 72 82 92 94 95:2703:105 32 996 474 850 246
16 38 64 65 67 72 73 74 75 82 88 92 93:5335:9 310 370 407 275 32 541 136 466 2064 390 65 270
64 65 67 72 73 74 83 92 94:7399:385 2275 900 850 246 518 219 281 1725
36 72 82 92 94:3243:209 209 718 1709 398
36 74 82 83 92 94 95 96:8607:81 283 1621 604 3566 1269 622 561
7 36 38 47 64 65 72 74 75 76 82 83 86 87 88 92 94 95:12353:156 188 341 281 160 262 118 97 506 574 733 114 651 573 204 5191 1541 663
3 17 36 38 42 63 64 72 73 74 82 86 87 89 92 94 95 99:32806:55 22 358 213 242 276 216 70 160 360 9543 10162 1848 759 5240 1000 1967 315
36 46 63 64 72 74 82 86 87 89 92 94:16928:424 61 128 135 393 320 8660 2264 653 1010 2430 450
27 36 37 38 47 82 87 92 94 95:8671:45 191 424 839 43 3676 277 1898 859 419
38 39 63 72 76 86 89 92 93 94 95:15238:237 605 87 575 842 6978 1514 2684 285 521 910
8 17 19 36 38 43 47 65 67 72 74 82 83 86 88 89 92 93 94 95:37562:12 8 60 234 1374 435 84 477 477 189 91 7649 901 12437 148 1795 7152 63 806 3170
36 38 46 55 72 74 76 82 83 86 92 93 94 95:23404:786 297 37 99 1027 565 650 3697 1647 1603 8108 67 2146 2675
3 36 38 65 76 77 82 84 85 86 87 88 89 92 94 95:21754:8 180 176 143 1148 586 4248 177 148 2788 290 463 707 6582 1716 2394
36 38 48 55 72 73 74 77 82 83 86 87 88 89 92 93 94 95 97:26527:587 758 34 152 496 45 580 437 6236 105 8145 1013 600 358 2896 154 2727 627 577
36 38 46 63 65 72 74 77 82 86 87 88 89 92 94 95:34055:594 624 85 233 567 955 175 386 7506 12789 2439 160 362 5118 1034 1028
36 46 48 54 65 67 72 73 74 75 77 80 83 88 92 94:10636:237 287 101 535 619 408 1795 429 543 703 816 1818 1223 348 574 200
16 36 37 46 55 63 64 65 72 73 74 76 77 82 83 85 86 92 93 94 95:24439:180 665 407 56 126 553 135 833 304 54 312 594 350 7513 589 126 6371 2859 150 1978 284
17 38 48 56 63 64 72 73 74 77 82 83 86 87 88 89 90 91 92 93 94 95:37438:78 581 41 344 246 167 258 316 429 360 9518 1448 15226 520 209 1544 552 460 2646 111 1713 671
13 36 38 48 63 65 72 74 78 82 83 86 87 92 94 95:24272:112 125 215 73 363 527 257 191 864 10741 636 5604 256 2619 994 695
3 8 26 36 47 54 55 63 65 66 72 73 74 75 77 83 84 88 92 94:17133:66 90 121 230 107 645 300 3009 2702 1348 2520 854 1132 370 1154 736 381 573 407 388
36 38 47 48 55 64 72 82 83 86 87 92 94 95 96:31752:109 544 41 53 473 171 2010 13021 677 8029 480 3376 1337 792 639
38 46 55 67 72 73 76 82 83 84 85 87 88 90 92 94 97:30341:918 20 24 1391 948 215 3628 6147 3101 329 826 513 301 6213 4243 972 552
17 38 57 64 69 72 74 78 82 83 86 87 88 92 94 95 97:25512:17 960 827 224 4196 513 153 312 5263 544 5564 716 152 3464 1013 1036 558
20 38 46 58 63 65 72 74 82 83 86 87 88 89 92 94 95:29376:123 1429 72 372 613 356 698 762 11339 470 4758 737 206 395 5283 1630 133
38 72 82 86 87 92:6868:876 160 1719 2669 275 1169
72 82 86 87 89 92 94 95 97:11694:305 4465 3636 527 735 1035 273 177 541
72 75 92 94 95:3274:521 1047 996 378 332
37 65 72 76 77 80 86 87 94 99:14747:183 224 923 3432 551 765 6497 1508 88 576
36 37 38 48 57 64 67 72 74 75 76 77 82 92 93 94 95:17517:1091 300 495 48 612 862 1021 2566 105 651 3875 2406 1521 1277 113 200 374
17 36 38 39 55 72 73 74 76 82 83 85 86 88 89 90 92 93 94 95:31793:25 697 1477 636 153 416 128 419 931 2258 1212 504 9182 188 2729 5301 4728 99 574 136
36 38 42 47 65 72 74 82 83 86 92 94 95:17762:833 1411 549 13 600 747 57 2777 337 4963 4221 737 517
36 38 72 73 75 82 83 86 92 99:24982:296 1347 450 92 1153 9143 1158 8190 2712 441
38 57 63 64 72 73 74 77 78 83 88 94 97:15584:1208 355 1537 572 2809 108 34 5493 592 1548 450 333 545
7 36 38 39 42 53 64 72 73 74 80 82 83 85 87 88 92 94 95:25862:320 960 600 620 384 1039 208 1804 165 347 957 4424 5599 504 1733 439 4568 647 544
36 38 42 46 72 74 82 86 89 92 94 95:27002:608 543 301 54 1315 403 3602 16371 358 2511 452 484
36 65 82 86 92:8630:433 660 3269 3731 537
36 38 72 82 86 89 92 94 95:14397:189 163 805 3186 6624 414 2482 61 473
36 38 72 74 82 83 86 92 94 95:17464:1429 168 1560 368 3193 1070 2745 4323 1342 1266
36 38 64 65 67 72 74 77 82 83 85 86 87 88 89 90 92 94 95 100:35713:515 932 349 268 304 1438 12 1587 9695 386 355 9175 481 177 734 3201 3774 568 1159 603
36 38 46 47 57 72 76 77 82 83 92 93 94 96:11224:628 582 58 40 437 1716 751 877 2605 80 1704 113 972 661
82 83 92 94:2782:1540 657 166 419
36 38 65 72 74 76 77 82 83 86 87 88 92 94:25676:197 159 589 2118 384 657 466 7684 2230 4535 583 216 4546 1312
36 82 83 86 87 92 95:6664:302 1488 940 2176 249 1308 201
28 36 38 53 58 65 72 74 75 77 82 83 86 87 92 94 95:16465:48 489 1040 484 197 308 1367 386 460 476 2376 2306 2201 605 2660 835 227
16 36 38 65 72 73 78 82 83 86 87 92 94 95:34098:10 229 1021 14 610 63 293 18376 1197 4942 377 4965 1347 654
63 64 65 72 73 74 75 77 83 84 92 94:8437:1531 335 126 2404 108 444 604 894 895 365 526 205
29 36 38 54 72 73 74 75 76 77 78 82 83 85 92 94 95 96:15206:220 349 759 336 1411 55 360 1369 619 291 735 2262 1595 586 2325 623 190 1121
38 65 72 73 77 82 83 84 85 86 87 88 89 92 95:24956:872 704 1122 214 265 6392 2085 208 186 9753 1317 278 355 1008 197
39 55 72 74 82 83 84 86 87 92 94 95:19223:602 974 410 289 6535 4260 388 1300 252 2838 279 1096
36 38 72 82 86 87 92 94 95 97:18312:724 110 114 7171 5714 1398 1830 379 292 580
38 82 86 87 92 94:9203:251 547 6930 529 638 308
16 82 83 86 87 92 94:31845:211 19692 1637 6790 1816 1580 119
36 38 72 76 77 82 83 86 92 94 95:15975:387 958 94 553 148 3567 3313 1436 3693 221 1605
38 73 82 83 86 87 92 94 95:28616:597 47 16510 1298 4151 1883 2928 812 390
16 64 65 72 82 83 86 87 94:12634:51 330 325 72 9174 1272 436 719 255
36 38 65 72 74 77 82 83 86 88 92 94 95 97:33855:726 816 202 115 113 147 20474 1850 2670 828 4045 1086 171 612
36 38 55 63 64 65 72 73 74 75 76 92 93:9440:304 324 566 1391 180 1227 1184 570 215 1176 1625 549 129
36 38 46 47 55 64 65 73 74 77 82 83 85 88 92 93 94 95 96:20013:783 177 100 116 28 214 1158 242 45 238 8041 1371 484 216 2854 333 1733 1294 586
38 64 72 78 82 88 92:4214:496 220 21 625 1250 359 1243
20 36 64 65 66 72 74 80 82:8075:255 448 234 1492 1659 723 198 2327 739
46 65 72 73 82 83 92 94:6181:78 47 479 74 3423 1722 255 103
82 92 94:7240:6913 195 132
82 83 86 92 95:11778:7830 867 1223 1515 343
17 46 64 65 73 74 86 87 88 92 94:16643:65 185 288 170 23 287 13574 448 152 556 895
36 38 65 72 73 74 76 77 82 83 88 92 94 95:15577:408 118 369 809 65 63 643 398 6032 820 606 2833 1698 715
82 83 97:1662:774 320 568
47 72 82 87 92 93 94:5763:314 313 3237 518 545 80 756
72 92 94:1153:40 110 1003
38 47 64 65 72 74 82 87 92 94 95:11331:229 248 396 165 879 61 5365 1056 1991 774 167
82 87 92 94:4692:3177 569 330 616
16 17 36 38 47 72 82 83 86 87 92 94 95:47669:3425 149 102 563 216 8 23263 1212 11194 489 3338 2679 1031
82 83 86 87 92 94 95:8062:736 1895 2156 1322 1306 171 476
36 38 72 74 80 82 86 88 92 94 95:19228:111 308 503 128 851 7866 950 933 5523 823 1232
36 72 82 83 86 87 92 94 95:10173:251 167 1860 2057 899 816 2870 706 547
47 74 86 87 89 92 94 95:9972:34 90 4123 956 839 1266 2282 382
38 72 74 82 83 87 92 94:10164:533 310 71 4057 670 254 3312 957
46 72 77 82 85 87 92 94 95:8626:177 120 40 3574 670 494 2429 370 752
36 38 48 65 72 73 74 82 86 87 89 92 94 95:9011:45 89 56 1396 1022 101 83 2537 956 266 537 1109 626 188
36 72 80 92 94:7094:181 163 4953 1367 430
76 78 92:4976:4316 380 280
76 82:3581:2971 610
63 64 65 66 72 73 74 76 78 81 83 84 85 88 92 93 94:26427:1434 978 3854 1310 3159 1102 637 4410 892 952 3903 334 1106 170 178 352 1656
28 46 53 54 63 64 65 72 73 74 75 76 77 78 81 83 87 88 92 93 94:22768:883 149 698 261 373 1125 1603 2925 844 1361 1941 2048 313 450 1807 340 406 550 574 940 3177
65 72 73 74 82 83:5942:268 583 244 120 3213 1514
36 65 92 94:2280:393 694 611 582
76 83 92 94:2835:867 1221 470 277
38 64 65 73 92 93 94:2023:356 340 271 133 363 110 450
64 82 92 94:3982:327 1781 1317 557
46 65 69 72 84 93 94 96 98:5432:200 440 1791 461 174 180 487 1220 479
46 92 94:339:45 186 108
46 72 92 93 94:1485:74 96 192 65 1058
46 63 65 72 77 82 93 94:6754:104 464 895 87 1024 3659 189 332
48 63 64 72 74 75 82 88 92 94:6439:77 176 393 94 106 1327 1687 1071 813 695
94:250:250
46 47 48 64 65 92 93 94:4631:229 311 214 116 2895 288 78 500
3 63 64 67 72 76 80 82:9933:44 2359 527 1085 308 608 3268 1734
36 46 48 63 64 65 66 72 74 92 93 94:8066:418 32 258 1078 622 1399 1514 424 394 714 96 1117
36 38 40 46 63 64 65 68 72 73 76 92 94:8420:475 622 728 188 770 294 437 759 421 61 1383 1250 1032
16 17 46 50 55 65 67 68 72 73 74 77 80 82 83 84 86 92 93 94 95 97:26572:6 13 331 367 268 3502 2026 1063 684 212 837 518 2553 4800 119 476 5831 837 31 847 370 881
63:688:688
46 55 63 64 65 82 92 94 95:3695:59 13 638 571 512 794 546 317 245
64 82 92 94:2246:737 652 184 673
65 82 92:4817:123 4299 395
36 82 83 86 94:3844:149 1864 474 1186 171
82 83 86 87 88 92 95:7687:3483 386 772 483 420 826 1317
38 82 83 87 92:8349:88 2860 1308 1944 2149
72 76 92 94 95:9678:194 5539 3032 731 182
38 65 72 73 76 80 82 92 93 94 96:8049:344 272 91 231 720 2793 687 1802 106 484 519
83 94:1348:1280 68
27 47 50 65 69 74 75 82 83 94:15314:2 69 446 206 1728 490 372 10465 1232 304
46 47 63 67 73 74 82 92 93 94 95:8486:98 90 1260 1358 93 88 2189 2350 315 475 170
92:253:253
36 38 46 72 74 82 83 86 92 94 95:18118:322 447 80 540 43 4595 3769 1086 6259 531 446
65 94:419:214 205
42 47 72 75 77 82 83 87 88 92 93 94 95:18310:65 44 449 592 255 6782 339 522 1912 4747 586 1008 1009
67 82 86 92 94 95:6498:872 648 907 2285 1595 191
38 63 64 74 76 82 83 88 92 93 94 95:20554:577 365 201 337 596 11800 849 153 3802 113 1141 620
21 36 48 64 65 72 73 74 78 81 82 83 85 86 92 94:17729:51 404 105 486 1679 1325 593 328 502 7780 916 1070 505 768 252 965
58 66 72 73 74 77 82 83 85 92 93 94 96:19748:2766 1303 109 248 353 81 4468 4893 188 2353 318 1557 1111
74 82 83 92 94 95:7797:85 2202 1310 2877 1155 168
65 94:1316:826 490
68:1320:1320
74:149:149
66 67 72 77 80:8695:1692 1589 117 2756 2541
46 65 73 74 83 92 94:4243:144 1615 135 125 1420 316 488
36 74 82 92 94:1356:230 16 510 406 194
36 48 63 65 72 73 74 80 83 92 94:5858:110 69 958 926 57 60 426 1135 386 729 1002
36 65 72 74 82 83 88 92 94 95:4682:215 140 90 38 1354 324 236 1901 179 205
37 46 47 63 65 74 76 77 92 94 95:7937:169 49 17 368 4177 224 725 154 676 1021 357
64 65 72 73 74 92 93 94:2771:184 444 498 108 32 1023 120 362
42 67 75 82 92 94 95:3889:178 200 401 901 1690 114 405
36 38 46 64 72 73 74 82 92 93 94 95:7640:434 263 69 166 312 217 277 3717 1110 62 593 420
9 13 34 63 65 72 74 75 76 77 80 82 83 84 87 88:27944:4512 804 682 368 1983 1730 270 389 1961 759 9020 409 2550 1636 577 294
36 38 64 72 74 92 94:5418:257 161 223 378 365 3841 193
3 36 38 46 63 64 65 67 72 73 74 76 82 83 87 92 94:9206:78 387 497 329 574 170 173 486 1070 668 279 985 164 187 303 1551 1305
3 38 72 78 82 92 94 95:8954:61 223 41 812 3630 3418 201 568
4 47 74 82 83 86 88 92 94 95 99:25760:201 90 97 9429 524 6262 196 6015 1197 1288 461
38 65 72 73 82 83 86 92 94 95:7797:375 272 41 57 2820 349 736 1381 1298 468
36 65 74 82 86 92 94 95:6096:220 348 376 1837 949 1410 599 357
72 73 77 80 82 83 84 92 94:7093:305 43 311 897 1179 360 196 3474 328
8 36 38 46 63 64 65 72 73 74 78 82 83 85 92 93 94 96:8761:74 266 314 102 402 416 1154 379 94 349 316 575 436 74 2179 100 1038 493
18 19 21 82 85 92 94 95:8021:39 12 59 5512 564 1246 311 278
36 58 65 66 72 74 76 77 80 83 85 92 94:14940:99 765 2652 1518 640 138 2668 352 4342 1110 98 512 46
36 46 65 72 78 82 83 92 94:11213:224 102 440 211 343 6780 784 2186 143
46 65 66 72 73 74 94:3981:65 1023 1453 598 204 63 575
63 64 65 67 72 73 80:4374:675 652 1385 453 164 171 874
63:1332:1332
46 93 94 97:2340:15 235 459 1631
50 74 82 92 93 94:5162:378 80 2388 921 144 1251
46 48 82 83 92 93 94:8643:143 199 4210 2280 1034 191 586
46 48 65 82 92 94:2840:376 60 293 1060 796 255
42 82 83 92 95 99:9488:279 3004 1340 3891 493 481
82 94:2549:2141 408
74 82 83 92:16360:155 15472 418 315
82 83:9851:5129 4722
82 88:15124:14175 949
17 65 72 82 83 86 92 93 94:24699:71 225 278 17620 77 5119 596 110 603
18 36 65 67 82 92 94 95:8934:24 350 153 36 2698 3929 1461 283
46 86 92 94 95:5945:32 4259 1013 360 281
36 38 47 67 72 74 76 82 83 86 88 92 94 95:19246:943 562 127 285 839 220 949 3148 322 3184 155 5870 1737 905
36 38 46 48 55 57 64 65 72 73 74 75 82 88 92 94 96 97:20330:282 797 88 77 426 509 268 424 1560 96 1076 448 6880 297 2043 3769 479 811
17 46 47 48 63 64 65 72 74 77 78 82 83 85 86 92 94 95 97:36955:274 80 111 75 1233 152 428 764 383 315 1015 7250 1927 311 15745 2608 2987 159 1138
48 72 74 77 82 83 92 93 94 95 100:25595:42 161 137 210 11522 4793 5806 350 1626 280 668
36 46 47 63 72 74 82 83 86 92 93 94 95:19325:211 158 49 289 270 85 11575 985 2222 2770 313 194 204
36 38 63 72 74 82 83 84 85 92 93 94 95:20272:475 157 1502 1009 151 6035 2977 380 461 4150 169 1966 840
65 92 93 94:1425:348 238 172 667
36 38 42 58 64 65 72 73 74 82 83 88 92 93 94 95 97:21645:724 180 154 1024 141 541 260 196 145 9945 1602 146 3480 776 1492 283 556
36 38 48 63 72 78 82 83 92 94 95 97:12155:340 691 52 492 991 308 1819 670 3702 980 1461 649
38 47 72 82 86 92 94 95:10065:308 40 125 3567 2010 2893 641 481
36 82 83 86 92:6939:193 3534 557 1845 810
82 92 94:1657:958 436 263
18 36 38 46 47 65 72 73 74 82 83 92 94:8541:40 500 255 71 186 518 556 50 368 608 285 3568 1536
72 76 83 92 94 95:1983:98 572 419 173 419 302
63 65 67 72 73 74 76 92 94:35625:219 1293 388 1606 257 248 30752 183 679
46 55 73 83 92:1499:36 37 105 799 522
36 38 63 72 74 76 77 82 83 88 92 93 94 95:11830:275 83 440 419 239 859 247 1023 799 1643 3061 160 1690 892
38 83 88 92 94:1421:191 513 149 185 383
36 83 92:2431:50 544 1837
36 38 55 63 64 72 74 76 82 83 92 94 95:14069:512 488 886 240 383 896 137 3836 1271 1444 2221 1559 196
18 24 63 77 81 82 83 90 91 92 93 94 95:29073:104 564 601 767 1904 1296 1368 16634 4324 700 192 452 167
36 46 64 65 72 73 74 82 83 87 92 94 96:18903:219 551 147 144 364 256 1062 7978 3098 1535 1410 1419 720
46 65 72 76 82 86 87 92 93 94:33200:21 88 1135 1054 10628 17453 470 1456 303 592
72 80:9792:306 9486
72 82 83 86:21396:72 646 2051 18627
82 83:4273:727 3546
26 29 76 86:14609:77 1644 1020 11868
86:2746:2746
65 72 73 92 93:1576:983 243 22 264 64
17 26 38 46 54 64 65 72 74 82 86 92 94 96 97:33478:26 1413 91 20 4047 98 137 68 66 5376 19387 279 1210 476 784
36 38 72 73 74 82 83 92 93 94 95 97:20312:317 303 479 113 254 7262 1838 5058 194 2090 1131 1273
46 47 65 72 74 75 82 83 92 94 95 96 97:22774:325 86 175 635 109 665 10821 2754 2981 1978 563 829 853
16 38 65 72 73 74 82 83 87 92 93 94 96 97:17071:6 364 531 661 44 43 6724 1638 528 2221 157 2497 1031 626
29 54 72 82 92 94:5631:1025 1429 253 1916 384 624
55 74 76 93:1254:172 178 780 124
4 46 72 82 92 94:5108:11 211 280 3410 452 744
46 47 48 51 74 82 86 87 89 92 93 94 95 97:15536:219 193 174 272 187 3404 2581 881 731 2573 744 2240 576 761
72 74 82 83 86 88 92 94 95 96 98:10147:261 37 3246 257 3924 166 242 633 304 490 587
46 48 49 65 72 82 92 93 94 97:18336:148 202 468 546 46 8657 4514 721 2245 789
16 17 29 36 47 48 54 64 65 72 73 74 77 80 82 86 92 94:29831:7 66 74 130 133 93 185 353 1283 36 187 401 248 2369 16699 5576 883 1108
16 36 38 47 64 65 72 73 74 76 82 83 86 87 92 93 94 95 96 97:45118:22 246 566 247 698 975 936 169 88 5759 15184 504 8473 467 5617 187 1905 1376 510 1189
38 47 73 82 83 86 87 89 92 94 96 97:30777:168 271 148 15540 1018 3864 1230 927 5053 1350 476 732
86:2306:2306
38 46 47 73 74 76 82 83 86 87 89 92 93 94:34943:144 321 148 114 46 932 19214 702 5071 240 368 4754 219 2670
36 38 64 65 66 70 80:15776:259 247 241 1776 2001 5289 5963
3 47 82 92 94:2689:113 270 1632 376 298
82 86 92 93 94:28380:16103 11688 188 274 127
46 65 72 73 74 78 82 83 86 88 92 93 94 95:34625:54 125 376 423 30 587 28423 852 926 877 826 348 507 271
16 36 47 65 72 82 86 92 94 95:27326:6 167 99 163 309 17832 5356 2266 965 163
17 36 72 82 86 87 92 94:44455:7 62 155 19991 20793 848 1585 1014
47 64 65 67 72 73 74 82 86 92 94:5759:75 349 369 241 146 137 122 852 864 1309 1295
36 72 74 82 86 87 92 94 95:16945:433 247 56 7318 3952 242 3380 861 456
74 82 83 86 92 94:11247:32 7719 877 1084 820 715
82 92 94:4947:3900 790 257
72 82 87:16445:279 15930 236
82:7191:7191
36 46 54 64 65 72 73 74 75 76 80 82 83 88 92 94 95 97:40039:606 49 704 1163 332 2686 807 293 1105 5885 2307 14932 5582 711 1259 346 164 1108
46 64 82 87 92 94 96:16285:49 361 13791 1017 462 91 514
94:291:291
63 64 72 73 74 82 83 88 92 94 95 96:23434:390 74 526 333 20 13232 5114 155 1936 932 233 489
64 65 82 94 95:4160:121 906 1696 1220 217
48 63 64 65 67 80 82 94:10909:248 2272 942 1798 1513 768 3134 234
38 46 72 73 94:1992:194 296 370 37 1095
38 64 65 87 92 93 94:6739:382 139 822 765 789 815 3027
16 36 46 47 50 51 63 64 65 72 73 74 78 82 87 88 92 93 94 95 96 97 98:42032:23 348 394 353 341 268 862 675 946 923 32 419 679 20068 1921 681 4351 510 6036 241 577 912 472
36 82 83 87 88 92 94 95 97:17012:195 7509 2472 796 370 3082 1341 671 576
36 46 55 72 73 74 82 83 86 92 93 94 95 96 98:45995:341 184 194 123 85 252 27290 1204 2568 7041 186 2700 2483 859 485
36 46 47 65 67 72 74 76 82 83 86 88 92 93 94 95:48613:208 142 67 386 423 63 263 796 29308 3619 942 199 8578 329 2836 454
4 16 36 38 46 48 65 72 82 83 86 92 94 95 97 99:47245:71 89 353 148 31 65 138 243 21674 3733 4846 8835 4040 2151 550 278
16 38 48 63 64 72 73 74 76 77 82 83 86 87 92 94 95 99:38886:16 313 41 1095 398 188 270 497 643 327 14193 1790 5253 238 7973 3520 1849 282
36 46 47 48 72 73 74 75 77 82 83 92 93 94 95:22402:120 83 297 219 18 191 240 551 644 12803 2623 3032 95 1012 474
46 82 92 93 94 95:11485:397 8311 793 140 1260 584
82 92 93 94:6060:4452 801 308 499
17 46 48 50 64 65 72 73 74 82 86 92 93 94 95 96 97 98:16500:16 144 119 360 408 303 212 316 30 892 3767 2818 550 4218 541 693 557 556
92 97:1006:397 609
72 74 82 83 92 94 95:9700:184 52 5166 3410 181 366 341
4 16 46 47 48 51 63 72 73 74 82 83 86 88 92 93 94 95 96 97 98:28891:87 152 82 45 54 305 602 64 250 257 6319 778 2878 948 6820 901 3867 717 1277 1990 498
46 48 63 74 83 92 94 97:9584:295 46 764 188 5553 1208 993 537
16 64 73 74 82 83 86 87 92 93 94 95 99:33913:35 104 276 129 13979 640 1254 520 9519 169 4676 2317 295
72 73 74 82 94:3530:426 228 354 2143 379
36 46 47 48 63 64 65 72 73 74 75 76 77 82 83 92 93 94 95 97 98:31402:61 233 196 88 228 246 1032 1135 210 432 676 861 126 11213 439 7590 1163 3351 1006 614 502
46 74 93 94:1158:30 157 450 521
46 48 93:201:32 81 88
93:333:333
4 46 54 63 64 73 74 77 82 83 92 93 94:9608:43 154 467 211 214 90 579 90 1998 465 3529 302 1466
4 36 48 56 63 65 67 72 73 74 77:4932:114 169 29 613 386 1846 224 807 250 139 355
36 46 48 64 72 73 82 83 87 92 93 94 96:18517:488 764 22 650 41 163 6509 1187 1127 3026 463 3271 806
46 48 92 93 94 98:2915:332 92 1002 723 162 604
36 38 47 51 63 64 65 73 74 76 92 93 94 95 96 97:10415:438 267 30 284 169 228 1485 229 46 680 1718 716 2553 543 471 558
46 47 48 64 65 72 74 82 92 94 95:10094:71 244 50 165 603 232 86 3566 2404 2495 178
46 48 64 67 72 74 92 94 95:10002:103 101 128 635 145 377 3247 4710 556
36 46 47 48 63 64 65 67 68 72 73 74 76 82 92 93 94 97:21982:871 117 217 289 720 351 2115 506 778 551 225 234 950 4026 4638 501 3639 1254
37 64 65 67 73 74 92 94 97:4893:332 112 698 561 34 254 1987 370 545
38 46 48 51 64 65 67 72 73 74 76 82 87 92 93 94 95 96:26367:317 38 69 293 187 212 456 732 204 680 697 7763 1117 5857 98 6312 385 950
46 72 94:342:188 40 114
46 63 64 65 67 72 73 74 76 78 92 93 94:9442:145 1763 1008 1170 1333 546 52 498 1277 600 535 239 276
48 83 92 94:2117:81 1276 372 388
46 47 57 64 68 72 73 74 82 83 92 93 94:20205:326 38 603 172 2435 26 141 425 2046 2277 4269 554 6893
46 48:91:56 35
46 63 72 74 82 92 93 94:5140:92 308 283 134 116 1700 75 2432
16 46 82 92 93 94:2696:27 107 166 527 240 1629
48:35:35
46 48 72 74 92 93 94:1151:134 210 188 84 151 68 316
48:70:70
48:70:70
46 48:70:35 35
48:35:35
48:35:35
46 73 92:604:215 34 355
92:376:376
77:221:221
63:320:320
48:11:11
38 47 63 64 65 72 74 77 82 93 94 95:8375:306 106 982 90 1540 1484 634 1303 1438 103 107 282
55 64 65 72 74 75 77 82 83 86 87 92 94 95:32866:228 373 1014 471 196 1051 58 14488 1998 9917 541 1367 1012 152
36 46 72 73 74 75 82 83 86 87 89 92 93 94 95:44008:127 180 224 185 912 1957 14712 1943 12247 583 374 7855 186 2000 523
16 18 31 36 38 57 65 72 74 82 83 92 94 95:23090:18 27 613 73 678 2299 265 400 68 9891 3284 3471 1547 456
82 92:9854:9686 168
38 46 47 72 73 75 82 83 86 87 92 93 94 95 96:38745:847 50 36 320 30 2115 19194 1280 4177 807 5779 456 2328 823 503
27 63 65 72 74 76 85 87 92 94:8747:36 810 546 666 737 2715 1689 509 432 607
38 46 48 72 73 74 78 82 83 86 87 92 93 94 95:28464:741 234 141 142 20 59 434 10376 1933 1867 466 7077 113 3473 1388
36 38 64 65 72 74 82 83 85 87 92 94 96:15418:267 337 195 463 210 50 6103 2171 1043 501 2445 1118 515
16 47 63 64 65 82 83 86 87 89 92 94 95 97:43610:30 129 265 400 277 21821 957 10391 1063 377 4664 1126 1472 638
38 46 72 73 74 78 82 83 87 88 92 94 95:28201:646 96 1393 271 49 336 11494 6504 243 455 3279 2453 982
38 46 72 73 82 83 86 92 94 95 97:31964:178 49 322 11 9636 1994 11351 3725 2549 1596 553
36 38 55 72 80 82 83 85 86 92 94 95:26567:330 468 88 264 1416 8423 586 3493 2157 7115 1433 794
16 38 76 82 83 86 87 88 92 94 95:17619:18 465 2684 4683 3067 1546 274 1105 2371 450 956
74 82 83 85 86 88 90 92 94 95:14983:163 1247 2140 671 793 157 3855 4491 645 821
36 38 57 72 74 82 84 85 86 88 92 94 95:24393:268 642 265 837 32 6780 237 356 2715 586 7727 2377 1571
38 55 72 73 82 83 86 89 92 93 94 95 96 97:21049:227 24 1291 71 378 612 3529 1840 9504 124 1094 1226 491 638
38 55 57 63 65 72 73 74 75 76 77 82 83 88 92 93 94 96:15059:312 139 599 354 2245 1377 367 200 740 2444 242 1032 473 1180 744 280 1826 505
21 38 72 73 74 82 83 86 87 88 92 94 95 96 99:28452:74 789 259 24 559 7721 1343 5365 2152 400 6251 1363 751 481 920
42 72 73 74 82 83 86 87 92 93 94 97:13886:313 714 28 242 3499 3829 463 262 3293 370 322 551
77 82 83 87 92 97:23629:603 20737 600 237 842 610
38 63 74 82 83 85 86 88 89 92 95:14438:288 2222 276 7439 516 388 1171 482 374 1042 240
72 73 74 82 83 87 92 96 97 100:13344:79 21 11 8589 689 519 917 483 1306 730
47 72 77 82 83 85 86 87 88 92 94 95:25176:127 1013 261 11888 1614 348 2387 262 2193 4198 268 617
17 38 72 82 83 86 88 92:6229:167 372 84 2643 708 1499 304 452
36 38 72 74 82 83 92 94 95:13706:135 617 330 191 3085 4096 3513 1504 235
36 38 72 74 82 85 86 92 94 95 97:27691:200 1348 804 536 13811 1063 958 6660 669 1056 586
82 83 92 95:9912:7385 429 1905 193
16 82 83 92 95:8451:39 6285 1665 221 241
16 18 82 86 87 89 92 94 95:17356:27 579 7295 4011 1248 1157 1884 661 494
16 82 86 92:14536:288 5594 8382 272
82 92:2919:1738 1181
17 20 82 86 87 88 92 94 95:10015:20 127 1104 5111 298 2840 210 98 207
22 72 82 86 92:8578:129 34 5234 2851 330
86 89 90:12985:1406 354 11225
76 83:2384:2265 119
72 82 86 87 92 94 95:11084:239 5710 3126 301 1099 332 277
82:896:896
22 86 90:10494:59 4480 5955
77 82 89 94:2280:99 683 1425 73
82 86 89 92:4124:1829 1270 368 657
82 86 89 92 95 97:8525:921 4647 850 643 728 736
82 87 89 92 95:12366:5593 784 1188 2652 2149
82 87 92 95 99:4484:2553 670 297 463 501
82:1095:1095
17 72 73 74 76 82 86:9809:96 303 37 42 1569 1390 6372
16 38 82 86 87 89 92 94:27622:8 240 16348 8429 847 1273 177 300
38 72 73 82 86 87 88 89 92 95:21462:256 265 230 13244 1392 1979 602 382 1937 1175
82 86 92 95 97 99 100:20921:8822 3908 2654 3413 872 450 802
72 73 82 86 87 95:7381:820 148 2565 2497 294 1057
48 77 82 86 89 92 94 95:7913:35 71 3985 1671 504 793 158 696
65 72 73 74 82 86 93 94 98:12294:228 464 57 40 5308 5466 141 66 524
72 74 82 87 89 92 94:10535:124 56 8176 276 1160 495 248
48:57:57
16 82 93:5501:8 5117 376
82 86 87 89 92 94 95 97 100:21602:9212 6719 1544 384 1227 203 1081 630 602
72 82 86 87:8468:543 3638 3559 728
53 58 63 72:5302:3169 920 230 983
64 72 74 77 86 92 97 98:17506:1077 760 322 806 12859 134 774 774
83:856:856
38 72 74 82 83 86 87 92 94 95 97:25995:225 14 294 8000 117 7021 1695 4349 699 2994 587
36 42 46 63 72 82 83 86 89 92 94 95 97 99:12666:122 247 39 301 74 3273 575 1707 2166 1782 163 983 587 647
82 86 87 92 95:5279:1883 2310 547 249 290
17 74 82 83 86 92:20158:547 150 2591 771 15869 230
82 87 92:13546:12327 413 806
82 86 92 94:3227:680 1504 827 216
3 36 74 82 86 92 94:20716:52 214 128 7463 11669 757 433
36 46 48 51 72 73 76 82 86 92 93 94:15250:391 90 53 263 354 63 4941 4432 3264 579 426 394
46 82 87 92 93 94:20260:97 18233 1020 452 72 386
64 65 73 82 86 87 89 92 93 94 95:24069:150 196 26 17725 1631 561 399 2121 111 457 692
72 73 74 77 86:4202:39 48 240 99 3776
17 38 74 77 82 86 89 92 94 95 97:38940:505 410 775 379 26776 6445 733 1738 178 420 581
42 56 82 92:3480:202 190 2893 195
65 72 77 80 82 86 94:23588:27 1194 756 7911 8037 4826 837
72 82 83:1682:651 516 515
65 72 73 74 76 77 78 86 94:8459:585 277 285 1403 945 297 627 3976 64
29 47 56 63 64 67 72 73 74 75 77 78 79 82 87 92:16848:113 20 3323 225 588 1634 2484 460 393 890 1796 310 1263 2587 564 198
94:84:84
46 56 64 65:936:55 249 114 518
83 94:1677:1516 161
31 46 55 57 64 65 72 74 76 80 95:32051:290 282 936 465 689 2531 363 248 1990 24084 173
32 63 64 67 72 73 76 82 92 94 95 97:9679:52 107 256 884 236 614 744 3765 1328 833 291 569
82 87:1306:1071 235
46 64 65 74 82 90 91 92 94:19754:99 343 171 62 1758 12399 1120 2658 1144
3 16 46 47 72 74 82 83 86 87 92 93 94 95 97:19901:18 13 233 81 172 230 8942 926 3749 251 1809 483 1676 710 608
47 48 82 83 86 88 92 94 95:10151:61 74 2675 184 816 703 3755 1656 227
3 46 47 48 64 65 72 73 74 82 83 86 87 92 93 94 95 96:31464:91 406 120 66 345 98 320 98 193 10301 942 5904 693 4313 1299 4960 835 480
27 36 38 46 47 48 55 57 64 65 66 72 73 74 82 83 86 87 88 92 93 94 95 96 97:80186:27 191 610 484 168 170 1158 876 714 490 1352 1699 274 40 27689 1671 19825 631 221 10456 543 7807 1319 668 1103
65 72 76 80 82 83 87 92 94:9616:354 127 2534 1276 1819 981 327 682 1516
56 63 64 65 68 72 74 80 94:6460:379 1718 129 1092 846 527 512 785 472
18 21 38 46 64 72 77 82 83 86 87 92 93 94 95 97:24133:200 285 321 60 73 356 42 6204 992 2537 917 6435 114 2966 1287 1344
46 47 48 64 65 82 86 92 94 95 99:17663:161 173 115 173 247 12685 1142 1427 760 369 411
18 48 65 72 73 74 75 82 83 86 87 92 94 95:32874:1218 160 140 243 87 95 464 7266 6573 2448 5564 5340 1806 1470
82 87 92 95:3989:2176 1356 166 291
16 17 46 76 82 86 87 94 95:24646:7 17 67 1841 12379 8524 740 223 848
17 51 63 65 67 72 76 82 83 86 92 94 95 97:18047:24 309 498 539 420 468 895 4944 1610 2814 2821 278 1755 672
72 74 76 80 82 94:13326:354 239 6967 1943 3633 190
82:1615:1615
76 82 92 95:32751:4759 27336 373 283
72 73 74 82 83 86 92 93 94 97:18205:269 192 46 5382 8442 1212 991 252 754 665
48 65 74 82 83 86 92 93 94 96:15457:30 2188 18 556 7387 3100 930 490 256 502
49 65 73 92 94 95:5844:379 1200 48 2037 1628 552
36 73 94:1329:201 188 940
42 46 65 73 74 82 83 86 92 93 94 95 98:13398:1011 197 70 245 523 699 835 3437 2348 371 2046 184 1432
38 46 64 72 92 94:5070:166 52 303 678 2026 1845
48 65 76 82 86 92 94 95 98:22546:50 133 764 12357 2635 3467 1337 1288 515
42 63 64 65 73 74 76 82 92 93 95:6002:338 460 662 1545 126 368 929 564 492 142 376
46 48 63 64 65 66 67 72 73 75 76 84 88 92 94:15225:24 103 1950 958 1331 3223 2817 923 588 371 858 466 228 787 598
63 64 65 72 78 80:7939:1865 699 2021 275 923 2156
94:38:38
41 55 61 63 64 65 67 72 74 77 78 82 83 92 94:15354:991 142 847 543 315 829 2750 1874 98 273 373 299 4267 1597 156
16 38 72 74 75 82 83 88 92 94 95:18737:82 160 458 290 407 13129 1643 863 1082 332 291
28 36 38 46 63 64 72 73 74 76 82 83 86 88 89 92 94 95:46468:10 451 621 40 1175 112 39 116 59 660 19624 782 17389 1190 816 2861 204 319
38 47 72 74 77 82 86 87 92 94 96:26559:239 267 1227 233 286 12382 7910 1598 1677 244 496
17 22 63 64 65 72 74 75 76 77 80 82 83 86 89 92 95 96:35391:47 41 906 375 190 1186 228 674 769 379 1597 1849 1672 22162 835 1057 298 1126
8 16 54 63 67 72 73 74 75 77 80 82 83 87:19276:101 17 696 914 316 1344 281 231 537 1037 4736 6584 1992 490
26 27 36 54 55 65 72 73 74 77 79 80 82 87:15879:286 448 205 2141 354 355 1646 235 125 955 889 1308 6299 633
38 74 82 83 86 87 90 92 94 95 97:38548:714 238 16698 2462 11575 1078 3994 488 236 465 600
72 74 75 76 77 80 82 83 87 88 92 95:30360:1739 662 407 1583 744 5484 11091 4984 614 506 1712 834
8 42 72 74 77 82 83 86 87 88 89 90 91 92 94 95 97 100:59010:464 393 80 145 642 14922 5825 10411 1092 2217 1160 17668 482 918 246 987 553 805
38 72 82 83 86 89 92 95:25068:200 509 10650 778 8983 2361 981 606
38 46 54 57 60 72 74 75 76 77 78 82 83 85 86 87 88 89 92 94 95:24885:405 36 899 257 29 1278 82 741 2027 2241 574 2331 1250 69 5934 2741 612 420 1612 165 1182
17 26 54 82 83 86 87 88 89 90 91 92 99:79499:17 618 4724 5265 1548 27285 476 203 2766 32793 2653 630 521
24 26 27 38 55 63 64 72 74 82 86 87 89 90 91 92 95 99 100:101314:294 25 328 253 950 1122 273 717 86 13114 18048 479 5184 53440 4402 376 1175 450 598
17 65 72 73 82 86 89 90 91 95 97 99 100:44952:61 69 344 566 1984 23046 2441 11283 878 891 1122 1515 752
17 26 29 38 43 54 56 72 73 74 76 77 79 82 86 87 89 90 92 95:49499:48 623 454 301 630 2051 453 326 63 199 752 656 417 4437 19031 1910 3019 12189 1478 462
17 34 72 74 80 82 83 85 86 87 88 89 92 95 97:35962:83 354 1652 49 837 16758 79 237 9960 1629 2130 356 695 547 596
17 24 38 46 55 74 76 77 80 82 86 87 89 90 91 92 95:45736:60 16 302 92 140 20 657 751 1643 15112 14175 3162 416 6851 905 1182 252
17 72 73 82 83 86 88 89 92 95 96:31455:7 536 112 6816 598 17624 387 1613 203 2922 637
72 82 86 87 92 95:16329:493 11828 2903 573 268 264
24 38 42 54 56 72 73 80 82 83 86 90 91 92 94 95:43562:16 1222 726 242 707 395 78 2820 5106 972 11085 14946 1986 2554 351 356
26 54 56 72 74 76 77 80 82 87:39982:1746 4893 1302 895 307 681 951 19332 6450 3425
24 86 89 91 101:18820:101 161 8144 8867 1547
17 80 82 86 87 89 90 91 92 95 99:23071:9 5181 2706 8007 2139 388 2778 454 499 391 519
17 36 42 72 76 82 83 86 87 88 90 91 92 94 99 100:52856:8 359 695 281 737 11193 5402 12598 1103 163 16132 943 506 593 1108 1035
3 21 24 38 53 58 82 83 86 88 89 90 91 92 95 99:51667:51 96 16 272 131 164 10858 2594 10234 246 2237 10839 9122 1325 2775 707
72 75 82:6105:1139 418 4548
16 26 54 56 72 73 74 82 83 86 87 89 92:26218:47 467 2899 178 326 160 308 5141 640 13889 1487 436 240
72 82 83 86 87 92 97:18471:278 5325 112 8949 2928 302 577
63 72 82 83 86 87 88 89 92 94 95 96:31576:129 1013 10090 1784 8725 1827 784 4776 1388 321 245 494
72 73 74 76 77 82 83 86:22024:278 142 191 7006 45 5790 459 8113
18 72 74 77 78 82 83 86 89 90 92 94 95:25094:165 92 154 389 358 10864 1506 7657 456 1474 1296 394 289
17 24 77 82 83 86 88 89 90 91 92 95 97:74002:77 58 474 18013 2604 24668 1026 3254 9678 12535 263 804 548
38 42 65 72 74 76 82 86 87 89 91 92 99:21025:397 1107 409 280 363 867 10587 2729 245 419 2525 271 826
55 64 72 82 83 86 87 88 89 92 94 95 100:59329:70 196 1178 30752 3811 18331 2034 532 369 607 430 366 653
72 74 77 82 83 86 87 89 92:53778:426 322 974 30814 1638 13918 975 3483 1228
73 78 80 82 86 87:26242:61 1450 1223 13721 7396 2391
82 86 87 89:29238:14739 10132 4015 352
82 86 89:6233:2144 3530 559
72 74 82 86 92:4331:90 94 1987 1970 190
73 82 86 87 89:37901:35 6222 30316 551 777
86:6541:6541
13 72 75 76 82 86 87 89 92 94:57017:17 83 540 6794 18372 24293 5446 901 305 266
16 82 86 87 89:31982:201 16705 10872 3837 367
16 82 86 87 89 92:13676:55 6548 2951 3530 402 190
82 86 87:8482:2358 5373 751
17 28 53 67 77 80 86 89:41502:11 11 424 2556 224 1029 29335 7912
65 86 87 89:14144:214 13290 248 392
82 86 87 89:43173:2052 33500 2341 5280
17 72 82 86 87 89:22642:60 986 2716 17416 524 940
17 33 34 47 53 61 72 75 76 77 82 86 89:34493:18 196 36 25 292 369 460 2327 717 659 6433 20410 2551
26 28 33 35 53 54 56 58 61 65 72 74 76 77 80:80138:898 1898 1419 1098 11337 3775 14742 5373 21398 25 2863 252 11123 1220 2717
77 82:2806:171 2635
92:215:215
87:2383:2383
82:884:884
38:269:269
94:270:270
72 94:319:79 240
47 93:266:40 226
47 48 94 95:822:24 37 350 411
48:117:117
48 88 93 94:2800:50 2565 113 72
93:220:220
93 94:134:60 74
93:72:72
93:40:40
74 93 94:586:170 116 300
92:483:483
94:159:159
48 72 92 93:536:62 208 192 74
93:315:315
48 64 93 94 97:1240:53 235 78 284 590
93:80:80
93:112:112
93:142:142
73 74 94 97:821:25 25 242 529
92 93 94:1452:994 230 228
48 93:188:47 141
93:165:165
93:77:77
48 93 94:540:110 342 88
92 94:734:394 340
94:70:70
31 64 74 76:2021:249 196 492 1084
73 94:253:48 205
93:115:115
93:100:100
48 93:449:210 239
48:45:45
93:80:80
48:61:61
94:86:86
48 93:261:27 234
48 67 76 80 94:10081:35 1832 652 7282 280
46 48 92 94 97:1566:60 119 247 528 612
93:69:69
93:191:191
46 48 94 97:966:77 100 163 626
46 48 74 86 93 97:6050:81 82 71 4985 167 664
48 92 93 94 96 97:2692:20 811 356 380 585 540
46 48 64 72 73 74 92 93 94 96:14416:601 85 1378 30 199 24 3571 1193 5480 1855
92:393:393
38 65 92 95:1465:170 460 626 209
50 54 55 63 64 65 67 72 74 75 76 94 95:19345:346 1613 552 3846 1089 5352 556 1905 222 2200 551 641 472
38 46 75:1032:336 228 468
46 63 64 65 72 73 74 78 92 93 94 97:15400:138 209 1643 1213 591 446 175 594 1636 1773 6315 667
63 64 65 72 74 94:1600:379 34 490 203 129 365
92 93 94 96:3361:866 117 1902 476
47 48 63 72 74 83 92 93 94:9062:49 123 272 21 35 5379 793 975 1415
48 80 83 92 93 94 95 96:6048:159 763 2350 234 486 1311 255 490
46 48 50 65 72 73 74 92 93 94 97 98:6695:78 450 320 255 480 167 465 1015 106 570 1661 1128
46 48 87 88 92 94 97:7025:24 101 3921 898 407 137 1537
48 83 92 97:5205:40 3164 170 1831
46:69:69
64:425:425
82 83 87:3880:3589 58 233
94:172:172
65:837:837
27 29 54 55 56 63 72 76 77 80 86 89 95:13264:39 545 555 863 681 1371 1880 1190 1580 2396 1393 500 271
3 16 17 18 22 26 27 28 29 34 35 40 53 54 56 57 58 59 61 63 64 65 66 67 72 73 74 76 77 79 80 81 82 86 87 92 97:217037:56 36 67 991 223 1999 379 4661 1189 1851 642 1978 9731 2391 6472 731 9757 79 925 2205 325 364 46118 1317 8542 1421 211 4129 8780 1979 48187 2692 22249 22548 589 397 826
16 27 38 53 58 61 63 64 72 76 77 78 80 82 86:44995:63 271 590 519 788 1912 607 1312 4833 3059 1533 1389 3623 4004 20492
46 65 76 92:3612:180 250 2768 414
57:6247:6247
48:106:106
92:362:362
82:662:662
36:68:68
92:233:233
94:162:162
92 94 95:1336:763 286 287
93:102:102
72:49:49
92:74:74
82:107:107
82:171:171
46 48 51 64 92 93:1219:56 30 552 274 153 154
46 65 73 74 75 78 92 93 94 96 97 98:13154:231 195 301 168 610 2229 2240 827 4517 574 593 669
48 73 74 93 94:1538:232 62 221 151 872
72 74 80 82 89 97:14331:277 34 5965 4037 3132 886
47 65 72 77 78 82 83 86 87 89:59978:7 750 473 548 383 30764 396 24125 993 1539
17 76 80 82 86 87 89 90 91:149190:20 796 6089 19192 87767 6070 3174 25037 1045
16 17 22 82 86 87 89 90:150841:56 86 27 30780 104704 1064 2414 11710
72 77 80 82 86 89 92:32753:228 483 1156 10118 19915 355 498
16 56 77 82 83 86 87 89 90 91:130753:7 159 232 49815 78 66481 2079 2031 8940 931
28 34 53 65 72 77 92:7125:1366 152 100 819 438 2029 2221
17 28 36 38 40 53 58 63 64 65 77 79 86 89 92 95 99 100:38194:93 94 428 759 776 2223 6455 631 186 323 304 993 15821 903 3687 2831 1082 605
92 95 97:1561:606 401 554
92 95 97 99:2541:632 827 610 472
82 95:3955:211 3744
95:2804:2804
95 100:913:308 605
82 86 87 89 92:29284:14881 12176 1419 366 442
16 82 86 87 89 90:31844:8 17385 5881 885 724 6961
31 76 86 89 90 91:39292:507 611 16651 873 19659 991
17 72 74 82 83 86 89 90 91:66525:15 166 40 23551 63 32265 396 9492 537
82 90 91:9216:6282 2418 516
17 72 82 86 87 89 90:77931:29 163 26597 44302 577 2599 3664
16 17 58 77 82 86 89:132206:96 8 11506 111 31573 81624 7288
82:2760:2760
67:465:465
48 73 74 82 92 94:6198:61 619 309 4228 763 218
56 65 72 82:18648:940 1044 48 16616
16 76 82 83 92 93:18312:7 1297 13169 3583 159 97
67 76:1484:610 874
16 72 80 82:5733:392 313 719 4309
82:180:180
16 47 48 65 72 76 82 93 94:9311:42 26 11 89 148 1342 7041 346 266
56 73 74 82 94:6415:123 53 158 5684 397
16 17 28 53 58 63 64 65 80 82 83 86 87 94:43529:36 43 919 2961 1083 1299 74 829 2093 22501 3118 7989 325 259
28 58 65 68 77 92 95 97 99:10171:699 2434 824 2109 352 369 331 761 2292
28 33 39 53 56 58 59 61 64 65 66 68 72 76 77 78 79 80 81 92:62720:2858 778 762 3751 2767 8583 769 16894 524 1081 4773 1725 1409 1350 983 635 2623 8648 1449 358
27 30 32 53 58 63 64 66 67 68 69 72 76 77 80 86:51983:17 694 256 95 2565 1273 904 2585 3835 1438 10380 3901 4160 3836 4469 11575
16 82:9357:70 9287
64 99:771:313 458
16 38 46 47 48 58 64 67 72 76 82 92 93 94 95 97 99 100:21914:26 158 33 123 85 550 359 2278 53 933 5965 4566 72 1480 1839 636 1382 1376
4 36 92 95:4090:66 543 531 2950
92 95:1711:1242 469
4 36 92 94 95 97 99:10658:11 293 3956 323 4165 573 1337
64:94:94
92 94 95:1635:680 198 757
47 48 77 94 95:2673:35 35 150 253 2200
4 26:552:39 513
28 33 35 53 56 58 59 61 67 70 72 77 78 80 81 82:163146:5087 3737 2556 16511 3898 3424 47631 9933 1918 5612 1200 4631 536 33844 20387 2241
42 55 77 80 81 92 94 95 99 100 101:26509:896 79 1951 1293 2553 6780 592 7637 692 3034 1002
92 95:1876:1033 843
92 95 99:898:183 623 92
27 55 74 92 95 97 99:5562:320 1561 36 1081 1028 1218 318
64 65 67 94 95 99 100:4121:452 1030 361 72 890 650 666
72 76 82:16591:2501 805 13285
2 24 65 67 72 74 80 82 83 86 90 92:94584:20 79 606 710 95 137 887 47369 4360 19332 20646 343
33 35 59 69 79 80 82 97:25890:919 24 2256 1958 451 13721 5876 685
28 53 58:3240:234 1189 1817
65 66 82 86:26692:171 4610 8087 13824
27 33 34 35 39 53 54 56 57 58 61 63 64 65 66 68 72 74 77 79 80 81 82 86:89966:1007 807 3892 1649 674 17678 537 6717 555 6382 13920 692 228 1064 2057 892 3291 1214 3872 322 14567 1660 124 6165
26 46 54 56 64 70 72 73 74 77 80:52816:1575 90 1722 10261 30 33611 1082 104 276 421 3644
26 28 53 54 56 58 61 76 77 79 80 92 100:17782:1186 443 760 617 607 3893 1389 794 511 965 5497 392 728
28 35 53 58 59 61 95:6731:48 1626 24 975 1618 1986 454
26 53 56 58 61 63 65 72 75 76 77 80 81:87826:401 3456 2135 3753 24611 600 780 1434 2110 3433 18461 23611 3041
16 36 67 82 89 92:5729:114 72 572 3819 801 351
4 16 26 32 39 53 54 58 67 72 82 86:17857:20 158 28 238 692 1585 5354 601 608 402 6498 1673
29 77 79 80 82:10666:2130 1651 794 1073 5018
10 12 29 33 34 56 58 61 63 65 72 76 77 80 82 92:50907:10783 2466 1385 193 188 2222 3256 20864 138 840 167 644 799 2976 2301 1685
86 89 92 94 95 99:7994:679 1253 3096 911 621 1434
28 34 53 58 61 64 77 80:14498:1186 1086 5105 3080 275 424 136 3206
33 35 59 61:14104:962 534 296 12312
10 12 33 35 36 46 48 50 63 64 65 66 67 68 69 70 72 73 74 75 76 77 78 80 83 88 93 94 96 97:170578:13456 2436 1269 2065 460 171 184 290 2990 1785 8225 3590 6350 5102 24130 8682 859 87 1035 27585 33868 279 1028 21409 104 321 324 879 494 1121
66 72 75 76:34304:2156 365 9653 22130
37 46 64 67 92 93 94 95:2602:355 42 264 200 80 827 595 239
68:1832:1832
65 67 74 75:4456:1248 982 348 1878
37 46 47 48 63 64 65 67 68 70 72 73 74 83 92 93 94 96:29765:97 213 83 38 900 164 599 163 1629 5210 249 146 152 14676 2000 190 2498 758
94:148:148
82 83 92 94 97:35930:20322 14330 478 237 563
82 83:18107:13907 4200
65 72 74 92 94 97:3794:595 561 22 236 1311 1069
75 76 94:4608:956 3402 250
66 74 92 94:4590:3104 162 524 800
74 75 92 94 95 96 97:2808:61 763 180 538 195 502 569
47 48 58 72 73 74 75 88 92 93 94 97:8757:121 212 1497 97 136 695 664 865 1949 150 1409 962
36 47 65 75 92 94 96 97:10672:216 164 1021 3030 3061 262 535 2383
82 83:14571:6561 8010
48 64 65 72 78 83 92 93 94 97:9391:27 363 1363 876 340 4358 376 475 230 983
82 92 93 94:2595:419 1262 260 654
38 64 65 66 72 76 78 83 92 94:20178:312 700 541 6846 100 5711 1640 2489 1322 517
40 62 63 72 73 92 94 95 96 97:6525:673 1818 354 355 52 1509 273 240 718 533
36 72 83 92 94 95 97 100:10188:351 62 5626 2283 77 483 596 710
48 64 72 74 75 76 83 92 94 97:14448:21 91 706 76 436 1167 8721 220 1102 1908
36 38 46 73 87 92 94 95 97:11439:356 177 97 181 645 5492 2837 1117 537
56 63 65 72 73 74 75 83 92 93 94 96:9682:821 679 91 842 204 85 696 3012 893 637 960 762
3 72 76 92 93 94:2339:32 234 1092 454 191 336
92 93 94 97:4745:1887 123 1303 1432
47 64 65 67 87 92 93 94 95 97:6846:162 170 308 211 712 3737 262 250 329 705
37 47 48 49 72 73 78 83 92 94 95 97:10687:210 201 50 384 42 60 463 566 4047 3028 1041 595
46 63 92 94 95:8153:92 270 3829 1813 2149
46 65 82 92 94:3643:40 19 2207 590 787
93 94:235:150 85
48 94:548:80 468
46 56 87 92 94 97:4906:59 184 491 1077 1437 1658
92 94 95:1514:844 247 423
38 46 47 48 65 72 73 75 82 83 92 93 94 95 97:13657:405 32 53 26 152 232 78 799 741 167 5283 165 1397 1162 2965
64 73 88 92 94 95:2855:220 246 481 1332 151 425
36 47 48 64 65 73 74 78 82 92 93 94 95 96 97:13949:324 25 31 135 320 247 93 298 539 5956 118 1837 2146 606 1274
46 92 94 95:2594:40 1794 211 549
72 73 83 88 92 94 95:4191:277 276 1410 218 1161 649 200
4 36 63 74 85 88 92 93 94 95:12407:24 119 246 348 160 264 5696 193 4696 661
36 48 63 64 65 72 73 74 76 87 92 93 94 95 97:11502:125 112 911 86 652 44 118 476 588 366 2138 1319 3093 263 1211
46 64 73 74 75 83 88 92 94 95 96:11944:113 547 214 19 638 296 339 5950 3117 210 501
46 63 65 74 75 92 93 94 96:11300:234 1111 984 206 440 5927 396 1460 542
38 46 47 64 65 73 76 78 92 93 94 95:10414:446 130 41 430 1640 241 1615 300 2948 175 2247 201
3 64 73 92 94:5305:76 57 116 3104 1952
46 48 63 83 92 94 95:3923:206 224 20 338 2476 160 499
92:207:207
73 92 93 94:1015:52 285 270 408
72 94:357:177 180
27 36 46 47 48 51 64 65 72 73 74 92 93 94 95 96 97:26077:32 277 71 89 173 563 134 131 1383 136 266 8297 2474 6260 1279 502 4010
47 73 74 92 94 95 96 97:9053:124 116 85 3035 3823 298 1001 571
74 92 94:3675:189 1648 1838
46 48 73 74 92 93 94 95 97:5057:91 270 40 120 1422 486 1086 443 1099
65 74 92 94 96 97:7124:335 129 2237 2804 467 1152
92 94:3270:2033 1237
46 72 92 94 96:1660:109 518 224 132 677
46 83 92 94:1883:243 419 1120 101
46 48 63 67 72 73 74 76 92 93 94 97 98:10373:138 110 372 155 64 207 66 582 2906 686 4067 540 480
72 92 93 94 95:3524:140 1361 695 1078 250
46 74 92 94 96:3343:238 107 544 1552 902
47 72 74 92 93 94 98:3300:202 100 184 836 210 1299 469
92 93:2107:1758 349
48 98:754:165 589
46 47 48 63 65 66 68 72 73 74 92 93 94:13654:289 384 35 286 1454 1622 1625 1031 186 561 1434 433 4314
46 48:57:18 39
66 93 94:2048:1703 60 285
64 65 98:2658:486 1581 591
46 93 94:387:60 176 151
48 94:223:113 110
64 92:248:53 195
46 47 48 76 93 94:2190:55 136 92 1430 170 307
46 94:106:42 64
48 93:431:97 334
36 38 64 65 72 73 88 92 94:5858:250 416 679 1273 1161 29 580 1102 368
48:236:236
72 73 88 92:821:287 33 432 69
47:36:36
37 63 83 92 94 97:8986:375 485 5766 947 689 724
46 48 51 64 72 73 74 92 93 94:3087:130 67 376 501 400 77 237 469 62 768
72:230:230
46 47 76 92 94:3258:110 118 1908 473 649
46 65 72 73 74 92 93 94 96 97 98:6757:273 96 496 11 254 847 147 2276 1001 823 533
65 72 73 94 97:1919:73 518 281 374 673
65 72 73 92 94:2607:48 9 11 1812 727
46 48 63 64 67 72 73 74 75 76 78 82 83 92 93 94 96 97 98:22034:640 165 373 52 296 962 538 75 1511 765 2335 281 100 4952 889 6330 611 628 531
64 72 73 74 76 83 94:5302:283 71 155 162 1344 3040 247
46 64 65 92 97:3332:156 282 929 1128 837
64 72 92 93 94 96:2898:151 57 1690 134 109 757
47 63 64 72 73 74 80 83 92 93 94 95 96:16589:189 891 616 159 211 52 1987 4841 3162 167 3178 560 576
31 57 64 65 66 72 73 74 83 92 93 94 95 96:12641:126 427 273 1133 1897 138 220 260 4862 1744 290 567 173 531
74 82 83 92 94 95:12301:21 708 7505 2563 1281 223
72 82 83 92 94 95:13910:412 677 8497 3634 277 413
73 76 92:12887:35 12389 463
75 92 94 95 96 97:4650:702 1973 183 337 803 652
46 47 64 65 72 73 74 76 77 88 92 93 94 96:17628:325 74 196 880 1539 404 1362 1375 179 157 3542 806 6276 513
65 75 94 97:2869:1007 1059 257 546
46 48 63 65 68 72 73 74 92 93 94 96 98:12255:52 95 1574 130 811 181 244 589 2338 446 3840 1010 945
64 92 93 94:877:163 175 101 438
92 93 94:1554:191 166 1197
46 64 74 92 94 96:4477:58 110 44 1448 2184 633
32 37 64 73 74 92 93 94 96 97:5799:52 28 274 132 136 1558 326 1985 575 733
46 64 65 92 94:5034:373 529 354 2342 1436
36 73 74 92 93 94 96:6262:96 86 50 1336 576 2963 1155
65 92 93 94 96:5687:165 3333 228 1453 508
46 47 74 87 92 93 94 96:5788:515 128 72 728 1453 248 1737 907
94:206:206
94:623:623
93 94:1255:49 1206
2 36 46 65 72 74 92 93 94 95 96 97:11404:25 55 74 203 248 526 4868 109 3073 278 1333 612
92 94:468:270 198
73 74 92 94 97:5665:136 419 1836 1794 1480
46 48 72 74 92 94 96:3298:132 55 480 60 675 925 971
72 73 74 92 94:1746:387 12 536 262 549
93:290:290
2 48 93:167:40 42 85
48:80:80
48 74 93 94:1073:85 270 393 325
48:35:35
93 94:245:153 92
48:191:191
47 48 93 94:661:30 35 395 201
93 94:665:130 535
94:567:567
48 93:326:150 176
48:100:100
93:155:155
48 74 92 94:712:86 79 214 333
46 93 94:224:30 134 60
93 94:310:158 152
48:50:50
48 74 94:651:60 353 238
93:40:40
48:84:84
78:612:612
48:91:91
48 93:164:35 129
93:66:66
93:70:70
94:340:340
48 74 92 93 94:886:40 28 466 62 290
36 48 72 92 93 94:2564:33 121 33 680 507 1190
92 93 94:1268:332 97 839
46 47 72 73 74 92 93 94 97:8498:106 390 26 21 94 2309 389 4481 682
46 47 64 65 72 76 92 94 96:5773:114 367 316 288 14 762 1094 2230 588
48 94:209:91 118
48 74 84 94:2040:291 505 639 605
93 94:170:100 70
3 46 47 48 57 63 64 65 72 73 74 75 76 78 92 93 94 95 96 97:32457:65 278 407 11 871 39 200 364 1638 458 737 431 8575 294 5764 1103 9122 409 545 1146
46 47 48 64 72 74 76 83 92 94 97:8383:67 87 36 99 32 24 704 424 3007 3152 751
46 65 92 93 94:3737:188 290 1368 718 1173
2 46 47 73 74 92 93 94 96:6032:48 33 81 37 63 2266 613 1715 1176
63 64 73 92 93 94 96:2086:238 116 82 256 403 459 532
46 47 48 63 64 65 68 73 80 93 94 95 96 97:14991:55 51 18 1941 722 2602 719 139 2518 692 2563 448 1142 1381
64 72 73 74 92 93 94 95 96 97:8237:166 125 816 158 1767 415 2908 300 733 849
64 74 92 93 94 96:3624:233 11 1658 126 1125 471
46 64 65 72 73 74 92 93 94 97:10846:329 507 177 191 35 275 2188 1881 4001 1262
37 46 47 48 64 73 74 76 80 92 93 94:8373:120 155 190 119 349 368 99 742 779 1963 640 2849
48 73 92 94 95:2761:113 66 1737 627 218
46 47 92 93 94:4228:121 305 1220 249 2333
31 92 94:1371:85 977 309
46 48 74 88 92 93 94 95:3662:262 60 396 190 967 538 976 273
46 47 64 72 73 74 75 78 92 93 94 96:8059:35 80 439 20 79 277 403 413 2030 288 2107 1888
74 92 94 97:5263:180 2067 1821 1195
93 94:754:289 465
65 72 74 94:1977:761 309 44 863
46 47 48 63 64 65 72 73 74 82 92 93 94 96 97:18777:840 75 216 477 133 259 51 191 369 311 3878 1389 6454 2928 1206
46 64 72 73 74 92 93 94 96:10867:197 83 1181 307 383 3388 1254 2337 1737
46 73 74 80 92 93 94 96 98:13124:45 671 65 1479 4391 1749 3456 514 754
48 93 94:514:70 284 160
36 63 72 92 94 95 96 97:6582:104 158 482 2355 1856 502 581 544
46 47 92 93 94:664:84 100 211 118 151
92 93 94:933:483 349 101
46 47 72 73 74 82 92 93 94 95 96 97:8809:92 18 151 49 171 618 1239 1196 2981 227 1455 612
46 93 94:1215:210 170 835
94:183:183
46 47 74 92 94 95 96:4666:479 201 82 300 2607 422 575
46 47 48 63 73 92 93 94:7191:185 103 198 24 24 1302 1456 3899
94:390:390
94:67:67
94 98:623:167 456
46 94:204:60 144
47 48 64 73 92 93 94 96:5880:30 119 240 45 438 391 3836 781
72 92:410:128 282
46 48 72 73 74 92 93 94 96:7836:679 198 9 183 125 1295 468 4179 700
48 51 73 93 94 98:2170:163 250 154 405 736 462
36 65 92 93 94:2981:250 655 1173 350 553
16 46 67 73 82 92 93 94 96 97:7109:13 84 485 26 774 1554 292 2265 1025 591
46 48 73 74 92 93 94:3460:69 67 87 57 633 373 2174
73 92 93 94:2188:95 210 1001 882
46 48 65 72 93 94 96:4973:195 275 784 372 415 1183 1749
36 46 48 63 64 65 72 73 74 92 93 94 95 96 97 98 99:19807:466 115 58 322 318 233 983 354 391 6735 691 5190 543 513 2043 587 265
76 92 94 95 96 99 100:7735:733 3809 742 738 576 306 831
36 46 48 56 57 63 64 65 67 72 73 74 76 78 84 92 93 94 95 96 97 100:26488:464 340 85 402 318 658 406 1157 1383 2030 462 2326 2121 882 595 3544 969 5638 279 1029 575 825
46 64 72 73 74 83 92 93 94 95:14326:137 131 169 159 735 228 5877 252 6296 342
2 31 46 72 74 92 94 96:2787:45 214 27 47 93 716 1146 499
46 65 73 74 75 88 92 93 94 96 97 98:16294:267 214 100 128 426 4691 4130 596 2830 760 1155 997
36 46 64 92 93 94 95:12270:190 229 240 2179 3724 5119 589
46 72 74 92 93 94 95:3180:87 67 138 1378 213 989 308
36 46 72 92 94:2545:89 90 42 1036 1288
65 92 94:1343:61 915 367
65 74 92 94 95 96:4750:580 31 2137 1025 506 471
46 47 48 64 72 74 92 93 94 95 96:12290:90 55 93 302 106 113 4092 621 5986 273 559
6 48 64 67 92 93 94 95 96 97:5911:271 218 36 788 917 658 1615 317 521 570
65 92 94 96:2575:302 1135 95 1043
46 47 73 92 94:633:192 129 6 218 88
37 46 51 65 69 73 74 92 93 94 96 97:17689:123 135 456 901 2317 387 341 4137 384 4629 998 2881
64:180:180
92 94 96 97:3338:1286 354 1078 620
31 46 47 72 73 74 85 92 93 94 97:11488:197 61 90 36 43 353 80 4800 109 4933 786
92 94:1457:1119 338
46 47 67 73 76 83 92 93 94:11074:214 20 430 59 5301 4078 432 164 376
92:474:474
83:1436:1436
46 74 76 83 92 94:7599:165 68 670 3556 1469 1671
83 92 93 94:7232:2325 3177 34 1696
83:4078:4078
46 47 73 82 83 92 93 94:11264:58 117 18 4118 919 2767 1150 2117
46 73 83 92 93 94:4772:169 77 67 2065 354 2040
76 83 92 94:5975:3466 366 124 2019
48 94:231:49 182
83:289:289
46 57 75 76 92 94:9581:221 2580 2261 1641 1602 1276
46 92:147:25 122
46 48 72 92 94:999:112 126 182 380 199
46 48 56 66 72 73 74 75 76 78 88 92 94:11222:28 119 416 2306 375 134 682 4187 1303 380 934 253 105
64 68 80:2168:418 875 875
63 69 72:3351:360 2559 432
55 83:216:173 43
38 48 50 64 72 73 74 92 93 94:4433:173 72 342 230 58 40 167 1109 417 1825
65 73 74 96:1693:948 119 90 536
46 47 73 74 92 93 94 95:5810:91 272 40 159 2243 770 1997 238
36 48 55 63 64 65 78 92 94:6549:363 69 82 484 332 974 679 1751 1815
56 65 75 76 93 94:29290:464 1366 26071 599 122 668
63 64 65 72 74 83 92 94:7868:1245 513 337 99 81 5033 360 200
3 64 72 74 92 94 96:4233:60 324 102 264 1974 1001 508
2 68 69 72 73 74 82 83 92 93 94:22491:88 1020 8914 123 128 107 10095 65 895 239 817
46 64 65 66 82 92 93 94:29046:108 12 302 10906 15773 585 391 969
46 47 48 50 72 74 82 92 93 94 95 96:14907:198 265 147 494 330 140 472 5369 278 6116 326 772
36 46 72 73 74 75 77 82 83 87 92 93 94 95 97:25375:228 136 499 187 365 1286 91 9396 1683 1050 4988 300 3849 746 571
80:3457:3457
72 82:1872:48 1824
38 72 92 95:1891:573 484 566 268
63 66 67:6318:1275 3379 1664
63 66:4685:1503 3182
32 57 66 67 69 70 76 80:29567:140 3695 8914 561 4758 3624 1727 6148
2 46 48 64 72 73 74 76 83 92 93 94 95 96:15876:25 109 53 52 159 46 75 1234 4941 1976 389 5845 413 559
65 72 73 82 87 92 94 95 97:40910:677 190 134 36581 356 1525 240 626 581
38 46 66 72 74 82 92 93 94 95 96 97:14522:325 260 1485 240 26 1978 4738 413 2666 768 1063 560
72 73 82 92 94 95 97:11869:430 140 3699 3743 616 2066 1175
65 83 92 93 94 95:3246:210 416 1557 466 314 283
16 40 64 65 72 82 83 86 92 94 96:21590:21 1090 567 369 361 4261 9182 1505 3259 273 702
64 72 73 82 83 92 93 94 95 97:7283:292 61 77 1318 383 2180 75 991 1336 570
43 63 82 87 92:11915:612 263 9578 677 785
37 47 48 63 64 65 67 72 73 74 92 93 94 95 97 98:33172:148 58 50 450 1048 1464 266 1019 493 785 14156 426 9762 1204 1358 485
73 92 94 95:5285:37 2653 2353 242
46 73 92 93 94 98:6649:220 72 2268 453 3062 574
46 48 72 73 74 92 93 94 95:8407:94 170 46 53 37 5188 488 2078 253
92 93 94:5365:2990 143 2232
36 38 46 48 51 65 69 72 73 74 78 92 93 94 95 96 97:18501:89 402 111 181 248 1469 1800 387 433 151 358 5630 1054 4524 500 552 612
63 64 72 73 74 92 93 94 97:10034:841 84 12 75 327 3252 1114 3134 1195
4 72 73 92 93 94 95:7065:237 30 75 3441 311 2429 542
36 48 72 74 82 92 94 95 97:13265:420 71 28 73 509 6013 5231 355 565
16 38 46 48 54 65 67 72 73 74 78 82 83 87 92 93 94 95:31024:7 200 322 168 172 260 204 1144 565 264 301 10600 860 743 8825 1005 5126 258
47 48 63 64 65 73 76 92 93 94 95:8843:136 231 2040 379 1796 456 1746 879 94 936 150
64 72 74 76 77 82 83 88 92 94 95 96 97:20831:144 1352 70 968 37 1674 11377 179 3144 206 558 589 533
16 36 63 64 65 67 72 73 74 76 82 83 87 92 94 95:32773:127 332 349 668 901 352 514 321 526 799 5705 11969 2651 6726 358 475
72 73 74 76 77 82 83 86 87 92 94 95:18791:1288 35 131 544 331 3207 8721 964 804 2054 71 641
72 92 95:3556:46 3252 258
4 47 82 92 94 95:3977:157 102 713 2417 221 367
72 73 82 86 92 94 95 97:9373:90 3 736 730 5705 558 1006 545
3 46 65 72 73 74 77 82 92 93 94 95 100:5236:40 146 255 236 50 246 146 1018 1840 83 203 358 615
69 72 76 82 83 92 94 95 97:24990:2976 302 851 7409 3097 7529 409 1332 1085
63 72 74 82 92 94 95 97:15865:296 261 50 8559 4397 771 812 719
36 82 92:1681:277 732 672
4 27 31 38 64 65 67 72 73 75 76 77 80 82 83 92 94 95:76346:19 29 53 523 240 496 99 352 146 676 1848 253 1426 67038 49 1661 515 923
36 63 64 65 72 73 76 77 92 94 95:7718:68 379 602 1075 508 226 1139 448 2692 67 514
65 92 95 97:1508:109 646 211 542
65:64:64
36 46 64 65 72 73 74 77 78 92 94:5467:499 67 552 1669 97 57 46 513 318 845 804
92:1957:1957
64 82 83 92 94 95:9685:340 806 1557 4048 2558 376
46 73 82 83 92 93 94 95 96:9277:145 87 559 716 4624 223 1324 1036 563
82 92 94:5745:1408 2983 1354
92 93 94 98:4274:2112 168 1532 462
72 92 94:848:39 712 97
92 94 95:3371:2724 447 200
3 38 74 92 94 95 97:9189:35 105 250 4242 3098 912 547
38 72 73 82 92 93 94 95:11336:550 756 30 470 4644 236 4227 423
48 92 94:2061:101 1420 540
46 47 48 74 92 93 94:7040:66 117 75 31 2889 796 3066
38 46 48 65 66 74 75 78 92 94 95:19486:229 268 36 1304 3488 191 414 502 8998 3487 569
92 94 95 97:2831:997 118 964 752
4 38 46 47 48 63 64 66 72 73 74 82 83 92 93 94 95 96:26360:140 305 110 127 392 605 478 6109 41 306 381 507 355 8728 536 5351 1107 782
46 47 48 64 65 72 73 74 76 92 93 94 95 96 97:25684:213 58 189 38 176 493 92 440 738 10636 2148 8474 250 591 1148
36 46 64 72 73 76 83 92 94 95 96 97:13673:300 227 154 411 78 2390 382 5697 2073 654 715 592
65 92 94:2636:367 1898 371
36 38 46 47 55 64 65 73 76 92 93 94:7822:376 162 245 52 80 497 826 56 989 2503 96 1940
65 72 74 76 92 94 95:4548:386 324 70 600 1227 1308 633
2 74 93 94 96:1675:82 252 157 466 718
46 47 48 65 72 73 74 75 77 88 92 93 94 95 96:12734:43 76 180 72 1546 254 468 492 372 736 2321 2137 3327 180 530
46 48 51 65 73 74 92 93 94 96 97:7582:340 49 379 140 148 432 1224 1146 2624 517 583
47 48 72 73 74 92 93 94 95 96 97:8862:70 375 341 58 82 2087 790 3328 347 651 733
46 48 64 72 92 93 94 96 97:9282:49 212 276 68 2535 621 2458 1645 1418
37 46 47 48 51 65 72 73 83 92 93 94 97 98:16981:359 818 15 570 506 326 76 406 1254 4021 1663 5748 600 619
46 47 48 50 63 64 65 72 73 74 88 92 93 94 97:19094:662 222 255 566 300 96 424 655 164 81 614 4251 2220 6730 1854
46 47 48 51 72 74 92 93 94 95:15764:284 42 106 543 104 15 5844 2710 5896 220
46 47 48 67 73 74 92 93 94 96 97:12249:225 184 350 104 27 143 3279 1636 4321 680 1300
48 73 78 92 93 94:1418:187 88 403 178 266 296
46 92 93 94:1806:36 347 394 1029
46 65 74 92 93 94 97:4402:65 196 100 1283 118 2018 622
65 67 72 82 92 93 94 97:6110:108 349 449 1578 1423 385 1233 585
48 50 64 65 72 92 94:6737:158 336 191 1224 201 4355 272
38 63 82 92 95 97:3365:490 418 982 481 342 652
56 63 64 65 72 73 74 77 87 88 92 93:4063:100 484 613 698 510 74 218 666 293 237 59 111
50 63 64 65 72 92 94:4875:427 431 719 255 479 2057 507
46 82 92 94 95 99:9315:170 2891 4210 692 969 383
38 74 83 92 95 97:11626:248 433 6428 3216 767 534
42 65 82 92 94 95:12561:422 810 2597 7447 128 1157
40 63 72 75 82 92 94 95:10761:615 166 71 772 6986 587 202 1362
82:8098:8098
63 76:2579:807 1772
36 38 42 67 72 82 83 87 92 94 95 97:14000:156 32 264 138 126 6109 443 1021 3281 810 1064 556
4 38 42 46 67 74 82 92 94 95 97:29770:95 145 340 210 554 187 22933 3292 568 740 706
16 18 65 80 82 83 86 92 93 94:25927:286 57 639 702 10304 692 12464 317 46 420
92:191:191
66 67 82 86:10571:1333 2562 6622 54
36 92 94 95:2081:402 949 565 165
63 64 65 94 98:2809:934 537 634 183 521
67:1828:1828
92 93 94:2746:2432 83 231
92 94:545:365 180
2 46 65 67 73 74 92 93 94:6305:30 66 367 181 61 275 3073 680 1572
46 47 48 64 65 72 74 88 92 93 94 96:9912:58 260 87 246 364 322 58 293 3309 375 3890 650
46 47 48 64 65 72 73 74 76 92 93 94 95 97:15716:78 171 140 620 2466 15 225 134 2347 3156 405 4629 245 1085
93:110:110
36 46 47 63 64 65 66 67 72 73 74 76 92 93 94 98:19976:347 446 124 439 913 2030 2418 1762 234 319 151 1488 3145 769 4899 492
63 65 66 73 74:6074:1725 732 3218 110 289
38 46 47 64 65 66 72 73 74 75 92 93 94 96 97:17830:164 217 131 944 3492 2175 860 597 132 444 4426 775 2303 589 581
46 51 65 72 73 74 75 83 88 92 93 94 96:11590:387 248 737 1221 192 1051 377 1308 296 1337 69 2104 2263
36 47 64 65 72 73 74 88 92 93 94:6411:299 39 382 356 97 180 381 1354 1837 141 1345
63:508:508
63 68 69 82 94:27147:508 2590 3676 20322 51
92 94:869:600 269
92:481:481
65 69 87 92:7108:739 3631 2229 509
46 47 48 56 63 64 65 66 72 73 75 78 92 93 94 96 97:24246:608 53 378 267 2087 1330 3522 1417 607 594 1179 300 1970 2392 3979 1719 1844
46 63 67 92 94:3130:94 559 1438 823 216
63:668:668
2 46 63 64 65 66 67 68 70 74 92 94:16743:64 41 1279 1147 5164 1494 2814 1041 3081 110 325 183
40 64 65:2522:691 585 1246
63 65 71 97:9163:3485 4455 681 542
36 38 63 64 65:7573:264 317 1762 572 4658
4 36 64 65 66 93:12373:209 211 1953 5374 4589 37
38 65 92:1543:421 621 501
64 67 78 92 94:1817:361 242 465 557 192
65 66 68 69 72 76 94:21059:734 3407 11473 3220 120 1962 143
64 92:1143:241 902
72 92 94:726:270 260 196
65:1407:1407
63 64 65 69 70 72 93:16163:800 180 692 2295 11640 343 213
81:62665:62665
3 4 36 38 46 47 48 60 63 64 65 67 68 72 73 74 75 76 78 79 82 83 92 93 94 96 97:41237:175 138 748 501 484 286 84 172 867 93 1761 503 2304 1833 655 1269 372 2201 706 822 5411 751 5438 1138 9849 1495 1181
46 72 92 93 94:1059:74 113 213 143 516
92 94:2984:1308 1676
36 47 64 72 73 75 92 94 96:3776:150 288 112 58 27 1446 854 287 554
50 82 83 86 92 94 97:14694:287 3192 1953 3825 1405 3121 911
46 47 64 72 73 74 75 76 82 83 88 92 93 94 95:14413:298 123 232 37 130 173 783 562 3916 5490 171 1564 299 383 252
46:47:47
46 47 48 65 73 82 83 87 92 93 94 97 98:28796:206 86 37 182 25 16274 1801 826 3310 469 4332 581 667
16 46 47 72 82 83 92 94:7148:36 302 86 121 4265 536 963 839
47 48 69 92 93 94 97:4461:33 35 1747 1663 95 342 546
92:493:493
36 64 72 82 87 92 94:6038:318 253 195 2112 503 1988 669
48 63 64 65 72 82 83 92 94:13459:33 566 600 1667 150 6580 2993 447 423
64 65 74 76 77 86:8204:378 273 25 1430 235 5863
46 47 48 50 51 63 64 65 72 73 74 75 82 92 93 94 96:40843:66 64 115 320 480 477 639 566 203 170 418 476 22869 7045 539 5311 1085
48 63 64 65 67 72 74 82 92 94:7527:46 1200 442 2166 555 20 214 2582 177 125
94:928:928
19 65 75 82 88 92 94 95 96:9546:154 892 402 2275 403 3366 1049 423 582
65 73 82 88 92 94:4423:258 51 1035 1109 1340 630
64 82 85 86 92 94 95 97:11916:444 4217 80 1853 2034 2432 249 607
2 16 36 38 46 47 48 49 63 64 65 72 74 77 82 83 86 87 92 93 94 95 96 97:41747:3 16 214 247 518 130 374 358 201 136 245 160 353 46 11699 3780 5068 734 8645 470 5450 905 470 1525
47 64 72 82 83 87 92 93 94 96:26577:91 27 155 18046 2101 236 2803 94 1833 1191
46 73 82 83 92 93 94 95:17724:445 24 10297 667 3005 201 2269 816
46 83 92 93 94 95 97 98:6065:120 1087 1128 116 2271 185 586 572
82 87:9680:5957 3723
36 46 64 67 72 73 74 75 80 82 92 94:13208:257 95 254 355 422 233 465 387 750 6076 2418 1496
47 64 78 82 83 92 93 94 97:4907:42 134 381 1112 257 593 392 680 1316
46 63 64 65 72 73 74 75 76 77 78 79 82 83 86 87 89 92 93 94 95 96 99:30743:472 502 473 513 183 391 633 369 891 213 441 379 10667 1826 528 658 405 4399 800 4338 754 472 436
82 92 94 95 96:11656:8526 1203 902 415 610
37 77 83 92 94 95:4203:90 209 810 2317 491 286
46 48 63 65 73 82 83 92 93 94 95 97:15027:231 391 651 51 194 3077 2536 3672 78 2942 506 698
82 92 94:2098:789 980 329
47 92 94:2674:143 1590 941
36 46 72 73 75 82 92 93 94 95:8632:224 223 142 30 461 1298 2635 599 2326 694
38 48 63 65 73 83 85 92 93 94:6529:120 50 350 1110 33 328 53 1082 108 3295
20 46 74 82 92 94 95 97:7257:48 54 113 2750 2735 721 282 554
64 72 74 82 83 87 92 94 95:19047:80 131 25 9593 2213 1092 3401 2218 294
36 38 82 86 92 94 95:12863:382 180 670 2771 6326 1827 707
47 48 92 94 95:3971:316 38 2391 1034 192
36 92 93 94 95:4749:205 3269 77 422 776
3 36 48 60 72 73 74 82 88 92 94:10182:20 33 74 21 25 245 69 2171 354 4005 3165
36 46 47 48 51 63 65 72 73 74 78 82 83 92 93 94 95:24234:577 137 458 87 343 1601 1002 384 307 130 774 4532 332 7936 833 4551 250
46 47 48 65 72 73 74 76 80 82 92 93 94 95:23449:102 189 382 151 181 89 171 1365 1722 3966 8562 566 5738 265
38 46 47 49 50 73 74 77 82 88 92 94 96:17993:262 384 316 350 279 80 90 208 1597 605 8098 4532 1192
36 38 39 46 47 50 63 65 72 73 74 78 80 92 93 94 95 96 97:21411:80 224 592 411 56 500 367 1139 1978 332 1265 298 760 3778 468 7334 682 557 590
37 46 48 66 92 93 94 95 97:9127:139 257 180 1314 2060 208 3550 216 1203
47 48 72 73 74 92 93 94 96:6974:167 48 70 100 9 3662 167 2255 496
3 46 47 48 64 65 67 73 74 80 92 93 94:7754:58 452 132 515 340 945 415 139 75 1962 308 728 1685
63 64 72 73 74 93 94 97:2961:310 344 91 65 80 190 1167 714
65 72 74 75 92 94 96 97:4499:135 433 101 1340 1033 325 542 590
73 75 77 78 82 88 92 94 95:4367:241 514 240 342 2042 241 309 205 233
48 64 72 92 93 94 95:4568:94 329 150 1415 609 1350 621
46 50 72 82 92 93 94 95 96:13888:349 725 247 1291 4844 1003 3891 329 1209
46 47 65 73 82 92 94 95:6672:32 208 119 25 2135 1431 2568 154
16 72 73 82 83 92 93 94:10906:4 157 157 6450 668 2550 160 760
2 46 48 65 92 94:2375:33 139 45 164 1013 981
46 48 64 65 82 92 93 94:3462:164 81 336 351 779 737 477 537
46 48 92 93 94:4013:118 139 639 569 2548
39 46 50 64 73 74 92 93 94 97:8839:588 133 353 232 139 27 2086 787 3154 1340
46 48 63 73 74 92 93 94 96 97 98:11181:236 20 110 62 253 3198 345 4644 471 1188 654
92:213:213
46 48 55 92 93 94:5335:34 77 16 1548 957 2703
37 40 46 47 48 64 65 72 73 74 75 92 93 94:9739:87 610 34 279 260 1004 380 161 251 432 382 3659 75 2125
82 92 94:6640:5311 419 910
48 65 67 72 73 74 92 93 94 97:8144:198 560 405 774 255 273 2347 402 1768 1162
74 92 93 94 95 96:3976:219 1410 215 1224 271 637
92 94 97:2403:889 894 620
46 48 64 92 93 94 97:6157:54 110 229 2255 164 2003 1342
46 73 92 93 94 97:3536:141 317 1282 230 964 602
38:255:255
94:166:166
46 48 73 92 93 94 98:1425:65 198 165 278 73 170 476
82:1035:1035
46 64 72 75 76 92 93 94:7041:97 99 162 1152 4483 742 114 192
72 92 94:1988:245 639 1104
82 92 93 94 97:5020:1148 1413 108 1119 1232
48 92 94:2645:106 1001 1538
46 47 48 64 78 82 92 93 94:9187:136 134 25 344 394 3583 1937 996 1638
46 72 73 82 83 92 94 95:7879:113 90 46 2239 853 2874 1442 222
46 65 73 74 82 92 93 94 95:7170:68 140 36 185 720 3838 123 1266 794
2 38 46 48 64 72 73 74 75 82 92 93 94 95 96 97:18604:22 210 161 144 261 57 216 225 470 3192 6389 470 5231 535 491 530
82 87:1132:656 476
38 46 47 72 73 74 77 82 83 92 93 94 95:21122:193 65 92 986 306 70 383 1810 1439 9867 173 5034 704
65 74 92 93 94:3936:298 40 841 88 2669
46 92 93 94:4101:56 2162 605 1278
46 48 92 93 94 95 97:2765:58 54 636 218 1076 182 541
46 92 94:2803:148 716 1939
46 47 48 93 94:1588:322 61 143 257 805
48 92 93 94 97:3353:151 313 736 1529 624
93:108:108
83 94:2085:1920 165
48 63 65 72 82 92 94 95:7483:50 94 649 401 221 4501 435 1132
74 82 83 92 95 96 97:7781:564 1032 171 2487 1424 977 1126
20 77 82 83 92 94:6893:264 400 2037 3840 154 198
93:90:90
48 92 93 94:1994:228 369 173 1224
46 92 93 94:884:166 145 126 447
36 46 47 50 63 66 72 74 86 92 93 94 97:24797:203 133 61 288 1208 2881 172 82 14062 983 123 1145 3456
46 48 63 65 74 83 86 92 94:27067:20 113 1575 523 243 5146 18110 810 527
36 40 46 47 55 56 57 63 64 65 67 69 72 73 74 77 82 83 87 92 94 95 96 97:49652:507 734 238 341 194 2603 264 258 256 2355 3850 2991 2080 280 282 336 15551 4564 645 4394 1916 560 521 3932
46 47 82 92 94 95:21331:62 88 10730 6743 567 3141
46 47 72 82 92 94 95 96:16095:80 109 384 8143 5868 491 475 545
82 83 92 93 94 95:14778:9512 436 2298 312 1280 940
82 92 93 94 95 97:15212:4211 6768 102 1966 1621 544
95:355:355
31 72 74 82 83 87 88 92 93 94 95:11753:84 314 107 683 250 386 371 7545 176 365 1472
82 87 92 93 94 95:14519:6091 946 3847 415 1193 2027
72 82 92 94 95 97:17209:380 13302 1721 378 693 735
16 82 92 94 95:5614:13 2061 2307 303 930
19 48 82 92 93 94 95 97:8006:91 125 1174 3132 142 1160 1586 596
3 47 48 73 92 93 94 96 97:5387:18 494 35 154 1746 399 1433 489 619
4 47 48 74 75 93 94:2273:14 115 319 159 660 160 846
83:1937:1937
83 85:3843:3788 55
16 36 48 55 56 64 65 66 67 72 73 74 76 77 78 79 80 82 83 88 92 93 94 95 96:49142:315 379 206 545 741 347 2597 1929 2113 2176 158 1299 6969 1054 346 570 1352 18086 3852 458 1026 362 1518 172 572
65 73 74 77 83 92 93 94:2701:515 41 133 16 301 740 191 764
36 46 48 51 57 64 65 68 72 73 74 85 92 93 94 95 96:25681:143 221 34 258 1625 636 1726 963 238 319 24 1068 6560 639 10431 294 502
2 63 74 76 94 96:2994:68 677 83 1174 394 598
63 65 73 74 92 93 94:3480:317 620 21 81 955 168 1318
46 73 92 93 94 95:4067:115 44 1504 383 1746 275
65 77:1444:1287 157
65 72 74 88 93:983:382 245 33 164 159
83:9069:9069
46 47 48 50 59 64 65 74 76 79 80 82 92 93 94 95 96 100:20201:406 112 110 299 288 135 992 190 874 522 2032 2850 3013 170 5992 195 1174 847
72 73 74 82 92 94:3362:119 59 15 186 1418 1565
16 36 47 50 63 64 65 72 73 74 78 82 92 93 94 96:16923:18 149 139 613 417 403 613 1094 251 98 407 5906 1677 1012 3306 820
37 38 46 63 64 65 66 72 74 82 92 93 94 95 97 98:38457:263 364 95 2613 813 1408 5129 224 20 19779 3424 441 1335 237 1819 493
16 17 48 64 82 86 92 94 95 97:11488:22 23 62 69 4424 2402 1152 1675 372 1287
36 92 94 97:1998:123 649 669 557
16 17 29 46 47 48 55 64 65 66 72 73 74 75 76 77 78 80 82 86 87 92 93 94 95 96 97 98 100:108436:7 46 556 41 201 304 9 137 1492 3650 375 242 631 1005 7950 407 746 3923 60454 7473 3514 5935 888 4382 707 742 658 490 1471
94:333:333
46 92 94:1593:124 562 907
74 82 92 94 95 98:8833:43 5630 1001 1349 173 637
73 74 92 93 94 96:4744:45 197 1878 520 1562 542
36 46 47 72 73 74 92 93 94 96 97:9688:104 410 297 220 391 479 737 790 4282 509 1469
92 94:1919:323 1596
37 46 65 82 92 94 97:6632:517 122 1186 1771 1177 867 992
46 47 50 65 67 72 73 74 92 93 94 96 97:18145:699 137 709 208 244 474 354 194 4822 1029 6924 1761 590
47 74:299:86 213
78 92 94:1423:513 458 452
64 73 74 92 93 94:7140:453 132 82 2640 358 3475
2 46 48 50 72 73 82 92 93 94 96:15490:50 323 101 303 52 88 6644 3205 580 3605 539
47 48 72 83 92 93 94:8917:166 52 36 406 5223 124 2910
2 38 46 48 50 65 72 73 74 92 93 94 95 96 97:17364:31 175 647 390 1075 253 482 508 244 4684 1616 4817 445 535 1462
74 92 94 96:2090:65 184 772 1069
46 48 64 74 82 92 93 94 95 96 98:10882:153 495 260 251 788 3013 441 3920 185 513 863
38 46 73 92 94 97:2712:266 200 37 292 1318 599
46 48 51 73 83 92 93 94 95:9027:55 230 307 46 439 4809 100 2780 261
46 51 72 74 82 87 92 94 97:11566:188 386 94 79 2853 739 2933 2521 1773
17 36 72 82 86 92 94 95:11982:32 251 359 5725 2201 2257 185 972
63 82 92 94:4042:355 1492 610 1585
4 47 48 55 63 64 82 87 92 93 94 97:18237:59 268 159 384 447 211 4597 1061 7436 605 1921 1089
19 46 48 51 72 73 82 87 92 93 94 95 96:19191:7 124 244 258 534 104 3211 427 8047 800 3467 286 1682
36 46 47 48 51 63 72 73 74 82 92 93 94 95 96 97:14388:231 135 208 249 741 174 410 337 160 1004 3261 1410 4862 175 481 550
36 46 48 51 92 93 94 95 96 97 98:12547:84 338 948 273 1303 1175 5938 871 579 582 456
46 48 51 72 74 92 93 94 96:8127:426 144 242 32 70 1730 663 4338 482
46 50 73 92 93 94 96:2887:69 515 42 445 505 767 544
48 92 93 94 97 98:8041:506 2727 546 2450 1350 462
36 46 48 65 73 74 78 83 92 93 94 96:22095:258 824 323 528 475 277 909 1574 5999 1772 8522 634
92 93 94 96:1834:253 193 185 1203
38 46 50 51 64 65 72 74 82 92 93 94 95 96:16083:588 144 312 240 193 232 42 43 2127 4347 674 6187 459 495
46 65 74 82 92 93 94:11884:45 142 50 5889 3261 778 1719
37 46 47 48 64 74 92 94 95:9869:114 386 220 112 48 19 5284 3281 405
94:475:475
46 47 48 63 65 72 74 92 93 94 95:12527:275 31 50 55 915 73 21 6711 505 3479 412
46 48 73 74 82 92 93 94 95 96:9529:73 131 93 121 374 2951 834 3936 461 555
46 47 48 50 51 87 92 93 94 96 98:7755:405 116 149 311 284 633 1549 236 2817 747 508
36 48 64 92 93 94:1477:234 80 153 337 195 478
46 64 92 93 94 96 97:8872:302 235 3837 1318 2047 476 657
36 46 47 48 64 65 67 72 73 74 75 76 83 92 93 94 96 97:21166:189 443 187 263 473 789 95 346 237 110 747 2260 110 5519 918 5847 1540 1093
93:249:249
32 64 65 72 74 82 83 87 92 93 94 95 97:13465:128 166 611 70 218 4460 610 554 3270 120 2158 564 536
74 82 88 92 93 94:2638:256 529 280 1390 74 109
82 94:5377:5328 49
46 65 67 72 74 77 82 88 92 93 94 95 97 98:12589:44 1001 2086 118 11 639 2116 303 1618 269 2903 109 558 814
46 72 74 75 78 92 94 96 97:8120:92 1738 855 407 331 535 2814 616 732
80 92 94:4157:1532 1917 708
48 94:936:58 878
16 47 48 50 67 73 82 83 92 93 94 96 98:12301:5 47 137 297 106 17 4679 741 2996 514 1726 472 564
48 63 82 92 93 94 96:8588:55 703 624 3186 102 3323 595
46 47 48 50 72 92 93 94:4280:257 95 371 292 81 1906 241 1037
46 72 73 74 78 92 93 94 95 96:9196:117 391 11 151 338 4647 714 1883 198 746
46 74 92 93 94:5751:185 27 1440 502 3597
46 50 72 74 92 93 94 96 97:7560:441 298 505 220 1803 476 1854 766 1197
47 74 82 92 93 94:5888:410 85 1092 2604 243 1454
48 94:314:231 83
46 47 48 51 65 67 72 73 74 82 92 93 94 95 96 97 98:24135:717 236 279 600 239 183 36 791 78 3600 6352 1219 6477 246 517 1926 639
47 92 93 94 96 97:3084:75 783 201 958 499 568
64 92 93 94 96:4194:25 2210 461 1008 490
48 74 82 92 94 95:4911:55 286 1012 3234 212 112
82:3632:3632
46 48 72 73 82 92 94 97:5355:52 73 107 152 1075 599 2271 1026
17 46 48 50 60 65 73 92 93 94 96 97:9693:12 418 456 294 36 109 378 1596 1872 2402 727 1393
48 51 76 92 93 94:3349:35 385 572 688 847 822
47 48 50 64 72 73 74 78 82 83 92 93 94 96:19377:94 80 456 367 261 259 213 473 4235 526 4274 563 4878 2698
4 38 46 63 64 72 73 74 82 92 93 94 95 96 97 100:25074:57 262 679 225 730 326 199 146 7543 4700 2057 5694 482 543 794 637
46 48 63 72 74 82 83 92 93 94 95 96:16223:197 132 131 265 169 1680 498 4755 459 6754 713 470
46 82 92 94:2685:187 1010 802 686
7 47 48 63 65 74 93:1410:188 58 53 723 215 82 91
3 36 47 51 63 64 65 67 72 73 74 77 82 92 93 94 95 97 98:14890:54 361 106 270 184 565 528 464 800 48 188 76 3262 3658 386 2299 360 710 571
46 47 65 92 94 95:5035:109 194 282 2271 2029 150
92 94:1560:821 739
38 46 48 63 64 72 73 92 93 94 95:6081:212 58 105 31 197 259 59 2282 232 2104 542
74:45:45
74 75 78 82:33194:694 618 1728 30154
66 75 82 86:61688:3697 392 8291 49308
75 76 82:16758:1495 4815 10448
65 73 74 82 83:11504:201 327 65 10460 451
82:13531:13531
82:26335:26335
82 86 87:37873:21346 14848 1679
82 86 89:33951:5206 23833 4912
82 86 87 89:80648:2982 75105 235 2326
82 86 87 89:52523:3447 43227 1939 3910
17 27 31 38 54 72 79 82 86 87 89 92 95:125339:40 533 552 427 705 1233 727 56976 54594 4196 2971 2004 381
16 82 86 87 89 92:52229:64 25183 21855 1666 3153 308
17 24 82 86 87 89 90:116856:9 18 27809 62782 3165 1669 21404
72 82 86 87 89:38917:159 15195 21198 1110 1255
72 82 86 87 89 90 91:100619:44 22037 66655 6005 3047 2365 466
17 72 82 86 87 89:39121:18 299 18961 15836 2373 1634
16 17 22 28 53 76 82 86 87 89 90 92 95:142044:32 9 283 327 3650 644 55583 61065 6848 5034 7982 219 368
82 86 87 89 92:23332:11433 10139 240 728 792
16 26 27 28 29 32 34 53 54 55 56 58 63 64 65 72 73 74 75 76 77 80 81 82 86 87 89 92 94:157661:54 1470 585 2531 434 49 1041 3425 6422 88 379 1135 1245 196 1420 18637 356 2075 420 2148 11785 18144 2680 31113 42422 5214 1476 654 63
26 28 34 53 72 80 82 86 87 89 92 99:46882:58 807 70 2116 842 1148 23950 5143 3361 387 840 8160
17 54 56 72 74 82 86 87 89 92 95:61620:266 1921 531 687 234 26632 25817 1370 3051 786 325
82 86 87 89 99:10515:4781 2853 1057 1520 304
31 55 57 92 95:13553:1185 316 779 1382 9891
28 31 34 47 53 54 58 72 76 77 82 86 93 94:20870:1161 1676 95 20 562 694 238 2878 2846 2662 125 6552 439 922
72 82 86:15525:100 12105 3320
16 79 82 86 87 89 92 95:45702:33 471 27036 13213 2127 1974 270 578
63 64 75 82 86 87 89:21312:342 78 657 8023 10775 238 1199
82 86 87 89 90 92:28889:7684 9958 2119 396 8274 458
82 86 87 89 92 95 97 99:22778:15545 4116 555 781 396 350 578 457
17 72 74 82 86 87 89 95:69417:31 105 99 34990 27298 5112 1559 223
12 17 28 53 82 86 87 89 92 94:33410:1505 16 680 1784 12582 9791 2248 3706 753 345
16 82 86 87 95:31781:14 20289 6649 4579 250
16 75 82 87 92 97:14902:167 935 8530 1622 2943 705
72 74 82 92 93 94 95 96 97:5484:13 12 1642 268 328 1030 319 1278 594
82 87 92:5680:4053 1085 542
46 47 48 64 73 74 92 93 94 95 96 97:10688:127 264 88 414 100 157 4226 653 2205 391 1436 627
48 72 92 93 94:922:69 150 281 104 318
37 38 47 48 73 74 76 92 93 94 96 97 100:14193:116 110 72 67 38 58 555 4545 457 2640 1884 2791 860
46 48 82 92 93 94 96 97:6824:124 57 629 3692 520 719 481 602
2 92 93 94 95 96 97:4993:18 1930 570 941 317 629 588
72 77 82 86 87 89 92 95:53285:171 666 18480 22065 3486 7479 272 666
72 74 82 86 92 94 96:17894:68 56 7975 8107 454 322 912
97:1826:1826
16 36 46 47 48 57 64 65 67 72 82 92 93 94 95 96:21251:10 201 278 55 115 247 316 548 323 85 3727 3161 654 9791 295 1445
47 48 72 74 92 94 97:3294:254 52 29 63 1101 978 817
46 48 93 94 97 98:4207:182 120 932 1123 1274 576
4 37 46 49 63 64 65 69 72 73 74 75 76 92 93 94 95 96 97 98:34425:64 103 246 357 1907 744 2540 1701 3426 180 1243 1537 841 6291 794 5457 506 3501 2453 534
38 46 48 49 65 72 73 74 75 77 82 86 92 93 94 95 96 97:41389:380 272 476 368 951 182 171 211 1288 273 14648 59 9547 3215 5238 771 1899 1440
38 46 48 50 64 72 74 92 93 94 95 97:11546:67 163 31 364 269 57 40 3380 1010 3822 352 1991
46 48 65 72 73 74 82 83 92 93 94 96 97:16922:270 202 988 26 45 48 1970 2824 4018 836 2734 995 1966
82 92 93 94 95:6292:3245 1472 321 978 276
37 46 47 48 58 63 64 65 72 73 74 75 76 80 82 83 84 92 93 94 95 96 98:31605:45 218 133 178 1215 197 683 684 4838 653 1136 848 1703 1782 1567 79 996 3701 1560 6430 587 964 1408
47 72 74 92 93 94 95 96 97:15320:133 60 241 9188 380 3656 586 491 585
36 47 50 65 74 75 92 93 94 95 96:9320:95 321 354 525 108 431 4293 374 1752 599 468
48:52:52
46 47 48 65 72 73 74 92 93 94 95 96 97:11305:116 126 98 83 164 130 862 3045 446 3937 734 1006 558
64 72 82 92 93 94:7094:29 16 790 3199 220 2840
38 46 48 49 64 65 73 82 92 93 94 96 97:9734:144 72 132 347 626 515 68 708 2468 97 2327 985 1245
40 64 92 94 95:6317:1631 108 2657 1504 417
48 64 74 75 92 94 95 97:5366:34 241 14 577 3046 474 335 645
47 65 78 92 93 94:4662:29 324 1174 1968 494 673
46 47 73 74 92 93 94 95 96 98:7417:135 241 167 22 4279 390 909 328 468 478
47 48 65 73 82 92 93 94 96 97:7114:135 170 125 67 980 726 396 2394 511 1610
46 48 64 72 73 92 94 95 97 98:10448:38 143 283 197 101 4599 3127 351 1071 538
50 92 93 94 95 97 100:9557:463 3204 115 2531 823 1731 690
3 6 17 36 46 47 48 63 64 65 66 67 72 73 74 75 76 77 86 87 92 93 94 95 96 97:152542:47 150 8 229 385 20 372 368 1149 1862 10671 219 601 301 416 611 584 344 113026 388 7994 2377 6754 737 583 2346
46 48 65 82 92 93 94:3874:382 158 66 52 1904 833 479
48 92 93 94:4024:106 2163 282 1473
73 92 94 95 96 97:6969:32 3766 1156 380 989 646
48 67 72 73 74 92 93 94 95 96 97 98:10740:227 439 114 329 99 2611 742 3223 681 821 720 734
27 48 72 73 74 92 93 94 95 96 97 99:13140:39 286 213 137 118 3974 682 4260 684 1873 546 328
86 93:27822:27757 65
69:10646:10646
48 92 93 94:3911:59 1162 569 2121
46 48 92 93 94 97:4931:212 48 1535 431 2050 655
46 48 72 92 93 94 96:4744:167 276 51 272 758 2747 473
36 46 48 65 73 74 92 93 94 96:7513:196 40 583 71 164 91 1364 1288 3207 509
46:60:60
48:35:35
46 48 92:1160:232 30 898
63 64 87 92 94 97:5077:367 184 587 1523 1756 660
46 48 74 92 93 94:5908:138 20 50 2012 1521 2167
48 72 92 93 94:3814:28 64 1222 449 2051
48 94 97:748:68 114 566
48 63 64 72 74 92 93 94 95 96:6494:54 480 299 231 25 474 1107 2322 311 1191
77 79 82 86 87 89:88541:1109 2023 11153 72740 776 740
47 73 92 93 94 96:6035:222 65 2089 351 2056 1252
46 47 64 65 82 92 93 94 95:6904:234 60 523 573 1415 2171 575 1091 262
97:631:631
73 74 76 82 85 92 94 95:15331:169 511 1622 2202 228 4625 4842 1132
82 86 87 89:17013:7016 7499 470 2028
76 82 86 87 92 94 95:40312:981 25267 8423 3981 850 331 479
38 82 83 86 87:11697:423 5614 70 2723 2867
61 64 67 72 74 76 77 80 81 82 86 87 97:116985:4717 245 2139 1219 829 2311 1156 5598 2410 24332 70347 1076 606
26 54 86:14258:339 7760 6159
63 80:6990:1310 5680
16 82 86 92:25717:7 23870 1407 433
92 95 99 100:6563:3567 1863 533 600
48 72 92 95 97:3756:52 485 1482 1119 618
42 92 95 96 97:7549:64 2192 4014 734 545
92 95 99:3336:386 1926 1024
95:486:486
95 99 100:3402:2210 481 711
17 27 46 72 73 82 86:20289:81 52 38 1199 1235 2841 14843
26 54 56 82 92 94:8196:72 2058 767 4010 1161 128
17 22 26 27 28 31 35 53 54 56 58 72 74 77 79 81 82 86 87:49860:146 158 1307 462 217 58 1891 3480 1397 138 647 2726 2117 2468 995 2845 2301 25794 713
26 64 65 72 77 78 86:5535:346 281 138 393 925 663 2789
17 26 54 86 89 99:35670:162 56 1389 26847 5797 1419
82 87:1726:857 869
77 82 86 87 92 95 97:51359:230 9080 34511 1998 4266 479 795
46 82 86 89:71553:40 22196 25012 24305
86:12437:12437
16 17 20 22 44 67 72 77 79 82 86 87:100545:181 92 383 647 8198 3555 493 2176 2725 28582 38752 14761
28 34 55 72 75 76 77 80 82 86 87 89 90 93:41437:77 452 45 166 563 1659 429 1206 2432 27537 1632 367 4596 276
36 37 46 48 51 54 56 58 63 64 65 72 73 74 75 76 77 78 79 80 92 93 94 96 97:33456:518 374 34 112 641 237 555 230 849 1837 2979 3704 414 833 2868 4854 621 1459 47 2157 1000 395 3816 2258 664
48 65 73 74 75 92 94:1933:59 738 40 93 469 206 328
16 17 46 48 49 50 64 65 72 74 77 82 86 92 93 94 95 96 97:35497:17 32 420 122 443 283 267 646 397 407 581 9541 3923 7350 136 4919 1080 3234 1699
92:169:169
6 47 92 94 96:1817:137 146 692 315 527
36 40 46 56 63 64 65 66 69 72 73 74 75 76 80 82 83 92 94:38027:199 1140 47 1091 1187 1274 819 4371 2785 364 34 78 3224 671 1023 15924 176 1671 1949
82 92 93 94 95:6038:689 3076 105 1812 356
46 48 64 72 73 74 92 93 94 96:8672:372 77 169 69 214 25 2866 1773 2632 475
50 72 73 74 92 93 94 95 96 97:9577:602 231 69 376 3305 608 2204 262 1249 671
46 92 93 94:2385:91 1288 57 949
50 92 94 95 96 97:6553:286 2327 2304 237 668 731
46 63 65 66 72 73 74 92 93 94 95 96 98:18859:482 578 414 4398 360 142 292 5537 155 5120 434 479 468
46 48 92 93 94:2657:67 57 288 235 2010
46 47 55 72 73 74 92 94:7557:403 117 30 25 142 37 2701 4102
48 72 92 93 94:6165:160 166 2689 600 2550
74 92 94:1242:22 445 775
50 92 94 95 96 97:5576:293 1736 1347 544 489 1167
74 82 92 93 94 95:4041:49 657 2029 254 654 398
47 64 73 74 92 93 94:2943:70 328 284 52 1418 261 530
46 72 92 93 94 95 96:6776:252 27 2706 1419 1131 233 1008
32 46 47 48 51 63 64 72 73 74 82 92 93 94 95 96:13219:38 316 80 155 243 460 141 246 106 22 1332 4355 135 4089 235 1266
46 50 72 73 88 92 93 94 95:7970:214 343 182 288 186 3508 446 2300 503
65 83 92 94:3123:122 405 1916 680
32 92 94 95:1905:19 1139 502 245
46 92 94:769:120 370 279
47 63 67 69 72 74 92 93 94 95:8902:48 75 640 3950 341 125 1359 311 1646 407
38 46 48 74 92 93 94 95:4188:324 70 60 30 1566 443 1431 264
36 46 47 48 50 64 65 69 72 73 76 82 92 93 94 95 96 97:12251:418 131 495 30 434 509 272 1666 77 68 1502 988 2174 175 1240 293 1227 552
37 46 48 63 72 74 82 92 93 94 95 97 99:16895:67 166 159 101 47 55 7628 2422 355 3086 493 1843 473
36 40 64 65 74 76 94:4499:178 661 1387 942 199 690 442
36 38 47 64 65 92 94 95:6891:93 320 152 329 486 3628 1495 388
46 47 92 94:877:125 43 227 482
46 47 72 92 93 94:3790:215 91 103 982 424 1975
82 83 92 93 94 95:9172:141 7379 650 68 685 249
16 46 63 67 73 74 76 82 87 92 93 94 96:11448:102 163 120 208 167 32 734 922 477 2978 144 3645 1756
74 82 92 94:1918:116 580 792 430
48 92 94:1585:20 1356 209
46 63 64 65 72 74 82 83 92 93 94 97:21523:68 360 379 1485 705 140 4937 6756 1717 740 2522 1714
47 49 51 73 82 92 93 94 97:7000:168 445 275 56 662 2143 427 2232 592
29 54 65 66 68 72 74 75 76 78 80 82 92 93 94 97:91514:1534 7 183 2781 4383 1435 192 1731 6959 5575 13108 52196 241 220 315 654
47 65 92 94:1520:50 1044 294 132
46 64 73 74 92 94:6582:272 71 61 40 1289 4849
47 65 92 94:4761:111 55 2005 2590
36 73 74 92 94 95 97:3450:163 94 231 817 1190 351 604
63 72 77 82 92 94:3210:397 44 176 446 1599 548
46 72 73 74 93 94 96:3508:13 582 123 222 164 1913 491
38 72 74 76 92 94 95 97:7466:230 27 73 3011 1505 1427 499 694
39 64 92 94:2097:634 172 652 639
36 49 72 73 92 94:4086:150 354 125 101 1674 1682
26 54 63 65 73 74 75 92 94 95:7705:161 993 87 351 235 210 553 3245 1029 841
4 36 48 63 65 72 82 92 94 95 97:12198:30 418 73 1243 388 237 3477 4426 560 796 550
74 92 94 95:5142:25 3139 1731 247
92 94 95:1477:623 400 454
56 72 83 92 94 95 96 97:10701:920 277 359 4485 1773 293 1353 1241
6 46 47 65 73 74 82 92 94 97 99:10120:215 126 169 900 72 40 1498 3787 2422 650 241
47 65 66 74 83 92 94 95:4864:100 71 1453 228 374 1861 401 376
92:194:194
4 37 48 65 74 92 94:891:37 73 64 140 81 395 101
46 47 92 94 96:4596:50 142 3625 129 650
65 72 74 76 83 92 94 95:6468:299 440 33 558 361 2978 1349 450
92 93 94:1876:604 180 1092
92 94:706:399 307
65 92 94 95:3956:222 1817 1772 145
46 48 64 67 68 94:7630:26 26 1070 1570 4548 390
94:163:163
63 64 92 93 94:3797:894 63 1232 163 1445
72 92 94 97:2470:169 650 1025 626
46 94:531:177 354
92 93 94:2800:1192 76 1532
92 93 94:2737:1120 189 1428
72 73 74 92 94:2663:494 87 42 1066 974
83:2350:2350
92 94:810:451 359
36 46 65 68 92 94:3643:73 246 676 1162 1393 93
64 65 69 82 83:18342:406 1171 2965 9000 4800
64 65 72 73 74 92 93 94:2622:62 257 37 181 15 802 211 1057
46 64 73 98:1463:107 374 232 750
83:2446:2446
36 72 74 92 94:2565:219 418 158 536 1234
38 47 72 73 92 94 95:2307:61 196 73 22 1026 818 111
92 93 94 95:5608:3332 148 1554 574
37 72 75 85 92 94 95:3794:45 63 597 122 2090 685 192
83:2450:2450
46 72 92 93 94:4633:84 23 1619 224 2683
46 47 63 64 66 67 72 73 74 76 83 92 93 94:14154:302 141 631 54 3670 267 589 459 544 1458 2175 1349 313 2202
94:3984:3984
94:5277:5277
65 73 82 83 92 94:16231:362 183 6471 6548 2145 522
47 63 72 73 87 92 93 94:7111:228 141 85 55 466 3246 132 2758
92 94 96:1776:572 634 570
48 63 64 82 92 93 94:7594:65 222 107 2167 3257 292 1484
46 65 73 92 93 94 95:5714:36 261 279 3272 140 1201 525
46 64 72 88 92 94 95:3948:280 248 105 488 1759 728 340
46 73 74 92 93 94 95 97:2521:45 22 63 175 166 1060 179 811
48 50 73 92 93 94 96:7456:60 529 152 2855 314 2946 600
92 94:5095:3628 1467
92:1662:1662
72 92 93 94 95 96:4381:19 2037 108 1282 295 640
46 92 93 94 95:6243:44 3267 166 2623 143
46 48 74 92 93 94:6555:175 24 65 3152 40 3099
92 93 94 95:4316:2493 213 1445 165
72 92 93 94:4060:21 1497 114 2428
46 48 65 73 92 93 94 95:6431:169 192 66 72 1935 589 2676 732
92 93 94:2937:1015 437 1485
72 75 92 94:3078:44 375 1381 1278
38 46 72 73 74 75 92 93 94 95:13242:296 213 99 105 95 571 6633 153 4677 400
47 74 92:861:191 30 640
50 74 92 93 94:3948:326 52 2733 80 757
88:493:493
66:1598:1598
92 94 95:884:174 390 320
46 48 73 92 93 94 99:4117:242 114 111 1348 688 1375 239
63 72 73 92 94 95:6083:365 8 34 3567 1948 161
63 94:503:371 132
47 63 64 65 73 74 92 94:2885:206 369 652 768 15 52 295 528
36 64 65 92 94:2919:132 685 765 846 491
64 92 93 94:2029:363 300 92 1274
63 65 92:2598:1273 690 635
63 64 65 68 74 94:6910:1440 717 1776 2686 125 166
19 64 92 94:2222:112 737 682 691
46 73 92 94:6801:53 32 4633 2083
47:141:141
3 36 46 63 65 67 68 94 95 97:5908:21 239 63 1415 285 1618 915 321 235 796
64 73 82 93:624:36 117 124 347
78:474:474
94:101:101
92:228:228
46 65 92:576:60 317 199
92:730:730
92:414:414
97:544:544
48:60:60
65:431:431
97:551:551
74 94:465:354 111
80:6293:6293
95:515:515
63 67:1016:508 508
80:3582:3582
92:226:226
73:42:42
94:124:124
93 94:267:62 205
48 92 93 94:871:371 176 130 194
92:287:287
93:45:45
97:1555:1555
92:225:225
46:122:122
82:374:374
92:180:180
