82:144:144
63:639:639
65 73 76 92 93:1874:204 213 944 381 132
97:576:576
75:508:508
38 46 63 64 65 66 67 68 72 73 74 77 78 83 88 92 93 94 95 96:30956:486 286 1660 968 3722 1665 534 5047 1343 884 1152 295 1237 116 439 3311 868 5053 1428 462
46 64 72 87 92 93 94 97:8796:57 378 324 1092 4574 362 1398 611
74 92 93 94 97:1939:164 584 417 175 599
46 65 68 69 92:4308:57 399 1244 1993 615
36 48 64 65 74 76 92 94 95:6040:479 172 185 329 88 2600 1433 535 219
93:145:145
51 93:484:394 90
93 94 96:1640:360 530 750
46 48 51 65 74 92 93 94 96:6275:109 431 222 128 50 2049 1039 506 1741
46 49 63 65 72 73 74 92 93 94 95 96:8092:208 304 170 119 490 336 80 3822 179 1197 583 604
46 48 64 65 72 73 92 93 94:11149:174 38 398 578 15 444 2901 1088 5513
46 64 72 74 77 82 92 93 94 96:11007:52 171 35 34 303 418 5858 532 3015 589
46 48 72 73 74 92 93 94 95 96 97:17929:55 43 409 423 32 4756 1812 6413 1098 1764 1124
46 72 73 74 92 93 94 97:5135:81 179 552 98 1236 186 2162 641
46 47 64 73 92 93 94 95 96:7469:278 177 343 18 2227 247 3461 231 487
3 39 65 72 74 92 94 97:10951:87 670 413 134 111 6282 2627 627
38 48 72 73 92 93 94:5996:104 39 70 324 2867 469 2123
64 72 92 94:969:150 221 160 438
48 74 92 93 94:1611:133 270 282 780 146
46 48 54 92 94 96 97:3968:100 78 63 946 550 470 1761
47 48 73 74 92 93 94 96 97:9798:189 92 334 65 1667 889 3814 1294 1454
46 72 73 74 76 78 92 93 94 96:9170:232 228 158 156 647 521 1426 945 4274 583
46 47 64 67 72 73 74 75 76 92 93 94:9689:224 64 1060 631 431 267 207 760 630 2183 701 2531
48 92 93 94 96:1757:48 333 71 816 489
64 92 94:614:167 318 129
48 64 73 74 92 93 94 96 97:7630:49 87 154 49 3382 128 2497 595 689
46 65 92 93 94:2668:67 146 1585 76 794
47 72 73 74 92 93 94 96 97 98:17656:89 93 234 80 2732 2444 7865 1686 1849 584
3 4 46 47 48 51 63 64 65 72 73 74 75 92 93 94 96 97:31077:35 79 745 97 87 219 928 140 75 1277 1472 1039 1333 3088 2477 12516 4054 1416
46 47 48 73 92 94:971:263 50 35 36 241 346
3 36 38 46 47 48 50 63 64 72 73 74 76 78 80 92 93 94 96 97 98:32100:30 295 618 445 288 112 356 1398 910 261 171 814 934 384 1308 7660 3229 9411 1538 1355 583
36 48 72 73 74 92 93 94 95 96 97:7939:377 20 455 115 298 2026 446 2730 291 625 556
19 48 65 92 93 94 96 97:6802:42 105 325 1893 116 3047 672 602
72 92 93 94 97:6127:56 2476 240 1956 1399
39 42 64 65 87 92 93 94 95 96 97:9627:776 63 246 180 673 3129 288 2872 319 470 611
92 93 94 97:2251:625 411 642 573
48 65 92 94:3308:35 285 1027 1961
39 46 48 73 92 93 94 96 97:6866:679 23 101 61 1113 1004 2137 554 1194
48 93:441:184 257
46 48 92 93 94 96 97:9306:91 393 1532 1521 2995 575 2199
94:147:147
46 48 65 73 92 93 94 95 96:6071:216 129 269 302 1726 354 1811 235 1029
46 48 73 92 93 94 97:3906:251 181 148 519 220 1388 1199
2 46 48 51 65 73 74 92 93 94 96:10860:23 358 46 342 83 438 101 2694 1645 3931 1199
46 67 92 93 94 97:4510:101 507 1434 158 1095 1215
46 48 74 92 93 94:2920:134 58 28 563 99 2038
46 48 92 93 94:1374:54 188 253 445 434
46 48 94:300:27 59 214
46 48 92 93 94 97:4449:97 467 1573 574 1199 539
46 48 72 92 93 94:3532:52 564 209 1141 531 1035
4 46 48 73 92 93 94 96 97:7633:144 179 215 168 1252 1628 1550 1054 1443
46 48 72 74 92 93 94 96 98:6938:44 295 50 51 2145 1636 1239 977 501
37 46 48 92 93 97:1488:168 39 70 390 287 534
46 48 74 92 93 94 96 97:5177:192 75 212 1225 704 1766 499 504
46 48 73 92 93 94 96 97:9963:244 317 166 2376 1283 3945 1130 502
93 97 98:1489:415 520 554
46 47 73 74 92 93 94 96:8265:222 82 123 152 2135 536 3670 1345
47 64 74 92 93 94 96 97:6389:137 75 26 787 997 2777 1021 569
46 48 74 92 93 94:2891:97 93 99 741 199 1662
94:188:188
92 93 94 96 98:5573:1307 566 1793 1191 716
92 95 99:1194:575 346 273
64 65 73 78 92 94 97:7769:1139 1128 64 1090 960 1954 1434
36 48 49 50 63 68 72 73 74 75 92 93 94 98:9896:65 88 250 584 192 2316 721 651 629 1018 841 429 1554 558
38 72 82 83 92 94:9859:237 91 4156 4834 368 173
46 47 48 51 72 73 74 92 93 94 96 98:11857:449 191 386 340 207 190 563 2692 1361 3868 1022 588
46 64 72 83 88 92:31327:65 206 303 6025 24118 610
82 92:4882:4149 733
97:895:895
46 74 92 93 94 96:4956:73 100 1684 886 1717 496
65:497:497
48 93 94 97:2351:140 645 876 690
46 47 48 73 92 93 94 97:6298:217 84 631 26 1359 1716 893 1372
92 93:838:385 453
46 48 51 92 93 94:2266:84 81 270 613 524 694
46 47 48 64 74 92 93 94 97:3831:145 233 25 155 181 701 131 942 1318
47:124:124
46 48 73 74 76 92 93 94:5865:95 35 248 127 478 1242 691 2949
46 74 92 93 94:3242:254 215 851 263 1659
36 48 72 73 74 92 93 94 96:8512:214 141 53 58 157 1661 406 5037 785
47 92 93 94 97:4278:95 789 290 2574 530
46 47 72 92 93 94:2785:345 38 19 203 961 1219
36 46 47 48 73 74 92 93 94 96:7871:196 110 32 151 123 182 1990 1492 3091 504
46 48 73 93 94:1570:271 213 95 378 613
46 48 72 73 92 93 94 97:6958:111 111 108 31 1691 980 3279 647
93 94:626:508 118
3 37 47 48 50 72 73 74 75 92 93 94 95 98:12415:23 57 99 159 414 276 111 241 443 3568 845 5093 586 500
36 38 46 63 64 65 72 73 74 92 93 94 95 96 97 99:14099:233 259 267 130 91 817 45 430 139 3596 859 5529 259 478 511 456
46 93:143:51 92
46 73 92 93 94 96:6568:63 75 2275 296 2559 1300
46 48 64 65 92 93 94:7359:25 76 78 14 2351 1218 3597
46 73 92 93 94 97:5408:86 319 2426 687 1298 592
46 47 64 73 92 93 94:6372:145 177 65 235 1953 425 3372
46 47 64 72 73 92 93 94 96 97:10259:82 36 255 35 130 2534 1139 4381 1121 546
8 37 38 46 48 63 65 72 73 74 77 92 93 94 95 96 98:25770:661 273 310 24 67 153 415 764 486 362 153 5797 1584 10840 533 1044 2304
46 92 94:1449:112 709 628
36 46 73 92 93 94 95:5602:173 351 55 1346 277 2844 556
46 64 92 93:964:190 137 447 190
46 47 48 50 63 64 65 72 73 74 92 93 94 97:15707:534 110 53 251 411 170 126 14 45 344 4220 1448 6598 1383
65 72 92 94 95 97:2419:43 108 442 810 472 544
47 74 93 94:958:231 102 157 468
26 54 56 63 64 65 72 74 92 94:10795:309 4578 79 1751 320 1601 657 756 250 494
94:699:699
46 72 74 92 93 94 96 97 98:7692:178 66 33 1016 171 3086 1004 764 1374
92 93 94 96 97:9404:3552 1159 3376 731 586
48 50 64 78 92 93 94 96:6526:59 312 98 312 954 1165 2616 1010
4 46 48 63 64 65 73 78 92 93 94 96 97:10050:16 199 283 416 262 126 101 282 1552 2076 2065 485 2187
4 48 65 73 92 93 94 95:5846:19 73 152 77 972 349 3908 296
36 72 73 74 76 92 93 94:6254:174 7 53 396 659 2262 158 2545
65 74 92 93 94:3742:445 97 1169 201 1830
73 92 93 94 95 96:4621:81 1074 173 2430 389 474
87 92 93 94 96:2864:429 727 202 1003 503
65 93 94:831:11 194 626
46 74 92 93 94 95 96:7934:398 24 2748 798 1299 796 1871
48 72 74 92 93 94 96 97:7801:120 59 46 1259 1330 2436 1510 1041
2 36 37 38 46 48 64 65 72 73 74 92 93 94 96:7522:58 79 26 394 53 123 627 282 114 292 467 1959 290 2244 514
48 73 93 94 96:3186:110 40 699 1655 682
47 48 73 74 92 93 94 95 96 97:12169:71 73 120 480 2024 2620 3413 485 948 1935
48 74 92 94:1518:53 231 842 392
48 72 73 74 92 93 94 96:3597:54 86 71 82 865 281 1544 614
64 65 72 73 92 93 94 96:11480:339 261 239 831 2445 987 5817 561
64 65 73 92 94:4466:586 360 132 1441 1947
92 94:1829:1394 435
47 65 92 93 94 95 97:7394:91 912 4345 254 125 1124 543
64 82 92 93 94 95 96:5304:104 425 2763 136 861 532 483
38 46 64 65 72 73 82 87 92 93 94 95 97:17582:293 177 190 428 236 90 1250 229 8690 337 2645 2512 505
65 72 73 74 75 76 92 94 95 96 97:11120:286 307 13 121 570 2132 2414 3450 619 620 588
46 72 74 92 93 94:2328:100 191 324 516 116 1081
36 46 47 92 93 94 95:5755:150 91 16 3639 270 1113 476
47 49 64 65 74 88 92 94 95 96:10608:84 318 872 288 134 206 3673 3264 1205 564
36 46 47 63 64 65 72 73 74 76 82 92 94 95 97:17203:85 56 132 356 697 171 334 143 886 487 135 8998 2802 1413 508
46 72 73 74 76 77 88 92 93 94 95:9130:124 395 32 382 796 373 358 4233 733 1131 573
8 47 56 57 58 64 65 72 73 74 75 76 77 80 82 93 94:25117:50 77 1077 111 437 67 1984 1652 55 1046 1679 3358 3098 8767 1382 74 203
72 74 92 93 94 96:6973:10 68 3541 488 2333 533
30 46 72 73 74 84 92 94 95:10854:153 143 16 458 205 202 6620 2454 603
36 37 63 64 65 67 72 74 76 77 80 82 87 92:14589:323 88 1145 275 2288 3786 858 394 564 458 1444 821 384 1761
92 94 95:3574:1917 1379 278
64 65 72 73 74 78 82 88 92 93 94 95 97:15911:193 178 1213 309 1050 618 966 241 6602 627 3061 284 569
36 37 46 47 48 51 63 64 65 72 73 74 75 76 87 92 93 94 97 98:17088:317 204 387 196 167 849 184 868 1125 315 75 437 1593 1178 486 2054 1444 4197 522 490
67 73 82 93:805:137 73 478 117
46 47:139:20 119
47:113:113
47:57:57
47 94:220:36 184
92 94:486:342 144
74 92 93 94 96:2271:113 459 325 744 630
46 48 64 67 72 73 74 92 93 94:5274:119 82 84 412 45 55 710 1311 883 1573
38 72 74 82 92 94:15625:89 28 88 11514 3105 801
74 92 94 95:9224:61 5526 2849 788
36 38 72 82 92 94:3205:232 210 139 1752 310 562
65:275:275
36 74 92 94:4078:90 27 2322 1639
72 73 92 93 94 95:6930:58 49 4209 197 1599 818
46 92 93 94 95:5371:67 2440 174 2224 466
36 72 73 74 82 92 94:13777:136 183 35 86 6804 4551 1982
74 82 92 94:4864:38 2772 1403 651
92 94:1479:1239 240
38 44 46 48 72 73 74 92 94 95:17371:110 1505 55 59 414 158 72 10338 4154 506
73 92 93 94:5282:48 3966 395 873
46 92 94 95:3823:139 2342 1159 183
92 94 95:4150:1849 2106 195
92 94 95:4249:3230 821 198
36 48 74 92 94 95:2035:108 86 68 1213 382 178
36 38 66 72 73 74 78 92 94 95:12209:116 230 6532 580 134 973 417 1761 1237 229
73 92:1010:27 983
92 94 95:2285:1866 120 299
92 94 95:1840:1172 464 204
73 82 92 94 95:5301:15 1948 1996 928 414
82:1299:1299
38 46 92 94 95:5058:277 114 3037 1465 165
92 94:4876:3150 1726
82 92 94:5373:1948 2509 916
82:1299:1299
36 46 92 94:1975:180 102 1014 679
92 94:1044:893 151
36 38 47 65 72 74 82 83 85 92 93 94 95:28409:475 314 79 725 604 97 4378 14524 1228 3856 307 1612 210
72 74 92 94 95:9717:101 65 6762 1544 1245
31 36 38 42 57 72 73 74 75 82 83 92 93 94 95:35730:54 77 285 254 113 94 110 473 1384 876 8052 17720 489 4280 1469
36 38 72 73 74 80 92 94 95:23032:232 190 179 101 283 1365 14254 5456 972
80 92 94 95:11552:10517 522 227 286
92 94 95:2975:2620 105 250
38 74 92 94 95:5357:368 79 3396 1163 351
47 92 94 95 96:7567:60 4792 1986 183 546
42 46 74 92 93 94 95:8971:330 150 14 5906 316 1444 811
92 94 95:8118:5366 1747 1005
83:1027:1027
92 95:1553:1321 232
57 72 83 92:6322:1040 108 3081 2093
36 92:1420:58 1362
38 92 94 95:3018:200 1941 471 406
72 92 93 94 95:6480:39 5186 190 680 385
4 92 93 94 95:10088:38 7934 335 1632 149
3 36 38 42 73 75 92 93 94 95:21544:15 77 218 506 38 565 15871 205 3486 563
72 74 92 94 95:9416:39 65 5789 2416 1107
72 92 93 94:8870:226 7280 323 1041
92 94 95:5628:4586 606 436
92 94 95:7170:5062 1200 908
72 73 92 93 94 95:6329:39 70 4436 356 724 704
2 72 92 94 95:7024:52 43 4537 1544 848
92 94:4565:4030 535
92 94:3511:2685 826
94:582:582
92 93 95:1141:847 104 190
92 94 95:1085:428 201 456
92 94 95:4847:2865 1733 249
36 38 42 72 74 92 93 94:12844:820 1160 444 1004 30 7080 231 2075
64 82 86:12312:275 2761 9276
36 38 72 73 74 76 92 93 94 95 96:16826:219 211 132 90 488 3766 8207 160 2610 436 507
46 72 82 83 87 88 92 95 99:54468:52 190 41101 1686 4535 217 3316 2969 402
46 74 82 86 87 92 94 95 99:37466:61 173 14262 13977 3802 1809 124 2882 376
63 82 92 95:5413:181 4168 694 370
72 74 83:4009:183 72 3754
63 64 65 66 72 74 75 76 77 80 82 83 85 87 95:41416:3148 2938 4586 1678 1875 212 503 3019 1584 2767 12549 1696 1184 3394 283
82 92:4664:3960 704
42 82 86 92 95 99:8302:329 3295 3543 267 528 340
16 72 73 76 82 89 92 95:9445:39 107 65 1037 5247 953 1017 980
72 82 86:13493:290 3399 9804
76 82 83 86 87 88 92:31698:1162 24636 1771 2530 474 698 427
16 17 72 77 82 83 86 87 88 92 95:38618:312 16 730 27 26108 658 7543 461 739 1343 681
2 46 82 86 87 95:28130:22 97 14316 11367 1924 404
82:2991:2991
26 28 31 53 54 55 56 58 64 72 74 75 76 77 79 82 83 87 88 92:55643:209 195 368 827 236 527 385 694 363 2942 195 756 620 2065 295 39001 1983 1179 1787 1016
26 29 54 56 72 74 82:2154:129 33 327 203 178 472 812
17 38 65 68 72 74 77 82 86 87 92 94 95:58763:9 715 3685 2639 717 360 1102 30818 11826 2538 2671 385 1298
4 47 63 64 65 72 74 76 77 80 82 83 85 86 87 88 89 94 99:94195:12 63 204 278 26 80 193 2682 610 1315 58311 4591 73 18884 3910 1104 1019 148 692
54 56 65 72 75 77 78 80 82 87 89 94:19891:519 202 701 2496 536 649 322 1934 8365 239 3798 130
17 82 83 85 86 87 88 92 94 99:98555:105 70688 3036 439 17916 4006 972 308 446 639
82 86:5576:4142 1434
82 89:2299:976 1323
82 86:4290:777 3513
27 57 72 82 83 86 87 92 94 95 97:100081:43 499 458 66290 1085 25231 4324 782 395 411 563
72 76 77:1244:203 513 528
48 72 73 92 93 94 98:2286:159 41 159 316 103 1016 492
46 48 64 73 92 93 94:1697:169 90 156 171 413 407 291
42 54 93:1165:638 321 206
53 58 65 72 76 77 82 92 94:14773:1782 1395 1310 769 2349 1267 5481 329 91
46 51 73 92 93 94:2819:65 247 38 125 210 2134
48 72 76 92 93 94:2969:97 42 1876 84 435 435
46 72 73 74 82 86 87 92 93 94 95:14338:73 30 89 339 6287 3661 1541 1128 77 826 287
82 86 92 94:8353:6632 1326 186 209
16 82 85:31694:312 30539 843
48 72 82 83 86 87 92 94:34227:19 683 28489 423 3208 248 804 353
63 72 74 82 86 87 92 95:19071:203 451 293 15479 1063 468 812 302
72 76 82 83 86 88:21130:256 473 13375 321 4705 2000
92 94:1257:845 412
46 48 64 72 82 92 93 94 95 97:16088:53 45 174 18 10204 3440 174 834 366 780
82 92 93 94:4248:2116 1572 131 429
16 82 83 87:22588:12 18578 3325 673
65 82 83 85 86 92 93 94 95:35231:1482 26551 1075 92 2116 3188 421 118 188
72 82 83 87 88 92 94:34888:263 18233 10968 1274 172 3769 209
47 72 77 82 83 92:23714:10 143 358 8380 14337 486
83 88:23161:15492 7669
83:5809:5809
88:17462:17462
88:20349:20349
92 94 95:4377:2065 1584 728
38 72 73 74 77 82 83 92 94 95:16769:218 437 78 177 437 1027 7186 5060 1283 866
37 38 46 47 48 64 65 75 82 92 93 94 98:10766:225 467 176 116 80 501 1054 475 518 2914 513 3024 703
50 92:1276:248 1028
46 73 78 93 94:914:129 95 327 268 95
50 92 93 94 96:2757:411 1001 493 388 464
46 48 51 64 72 73 74 77 92 93 94 96 97:9260:156 182 341 220 270 357 145 171 1227 1211 2859 484 1637
63 65 68 72 73 74 76 77 92 94:7563:330 1677 1006 859 219 339 1278 621 552 682
38 65 73 82 92 93 94 96:8416:270 835 50 609 4093 130 1956 473
64 72 92 94 97:1367:130 109 450 169 509
47 48 72 73 82 85 92 93 94 95:7680:53 75 109 140 468 291 3758 390 1938 458
36 46 64 82 92 94 96:6368:269 196 185 1148 2391 1647 532
38 46 47 48 49 64 65 72 73 74 82 92 93 94 96 97:12759:292 56 65 24 366 1072 103 80 193 225 1041 4490 285 2269 476 1722
47 73 74 92 93 94 97:6431:76 45 68 3399 316 2019 508
16 46 50 65 73 74 82 92 94 95:8078:22 123 308 694 118 70 2428 1667 2303 345
46 50 73 74 82 92 93 94 97:6532:25 243 102 137 954 2298 309 1939 525
46 47 64 65 73 74 75 76 82 92 93 94 95 96:11322:80 42 54 1000 202 236 584 761 2138 3813 398 1208 288 518
64 74 82 83 92 94 95:7642:181 24 1933 559 3173 1256 516
66 82:16245:11254 4991
82 92 94 95:10621:4618 4281 684 1038
92 94 95:5617:4191 510 916
92 95:2067:1718 349
92 95:2114:1089 1025
92 94 95:5193:3925 673 595
74 94:357:119 238
73 92 93 94 95:4546:69 1777 545 1329 826
92 94 95:3539:2120 1179 240
46 47 92 93 94 95:2608:41 134 574 132 1505 222
64 92 94 95 99:5226:23 3118 871 955 259
92 94 95:4853:3718 402 733
76 92 94 95:6915:1760 3783 1231 141
38 64 72 74 76 92 94 95:7254:1158 68 180 266 1760 3178 97 547
92 94 95:5535:3902 1487 146
92 94:1653:1326 327
47 92 93 94:4278:222 2950 285 821
92 94 95 99:3590:2553 443 421 173
92 94 95:2065:1276 590 199
92 94 95:3506:2755 415 336
72 76 92 93 94 95:9599:69 1091 4627 157 3213 442
38 64 72 73 74 76 78 92 94 95:10821:314 207 670 252 63 1061 260 5927 1205 862
4 92:263:85 178
72 76 88:1420:559 601 260
3 47 48 82 92 94 95:3384:30 52 67 917 744 1383 191
4 36 74 82 92 94:4437:22 64 15 1556 801 1979
92:237:237
50 51 73 74 82 87 92 93 94 95:9180:306 214 29 481 485 923 2905 1040 2331 466
46 73 74 92 93 94:1893:207 70 49 416 503 648
4 65 72 77 82 83 92 93 94 95:11889:19 279 158 122 374 362 4934 413 4670 558
5 33 54 58 63 64 65 67 72 73 74 75 77 83 88 92 93 94 96 97:19955:1199 358 99 402 582 91 1101 195 1838 150 1858 641 4113 1640 284 1164 398 1891 983 968
72 76:1349:727 622
37 46 48 51 63 64 65 67 72 73 74 78 82 92 93 94 95 96:18125:259 52 100 240 151 476 183 1028 367 45 18 272 1921 6178 359 5234 704 538
16 48 65 82 92 94 95 97:8560:12 109 67 4391 1756 222 910 1093
72 73 92 94 95:15719:60 39 9890 4753 977
92 94 95:1002:247 463 292
92 94:2018:1548 470
92 94 99:2552:1705 676 171
38 92 94 96:3490:124 2189 674 503
73 92 94 95:3688:66 2162 1156 304
92 94 95:2304:1176 929 199
92 94:1085:879 206
92 94:930:742 188
92 94 95:2056:930 974 152
92 94 95:4989:3352 1197 440
46 92 94 95:2097:92 1416 223 366
92 94 95:7688:4554 2757 377
26 63 74 82 83 86 87 92 94 95:35751:7 310 380 11993 6566 11412 897 2804 425 957
36 64 72 74 82 83 87 92 93 94 95 99:16758:205 75 41 172 5465 352 231 6591 106 313 2936 271
82 83 86 95:13626:602 1254 11426 344
63 72 82 83 88 92 94 95:10586:63 150 3211 929 96 4287 469 1381
46 48 63 76 82 83 92 93 94 95:17813:94 56 249 566 4336 3480 3513 175 559 4785
36 64 74 82 83 86 92 94 95 96 97 99:12702:249 124 52 1752 138 1042 4444 1879 1522 488 666 346
46 47 72 73 78 82 86 92 93 94 95 97 100:21961:192 234 101 53 302 2900 800 10589 262 1710 2792 1327 699
36 46 63 64 65 68 72 74 76 77 80 83 89 92 93 94 96:18878:143 51 743 147 352 2061 2328 2221 2293 221 2092 2116 642 957 367 1608 536
16 36 46 47 63 64 72 74 82 87 92 93 94 95 97 99:31803:8 243 105 551 745 330 72 485 5431 1078 11958 362 1314 8229 590 302
38 63 64 72 94 97:4353:134 1144 117 1596 448 914
72 87:593:231 362
38 46 68 73 74 82 83 86 87 92 94 95 97:37406:275 61 1087 20 35 7798 3152 793 929 13954 2730 6015 557
74 92 94:1709:107 1094 508
83:25163:25163
64 92 93 94 96:4764:288 2413 305 1129 629
83:14932:14932
37 46 65 82 83 86 92 93 94 95 97:24678:193 100 395 6337 682 3297 9057 175 1277 2022 1143
92 95 96:2261:1551 192 518
48 92 94:2090:44 1588 458
64 72 92 94:1758:104 13 1430 211
37 46 47 50 64 65 67 72 73 74 77 82 83 92 93 94 95 97 100:19652:207 50 180 326 533 1422 618 1631 444 21 1026 1986 3412 4293 66 1685 597 516 639
38 64 92 94 95:1805:417 750 237 123 278
36 48 64 65 68 72 74 83 92 94:10037:223 61 1591 275 1343 806 1125 2927 1392 294
83:5606:5606
92 94:344:236 108
47 72 74 92:1839:52 52 24 1711
47 72 74 92 93 94:4832:60 52 164 3056 132 1368
46 48 64 72 92 94:2837:96 22 159 25 1959 576
46 73 92 93 94 95:3718:91 58 979 640 1670 280
36 38 46 47 54 56 72 82 83 88 92 93 94 95 97 100:33628:105 38 131 152 443 344 115 10222 443 803 13898 59 1740 2917 1330 888
63 64 65 74 75 78 93 94:4257:1279 257 1299 34 573 520 143 152
2 48 63 67 93 94:2065:34 82 552 618 343 436
48 93:342:89 253
47 64 65 94:756:140 287 263 66
75:1815:1815
46 47 48 63 64 65 66 67 72 75 92 93 94:18767:164 121 80 1718 507 4134 5968 545 332 1995 607 221 2375
38 48 63 76 78 83 92 93 94:7635:328 47 281 2715 1040 1436 410 801 577
63 65 67:5967:2658 2345 964
36 51 63 64 65 66 67 72 73 75 82 92 93 94 95:16462:169 250 1466 971 3105 1926 1669 80 46 1199 1098 955 236 2722 570
46 47 63 64 65 66 67 92 94:9101:81 50 559 646 2364 1642 2085 547 1127
38 46 55 57 63 64 65 67 76 78 83 88 92 93 94:35161:281 57 35 3106 2446 467 5848 5104 1183 706 14041 105 665 100 1017
46 50 63 64 65 66 67 68 69 73 74 76 92 93 94 97 98:18300:45 394 427 456 4300 1328 1356 2942 1768 122 54 1696 1348 137 511 904 512
48 63 65 66 67 72 73 74 75 76 80 92 93 94:16546:80 2316 3282 2832 601 170 169 721 750 2974 805 187 80 1579
63 64 65 66 67 69 70 76 78 92 94:27923:1486 434 2945 4079 449 8498 2514 5584 837 203 894
66 68:7190:5564 1626
57:4229:4229
65 72 73 76:2809:209 419 143 2038
36 38 43 46 48 63 64 65 66 67 68 72 73 75 76 92 93 94:21482:90 298 254 52 344 4763 61 4635 1530 1592 937 363 42 856 2829 1133 889 814
46 47 48 51 56 63 64 65 66 67 68 69 70 72 73 74 76 77 78 80 83 84 88 92 93 94 96:59979:373 123 261 548 148 3968 2258 8344 1700 3223 2198 5140 2429 325 467 914 10184 495 529 6581 177 350 544 3183 964 4051 502
3 36 39 48 50 56 63 64 65 66 67 68 69 70 72 73 74 75 76 77 78 80 85 92 93 94 97:88202:9 826 561 195 408 3285 7747 3934 21610 5251 1925 7588 10024 2605 1232 188 1504 6344 2956 640 2244 2510 126 1703 594 1559 634
36 48 51 65 73 94:1822:713 92 266 569 32 150
36 46 48 50 63 64 65 66 67 68 69 70 72 74 75 76 78 82 83 88 92 93 94 96 97 98:84026:628 409 159 925 6473 2946 19216 9700 1706 3770 3226 2994 340 806 1705 1172 1033 3529 3420 5866 2046 589 7993 1443 840 1092
3 36 46 47 48 49 57 63 64 65 66 67 68 69 70 72 73 74 75 76 77 82 83 92 93 94 95 96 97:91299:81 365 349 21 281 258 1550 6591 2167 22442 5951 603 2285 4439 16013 1303 83 303 570 5290 426 1340 4198 4107 451 6735 818 1660 619
38 46 48 63 64 65 66 67 68 69 72 73 74 75 76 80 83 92 93 94 95 96 97:69347:616 106 104 8149 3348 10342 7706 2716 1044 5496 75 404 781 2283 4595 3123 4774 4629 240 4516 1097 994 2209
36 46 57 63 65 66 67 69 72 73 74 76 80 82 92 93 94 95 97 98:61935:231 51 6611 4148 9334 4248 604 4390 342 111 110 1587 3735 16143 2682 922 2855 1098 1248 1485
46 63 64 75 92 94:2793:47 1053 93 1299 159 142
14 48 63 64 65 72 74 76 78 85 88 92 93 94 96:14879:150 207 1162 1318 2272 471 34 4335 300 580 508 912 285 1829 516
65 67 78 80:8461:528 965 1166 5802
48 64 65 72 73 76 82 83 92 93 94:17721:140 400 536 185 79 566 10469 966 1669 615 2096
64 65 67 93:4623:504 560 3494 65
46 48:109:40 69
93:80:80
92:1131:1131
64 66 93 94 96:3609:162 2264 293 221 669
36 92 94:730:208 125 397
72:424:424
37 46 48 50 72 73 74 92 93 94 95 96:11545:333 68 88 238 106 89 46 4148 546 4050 1285 548
76:843:843
48 78 93 94 96:1515:120 393 238 150 614
36 46 47 48 73 74 92 93 94 95 96 97:14929:238 128 64 423 153 451 4785 527 4367 1093 747 1953
73 74 92 94:2447:70 44 1669 664
46 64 73 74 92 93 94 95 96:9952:152 84 89 45 4937 443 3078 410 714
57 65 94:1372:293 612 467
47:135:135
46 73 92 95:989:177 41 597 174
92 94 96:3235:989 1671 575
46 63 65 92 93 94:3155:241 798 216 368 237 1295
63 64 67 82 92 94:4126:431 430 244 1325 707 989
36 47 48 65 72 73 74 75 82 88 92 93 94 97:12094:173 150 145 126 530 323 489 684 602 513 2630 153 4883 693
38 46 72 74 82 92 94 95 97:6240:202 314 474 55 713 2319 395 351 1417
46 47 48 50 63 74 92 93 94 95 96:12165:179 70 37 303 373 189 4030 1041 4302 501 1140
46 48 73 74 92 94 95:4934:124 143 56 100 2755 1343 413
46 63 64 72 74 80 92 94:6045:259 322 1457 27 129 836 1315 1700
36 48 65 72 73 74 92 93 94 97:8195:73 151 92 50 47 266 1719 1127 2732 1938
65 94:614:264 350
38 46 72 82 88 92 93 94 96 97 98:15683:249 106 233 5951 364 3686 285 2577 1002 705 525
72 92 93 94 98:2894:183 1677 219 329 486
46 48 51 64 92 93 94 95:4552:190 47 272 435 2385 229 590 404
92 94 97:1628:418 507 703
16 49 63 74 82 92 94 97:13290:14 333 361 342 5110 4064 1097 1969
38 55 63 64 65 74 82 92 93 94 98:4977:274 45 381 368 420 52 1275 885 179 447 651
36 40 55 65 72 73 74 75 76 82 88 92 93 94 95 99:14147:193 1052 142 35 104 139 304 630 831 3599 924 2527 318 2339 693 317
2 3 48 49 65 72 73 74 77 82 87 92 93 94 95 97:35985:35 115 34 375 243 214 42 150 275 25845 476 3037 244 2055 1513 1332
92 94:1046:724 322
82 92 94:3316:336 2019 961
92 94 95:1575:1199 177 199
36 74 82 92 94 95 99:7168:343 201 613 3185 1893 578 355
38 47 72 73 74 76 82 83 85 87 92 93 94 95:27632:448 68 14 184 389 739 12185 80 80 764 5994 424 2172 4091
92 94:1236:1079 157
48 72 74 82 86 87 88 89 92 94 95:26879:18 797 192 11616 2508 1750 240 331 5323 1516 2588
16 72 82 86 87 92 94 95:15629:35 823 10382 581 748 2221 147 692
46 47 51 53 64 74 77 82 87 92 94 95 97:19401:38 46 536 435 347 138 49 10013 1179 4459 564 1088 509
38 46 65 73 74 75 76 82 83 86 92 93 95:20928:15 42 273 92 100 1172 850 11370 392 1980 3448 414 780
92 94:808:589 219
47 82 88 92 94 95 97:7408:44 317 824 3256 891 897 1179
38 63 64 65 72 74 75 76 77 82 92 94 95:12066:481 1659 273 184 559 198 556 5568 255 1638 223 242 230
63 65 82 87 92 94 95 99:9756:310 310 5150 939 815 538 1125 569
36 38 64 65 72 76 77 82 87 92 94 95:15952:186 265 325 642 212 1338 217 3919 1177 5112 551 2008
43 74 82 86 87 92 94 95:17181:250 76 4184 2800 675 4669 2877 1650
42 46 77 82 83 92 94 95:11389:322 38 538 2253 546 4823 796 2073
20 47 63 72 76 82 92 94 95 96 97:13226:23 161 738 657 590 3447 3431 483 2466 713 517
82 86 87 89 92 94 95:13408:7983 1956 512 391 1663 92 811
72 86 92 94 95:2364:95 1110 588 267 304
3 28 34 38 47 58 65 72 74 77 82 86 87 89 92 95:15599:121 687 41 200 59 212 360 718 381 976 4383 3528 257 343 2285 1048
48 55 65 67 72 74 75 76 80 82 83 88 92 94 95:18656:36 1042 83 319 2333 1569 734 574 3009 5436 165 453 1802 745 356
19 38 64 65 82 86 92 94 95:16130:44 341 216 82 6243 5119 2517 464 1104
63 72 74 82 87 88 92 94 95 96:5000:109 189 82 916 464 101 1506 410 745 478
38 46 64 65 72 73 74 77 82 83 86 87 88 92 93 94 95 97:27695:958 264 47 252 472 126 715 289 4887 814 5786 909 289 8045 269 1522 1371 680
38 48 72 76 82 86 87 90 91 92 93 94 95 97:15843:7 36 34 570 1079 1505 661 224 605 6443 130 1295 2722 532
4 38 47 72 82 87 88 92 94 95:13873:132 332 108 324 1637 528 447 6585 194 3586
38 47 57 72 82 86 92 95 97 99:16359:232 72 426 194 3727 1090 6239 3428 503 448
82 86 92 94 95:8572:3446 1626 1883 85 1532
46 94:445:102 343
72 74 82 86 87 89 92 95:17930:339 585 10548 862 442 358 4340 456
47 92 93 94:3052:46 1124 840 1042
76:16822:16822
69:92934:92934
75:20689:20689
4 18 26 29 34 46 54 55 56 57 58 59 61 63 64 65 66 67 72 73 74 75 76 77 78 82 85 92 94 97:53504:410 69 150 90 342 18 803 312 290 414 572 1339 206 4155 6297 5880 1337 2229 5974 141 1371 702 8083 3694 329 6331 207 717 148 894
82 87 95:1684:775 457 452
82 92 95:2235:940 788 507
42 46 48 82 86 87 89 92 94 95 99:45078:901 62 47 22056 9420 1041 346 5990 266 4463 486
3 46 65 72 73 82 83 86 87 92 95:16144:118 90 143 40 277 5477 363 4218 222 3489 1707
82 92 93 94 97:3339:1111 255 357 981 635
36 64 65 82 83 92 93 94 95:9314:97 333 46 540 2233 3373 261 1460 971
92 95:1820:1384 436
88 92 94 95:5303:1071 2393 189 1650
47 65 82 86 87 88 89 92 95 99:8071:101 276 995 1013 1098 449 360 756 2718 305
82 87 92 95 99:4764:2028 405 217 1667 447
38 42 46 72 82 86 87 88 89 92 94 95:17170:65 20 88 30 3980 6389 225 466 843 1565 359 3140
21 36 82 86 87 89 92 95 99:13068:416 164 5057 1400 404 333 3477 1429 388
16 82 83 86 88 92 95:16312:22 10480 623 1150 94 1554 2389
17 38 63 64 72 74 77 82 86 87 92 94 95:22954:16 17 372 80 799 255 482 9843 3420 852 5109 568 1141
38 63 65 72 74 82 83 85 87 92 94 95:37895:149 382 245 175 279 21468 780 212 544 10696 1065 1900
76 82:1536:854 682
16 20 38 46 55 65 82 83 87 92 95:11815:67 229 11 93 49 194 7311 360 278 1384 1839
76 82 86 87 89 92 95:9843:1224 3701 1000 530 355 2137 896
82:1987:1987
30 82 87 92 94 95 99:18842:59 14335 1415 742 365 1575 351
42 49 73 82 85 86 92 93 94 95 96 99:24716:11 271 109 8760 113 2416 5617 68 1347 5008 624 372
38 47 64 72 73 76 80 82 87 92 94 95:34492:319 202 152 141 44 3677 11792 6687 2761 4861 1518 2338
29 65 72 74 76 77 82 87 89 92 95:37298:147 992 1264 161 4041 329 21974 2862 505 2875 2148
38 46 77 82 86 87 88 92 95 97 99:31541:761 77 109 16461 2651 1421 455 4154 4073 542 837
16 36 38 47 72 82 83 86 87 89 92 95 97:39190:9 105 363 123 444 17058 385 8142 937 448 7543 2974 659
38 42 72 73 82 86 87 92 94 95 99:35135:281 42 531 460 18117 3548 479 5114 405 5597 561
38 56 64 72 74 77 82 86 87 88 92 95 97:40700:133 206 281 429 176 657 19107 5624 1192 202 6515 5612 566
42 47 63 74 76 82 92 95 99:10891:334 83 326 277 605 3693 3827 518 1228
82 88 92:6543:5517 538 488
47 73 82 92 95:10777:118 110 7968 1384 1197
64 73 74:921:510 170 241
46 47 64 65 74 77 82 88 92 94 95 99:16779:49 60 222 431 103 148 10179 861 2495 220 1472 539
63:1042:1042
64 65 72 82 83 87 88 89 92 95:17698:363 696 420 8063 1803 540 191 1054 4099 469
38 64 72 82 92 94:3118:179 65 99 1600 895 280
64 72 76 82 92 95:4042:436 234 1130 1071 788 383
82 92 94 95:8656:3912 2159 92 2493
63 65 72 73 82 83 92 94:12922:231 299 504 115 7653 1105 2163 852
38 43 72 82 87 92 95 99:11057:512 441 97 4573 955 2736 1617 126
63 65 86 92 94 96:7784:1243 1430 1652 1024 1422 1013
4 46 64 72 74 76 92 93 94 96 97:6402:104 75 759 219 131 517 484 549 2245 682 637
48 50 51 82 92 94:2044:102 452 261 354 407 468
48 63 64 72 73 74 76 78 92 93 94 95:7375:153 325 122 782 511 83 1277 315 886 403 2192 326
92 93 94:4016:502 1487 2027
36 64 72 73 74 92 93 94 96 97:6092:203 412 57 37 422 1096 735 1869 532 729
93 94 96 97:3150:680 506 464 1500
65 66 69 94:12938:420 9147 3236 135
65 67 69 94:4876:1427 1405 1945 99
46 47 48 49 50 65 92 93 94 97:10818:204 98 82 282 278 679 2470 1134 4474 1117
46 48 51 73 92 93 94:5995:105 48 213 23 1606 797 3203
92:494:494
37 46 48 49 50 51 92 93 94 96 98:6545:117 461 261 321 282 240 823 1319 1552 651 518
46 48 92 93 94 96:5684:100 155 2365 754 1299 1011
47 92 93 94 97:3492:125 579 684 1394 710
93 94:591:269 322
51 72 73 74 88 92 93 94 96 98:7413:215 207 72 174 496 1354 122 2137 746 1890
92 94:698:394 304
38 64 65 76 77 82 87 92 94 95:7299:557 84 360 878 436 1244 525 2345 493 377
46 63 64 72 73 92 94 95:3834:167 523 205 37 141 1385 1093 283
63 64 65 67 80:4932:523 252 712 1032 2413
16 38 47 48 53 56 58 64 65 66 67 72 73 74 75 76 77 78 79 82 83 92 94 95 96:84250:33 355 258 83 3416 687 640 353 901 4050 1245 1244 422 529 1673 20292 1579 262 200 25936 7385 6686 4887 627 507
77:342:342
82 92 94 95 97:8562:5301 1098 179 243 1741
46 92 94:1672:113 1104 455
54 65 67 72 74 77 81 82:9188:229 439 532 516 175 414 3921 2962
86:3354:3354
36 38 46 54 55 56 57 72 73 74 77 92 94 97:8908:312 417 54 343 706 320 794 1369 16 628 1400 1641 333 575
48 67 76 82 83 92 94 95 97:15823:175 379 2119 1357 186 4571 4044 1703 1289
74 82 83 86 92 94 95 96:18903:68 832 3595 6997 4995 1196 665 555
92 94 95 97:3363:1663 137 396 1167
65 82 92 94 95:4339:289 1990 1194 239 627
82:4807:4807
29 64 65 66 69 70 75 76 77 80 88:22410:395 863 2190 1302 1776 7917 2876 1237 527 2460 867
46:80:80
48:93:93
38 54 63 72 73 74 77 82 86 87 88 92 93 94 95:21568:509 24 305 842 181 87 260 4039 5614 1268 482 4914 131 1607 1305
86 87 89 92:5410:3248 1039 902 221
16 72 74 82 92 94:6207:16 179 173 3124 2171 544
36 38 47 65 82 86 87 89 92 94 95 99:26919:110 709 65 133 5963 6535 1695 4162 3441 777 2934 395
38 74 82 86 87 88 89 90 91 92 94 95:36990:74 56 9351 11682 2821 331 1564 2310 889 4751 293 2868
36 38 47 49 72 73 74 82 86 87 89 92 94 95 97 98:28326:95 649 34 252 72 189 222 9707 4322 2658 1350 5550 844 1247 516 619
47 82 86 87 88 89 90 91 92 94 95 96:38719:111 11605 11809 2469 717 1841 598 561 5509 1313 1506 680
63 65 82 92 94 97:5881:278 687 2833 1179 393 511
82:4471:4471
82:23563:23563
82:19372:19372
26 57 63 64 65 69 72 80:20271:496 1257 541 781 1082 1692 1631 12791
65 72 82:5254:1084 277 3893
80:10366:10366
82 84 85 92 93 94 95:4331:837 262 296 1440 144 959 393
29 36 38 72 74 82 86 92 94 95:23188:970 213 341 356 477 3677 10011 5061 1368 714
13 42 48 53 56 65 74 78 82 86 87 92 94 95:18867:49 349 15 2988 2461 1437 328 707 2677 2709 2208 1779 175 985
46 72 82 92 94 95:8656:38 332 6471 1050 228 537
46 64 83 86 92 94:9647:41 240 1759 6437 458 712
47 53 82 92 94 95:4322:55 48 1590 1429 363 837
72 82 83 92 93 94:12923:143 1675 9528 1228 105 244
38 47 72 82 84 86 87 90 91 92 94 95:32835:437 138 504 7322 233 8123 3637 4783 1506 3899 1092 1161
72 77 92 94:1240:173 552 113 402
3 26 29 38 54 56 63 65 66 72 73 74 75 76 77 80 82 86 88 90 92 94 97:98976:117 602 719 152 3020 929 1216 776 3054 3213 167 295 2464 1381 1333 2757 25176 7248 231 36569 2556 2924 2077
48 65 69 74 82 86 87 88 92 93 94 95 96:27457:16 1014 1608 110 4448 1970 986 784 5026 242 9370 1270 613
81:13227:13227
48 55 64 65 72 73 74 75 76 77 82 86 87 92 93 94 95 97:46717:205 263 407 163 172 25 46 678 541 516 9742 20524 6958 2697 162 1894 1041 683
48 64 65 74 82 94 98:3533:245 154 605 13 1547 190 779
16 36 38 42 47 50 56 65 72 73 74 76 82 86 87 92 94 95 96:41415:104 233 327 354 25 241 730 192 265 230 614 676 11985 10679 521 7800 3460 2490 489
92 93:532:379 153
36 47 72 74 82 83 86 87 89 91 92 93 94 95 97:24517:129 135 31 44 1717 168 3816 596 6588 3417 4694 332 655 1662 533
38 47 48 64 74 82 86 87 88 89 92 93 94 95:20506:137 92 14 84 92 6681 4475 1361 375 729 4062 372 1739 293
38 47 65 72 74 75 78 82 83 92 94:4662:379 151 106 571 664 566 359 814 163 531 358
38 63 64 65 72 76 82 86 87 89 92 94 95:32047:589 108 179 114 200 2428 5850 14877 1733 335 4037 387 1210
65 70 76 82:21355:669 3154 782 16750
7 26 54 56 57 63 64 65 72 73 74 76 77 82 85 92 94 96:26324:270 482 2872 261 503 355 506 4269 356 165 454 5753 251 8132 157 377 426 735
38 47 65 82 83 86 87 89 92 94 95 96:25145:111 43 204 5474 1251 7673 1959 1490 5021 816 610 493
2 38 47 51 65 72 73 74 76 82 86 88 90 92 93 94 95:49183:56 314 92 1441 437 429 354 662 1550 3584 5959 183 29655 1135 679 1995 658
47 67 72 82 86 87 92 94 95:24090:78 246 54 11294 3214 2344 3715 1126 2019
54 72 75 84 87 88 92:5709:161 1686 2730 244 232 130 526
46 57 73 74 94:1172:86 216 255 76 539
72 74 82 86 92 93 94 95 96 98:6762:98 21 1735 1008 1511 471 380 371 665 502
72 92 93 94 95 97 99:10141:436 4284 157 1409 2979 566 310
36 74 92 94 95:11293:534 102 6837 2688 1132
38 67 72 92 94 95 97:14332:370 190 109 9232 1570 2261 600
72 74 94:580:220 85 275
74 82 86 87 89 92 94 95:23342:45 3457 10114 1451 1563 4387 692 1633
82 92 95:4394:1517 977 1900
3 47 72 74 82 86 89 92 93 94 95 96 97 99:18676:68 134 138 90 3170 3544 379 5518 369 1367 1920 564 638 777
72 82 94:1618:156 1309 153
82 86 89 92 94 95:17324:1009 11591 1071 3119 111 423
92 93 94 95:3438:1655 207 847 729
86 87 92 95 99:2663:1483 265 308 272 335
73 82 86 92 93 94:3086:66 1446 1025 205 104 240
38 72 82 87 92 94:5863:122 162 2623 535 2114 307
38 72 92 94 95:5082:211 319 3314 1028 210
92 94:4110:3600 510
92 95:1977:1712 265
92 93 94:777:516 112 149
92 93 94:717:382 112 223
38 47 54 55 57 64 65 67 68 70 72 74 76 77 78 82 83 86 92 94:32872:113 60 250 357 104 162 570 1199 2868 2708 988 332 1217 658 263 8886 1159 9332 897 749
69:4726:4726
65 74:741:545 196
36 38 64 65 67 72 74 82 83 92 94 95 96:18998:121 354 15 1674 330 36 293 11335 1308 1594 1062 273 603
42 46 63 67 82 86 87 88 92 93 94 95:11732:352 52 287 670 1987 2176 983 130 3663 111 194 1127
10 12 29 31 38 65 69 72 75 76 77 79 80:42524:8982 69 52 699 104 1563 1635 953 593 1950 4335 482 21107
47 63 69 72 76 78 82:16445:32 1740 2845 259 1611 864 9094
70 97:64120:60779 3341
63 65 72 74 82 92 93 94:11137:562 288 150 236 8381 1071 84 365
20 47 48 63 72 82 86 87 92 94 95 97 100:25971:193 31 61 359 110 14530 1208 1002 3967 73 2962 509 966
3 26 46 47 56 57 58 72 73 78 82 86 87 89 92 94 95 97:28841:94 209 202 200 185 469 1069 266 19 309 6658 3063 1800 541 8171 116 4805 665
40 46 54 72 73 75 76 80 82 87 92 95:14782:717 17 218 851 302 1547 2904 4886 1021 477 881 961
5 16 36 38 42 43 46 56 63 64 65 67 72 74 82 87 92 94 95 97 99 100:35197:278 54 468 453 807 189 75 252 156 235 6047 2166 789 184 11291 2789 4462 596 2259 525 422 700
65 78 92 94:19631:287 18172 1051 121
42 82 86 89 92 94 95 97:19376:244 2899 5167 680 7444 263 1569 1110
9 13 27 42 47 48 67 72 80 82 87 88 92 94 95 97 99:21023:3547 842 49 745 99 186 2040 105 1646 2231 358 1222 2793 174 3552 562 872
63 72 75 76 77 92 95 97 99:10290:50 369 728 637 326 2377 652 530 4621
92 94 95 97 99 100:6573:548 443 1922 1146 1687 827
38 55 92 95 96 97 99 100 101:23392:279 55 1664 6362 611 1743 8300 1856 2522
99:1609:1609
92 94:461:351 110
50 63 72 73 82 87 92 93 94:6206:388 1335 1054 58 1274 452 428 249 968
70 75 92:13181:5097 7915 169
75:245354:245354
76:17431:17431
61 77:1548:1398 150
26 27 28 29 31 53 54 55 56 57 58 63 64 65 67 72 74 76 77 78 80 82 87:216505:286 404 516 220 415 718 5441 2990 3519 679 3140 1067 590 735 1041 1332 839 4205 4480 174670 7669 1089 460
54 63 64 66 72 77 83 92 94 95 97:7357:389 592 26 1440 260 224 1696 630 282 944 874
57 63 64 72 74 75 76 80:6839:748 213 815 385 322 467 1317 2572
26 38 42 53 54 56 58 72 76 77 86 87 89 91 92 94 95 99:48740:154 1098 755 1247 951 1148 94 283 930 834 13246 2085 5800 4904 6496 302 7975 438
38 42 72 82 86 87 89 92 94 95 97 99:43917:1031 656 449 1373 11075 8158 3385 5339 193 9609 1737 912
37 38 94:517:205 195 117
38 40 46 79 80 82 92 95 97 99 100:18898:1107 1520 29 154 4773 5681 841 1879 733 1482 699
36 38 42 43 46 47 54 57 58 63 64 65 72 73 74 77 79 80 82 87 91 92 94 95 97 99:57155:866 4048 2361 374 44 73 149 340 1037 460 20 339 4658 528 2119 1881 403 2004 14311 767 5469 4918 254 8069 1268 395
42 47 60 82 87 92 94 95 97 99 100 101:44975:1727 35 59 2091 485 3707 391 9896 1566 18524 3895 2599
20 38 40 43 56 73 76 80 92 94 95 97 99 100 101:47538:112 703 776 710 86 32 3340 12055 3136 290 5957 4806 11696 1346 2493
38 40 42 47 50 72 75 76 92 94 95 97 99 100 101:50243:1911 719 637 43 451 37 1132 9516 6111 65 9849 3754 12846 728 2444
63 64 65 67 72 75 76 78 80 81 85 92 94:45469:2916 718 2202 1391 32 7640 920 334 26920 1166 346 792 92
30 38 42 43 48 80 92 95 96 97 99 100 101:45483:100 964 10 178 33 1822 5053 5597 727 1779 23824 2169 3227
3 43 92 93 94 95 97 99:9503:92 418 400 80 586 3244 2213 2470
38 65 72 82 83 86 87 89 92 95:7482:131 276 249 560 2584 1894 594 352 280 562
72 74 82 83 92 95:6556:13 259 1533 2574 953 1224
38 77 82 86 87 92 94 95:7339:188 506 669 1169 1769 1927 209 902
38 72 76 82 86 87 89 92 94 95:9910:454 69 530 1183 3342 971 773 1007 413 1168
38 47 57 65 67 77 82 86 87 89 92 94 95 97 99:31335:329 48 13183 193 432 295 1836 3812 228 836 2564 743 1925 587 4324
38 47 86 92 97:3271:144 144 1244 956 783
38 72 82 86 89 92 95 97:8039:632 204 922 2661 373 1276 1423 548
38 54 72 74 80 92 95 97 99:10095:241 27 290 213 1780 643 4022 619 2260
82 92 95 99:5844:1746 1495 2296 307
38 42 43 72 80 92 94 95 97 99 100:14169:260 246 20 178 3474 1477 199 257 1748 4528 1782
50 92 95:1400:550 450 400
43 95 97 99:4192:5 483 521 3183
38 92 95 97 99 100:5942:498 316 1317 628 2398 785
43 92 93 95 97 99 100:9094:20 2185 93 1387 552 3185 1672
38 74 75 76 77 80 92 95 97 99 100:22026:1285 380 745 2824 2619 7384 2265 1315 912 1369 928
3 38 42 49 55 64 68 73 74 76 77 92 94 95 97 99 101:28278:295 1218 1196 254 1621 1032 2273 1678 203 6084 251 4049 1015 3206 1138 395 2370
46 47 49 68 72 73 92 95 99 100:12250:45 50 286 1464 493 155 1787 4254 2964 752
42 72 76 80 92 95 99 100:10487:410 175 926 5169 474 1530 1013 790
75 76 77 92 95 99 100:6198:1196 719 570 485 464 1886 878
21 38 42 47 72 74 75 76 92 95 97 99 100:27658:200 200 1151 124 112 135 2617 1970 3045 9313 1410 6679 702
30 38 43 77 82 92 93 94 95 99 100:26415:126 683 68 303 5639 5534 343 60 7892 5103 664
43 47 74 87 92 94 95 97 99 100:17970:8 57 280 493 3415 667 3185 2523 6606 736
42 47 64 72 75 82 92 94 95 99 100:14027:342 197 161 259 3297 6226 677 1127 191 878 672
26 48 54 56 64 65 67 76 77 92 94 95 99:8216:118 52 656 105 39 34 164 3005 154 666 317 1533 1373
40 42 47 48 76 77 92 95 99:5805:941 753 149 75 1004 160 1100 335 1288
47 92 94 95 96:4166:168 2390 50 952 606
38 76 92 95 97 99:7785:79 481 1367 1887 1124 2847
48 65 82 92 94 95:5757:40 594 465 3388 752 518
36 38 46 47 48 50 64 72 73 80 82 83 86 87 92 93 94 95 96:27280:129 805 113 126 69 240 83 142 104 870 9272 318 2529 289 8031 230 2231 1181 518
3 30 38 46 47 63 64 65 72 74 77 82 83 87 88 92 93 94 95 96 97 100:23713:24 35 156 232 158 78 448 184 87 369 356 2746 264 500 190 10188 581 2660 1667 507 1610 673
92 94 95:1235:476 182 577
74 86 92 94 95 97:5705:444 148 2950 629 1004 530
94:125:125
20 46 73 82 92 93 94 95:5333:67 149 62 3041 860 248 747 159
47 49 54 63 64 65 72 73 74 77 82 83 87 88 92 94 95 97:17391:95 250 663 600 184 1311 1159 60 87 553 3858 803 1362 939 2982 1260 711 514
31 38 46 48 64 65 67 70 72 73 74 76 82 83 88 92 93 94 95:19972:90 265 202 212 243 328 587 2600 242 35 231 530 1424 438 601 4146 1684 4300 1814
94:332:332
48 64 72 82 83 87 92 94 95 97:6926:45 304 53 3000 363 469 608 293 1182 609
4 38 63 82 92 94 95:6694:64 406 942 2418 2158 189 517
17 36 38 54 55 56 57 63 64 65 72 74 75 76 77 78 80 82 83 84 85 86 87 88 92 94:38273:2563 203 263 84 563 449 129 234 617 1149 2852 1592 771 1527 4010 466 1975 4160 81 288 199 12278 559 96 810 355
63 64 66 69 75 77 80 81 94 97:75073:102 170 1279 2500 544 334 2466 66951 131 596
47 63 64 65 66 68 69 70 73 74 76 80 81 88 94:148472:135 1812 289 1254 5150 1659 8872 10776 87 100 27577 14606 75740 109 306
2 48 82 92 94:6989:108 78 5877 545 381
64 65 66 67 68 69 80:33375:380 2855 14999 3377 1534 1776 8454
76:984:984
69:4655:4655
64 65 72 92 94:2738:75 818 102 818 925
65 72 76 93 94 95 97:4331:771 151 1319 543 484 267 796
76 82 94:2040:654 1311 75
48 72 73 82 87 92 93 94 97:5661:50 389 96 1347 248 2008 214 675 634
17 36 38 74 80 82 86 87 91 92 94:34964:91 338 230 23 3878 14201 9618 2894 1679 1653 359
38 41 82 92 95 99 100:8116:353 503 3781 1124 1390 263 702
38 65 72 75 80 82 86 87 92 94 95:21811:229 259 469 527 755 6261 1498 780 6810 669 3554
36 38 46 63 64 65 75 82 86 92 94 95 99:18509:233 197 50 163 166 172 623 5205 846 7361 329 2601 563
36 40 55 72 77 82 86 87 89 91 92 95 99:38660:423 776 12 596 469 9496 6134 459 2753 3057 6174 7160 1151
27 36 38 47 63 72 73 74 77 82 86 87 89 91 92 93 95:53059:106 279 1237 89 175 587 67 281 483 16269 15283 4760 5163 923 4554 436 2367
46 48 72 74 80 82 86 87 89 92 94 95 99:21560:93 153 288 158 5094 2830 1395 465 386 5009 975 4075 639
82:1132:1132
26 63 64 67 72 74 77 80 82 92 94 95 99:13412:346 355 284 267 246 25 2354 817 6784 713 538 285 398
38 47 63 72 79 82 92 94 95:9607:967 42 244 1419 328 556 3090 304 2657
27 38 47 79 82 83 86 92 93 94 95 97:31526:28 288 65 41 13259 367 12194 2190 85 114 2319 576
36 38 47 82 92 94 95:4310:203 722 81 610 1608 263 823
38 76 77 82 87 92 94 95 99:10038:212 2390 32 2546 1390 1574 108 1343 443
6 55 65 82 92 93 94 95:13216:250 261 163 3718 5365 190 617 2652
38 42 64 65 72 74 75 76 77 80 82 83 87 88 91 92 94 95:60589:1193 223 318 188 1755 28 1075 7823 1320 3111 18462 9203 6816 1084 4511 1818 240 1421
26 54 72 92 94 95:2284:90 687 14 938 291 264
19 30 38 47 55 72 82 87 92 94 95 97 99:8500:35 101 278 40 7 121 1844 610 2578 447 1193 591 655
16 26 38 46 47 54 56 72 74 77 82 83 86 89 92 94 95 96 99:32520:28 39 175 132 48 208 93 266 162 1125 14866 803 2585 1205 7590 676 1412 646 461
26 28 34 38 46 53 54 55 57 63 64 67 72 74 76 77 82 86 92 95:30136:920 397 27 1105 56 1529 626 541 337 1470 250 740 3046 1085 2339 4258 1455 8246 1349 360
72:432:432
38 46 82 86 87 92 94 95 97:18030:219 162 8178 2132 537 3306 692 2174 630
36 38 48 55 72 82 83 88 92 93 94 95 97:12814:82 148 91 12 241 4483 223 136 4762 162 595 1243 636
16 38 46 47 65 74 82 83 86 88 92 93 94 95 97:21277:14 158 37 106 150 296 9370 653 1693 651 5176 132 481 1817 543
38 72 74 82 92 94 95:3380:248 400 20 660 1010 402 640
42 43 47 72 82 86 87 92 93 94 95:26422:307 423 104 42 9202 3198 1104 5323 112 1372 5235
47 48 64 74 92 93 94:3620:99 39 167 369 1139 556 1251
74 92:553:55 498
48 64 65 72 73 92 93 94 96 97:6595:101 162 536 31 142 2907 240 1307 616 553
48 82:2173:65 2108
16 82 92 95:5813:20 4222 1380 191
47 57 63 72 73 75 82 86 87 92 93 94 95 96 97:26980:90 328 528 119 120 441 9516 784 291 7578 181 1121 4278 486 1119
30 46 47 74 92 93 94 97:2961:33 87 55 90 685 296 1179 536
92 93 94 95:3569:1879 196 672 822
92:236:236
72:39:39
82 86 87 89:20214:4205 13158 1051 1800
17 74 82 86 87 92 94 95 97:21815:186 132 5330 8167 746 4723 825 1192 514
46 65 82 87 92 94 95 96:7712:73 100 3268 723 1876 630 542 500
17 65 82 86 87 89 92 94 95 97:37741:22 397 27549 4563 464 720 2352 282 798 594
73 82 92 93 94:3726:195 1479 689 824 539
46 73 87 92 94 95 97:7445:172 128 691 3762 1132 928 632
47 73 92 94 95 96:5409:108 43 3654 774 214 616
46 47 48 51 65 72 73 74 75 82 92 93 94 96 97:18237:248 88 229 250 222 119 329 285 507 720 6594 1761 5193 1140 552
46 64 73 92 93 94:3417:103 76 65 1911 444 818
46 48 92 93 94:1331:58 36 676 70 491
46 48 72 74 92 93 94 95:10313:101 32 611 101 4516 845 3747 360
48 64 92 93 94 96:5748:59 75 1556 1118 1961 979
48 72 82 92 93 94:7892:27 974 3566 1935 191 1199
48 63 82 92 94 97:4011:134 139 834 1561 783 560
72 93:372:76 296
48 92 93 94:899:176 392 146 185
46 47 48 73 74 78 92 93 94 96 97 98:10009:40 41 170 220 314 281 951 1496 3338 781 1885 492
48 50 92 93 94:2321:35 665 990 291 340
46 48 73 74 92 93 94 97:9036:230 208 26 120 1880 1435 2999 2138
46 47 48 51 65 92 93 94 96 97:5074:56 225 269 451 78 753 487 599 1613 543
46 63 72 74 82 92 93 94 96 97:11954:116 257 145 354 678 3601 1201 3352 1562 688
73:65:65
46 48 65 72 73 74 92 93 94 97:7633:81 114 157 127 124 72 2401 968 2514 1075
48:35:35
46 48 73 92 93 94 95 97:4529:131 81 49 1625 887 949 266 541
50:2089:2089
36 48:384:329 55
46 47 48 92 93 94:2240:194 32 134 620 965 295
4 46 48 63 64 72 73 74 92 93 94 96 97:13449:229 172 50 249 478 357 94 77 4147 1480 2151 2591 1374
92 94:1274:959 315
64 74 82 83 86 89 92 93 94:34122:265 244 5012 74 26567 740 731 179 310
66:10355:10355
48 65 73 82 92 93 94:2541:72 679 189 426 617 418 140
2 86 89:27697:113 25446 2138
94 96:1446:925 521
46 47 48 51 64 72 73 74 82 86 92 93 94 97:29757:107 84 113 361 48 514 327 75 1877 17625 2745 1989 1003 2889
92 94:1981:681 1300
50 75 92 93 94 96 98:5097:265 462 138 1396 1401 794 641
46 48 64 65 72 73 74 75 92 93 94 96 97 98:17895:240 502 286 137 221 84 163 445 5236 1767 3972 1972 888 1982
46 48 63 72 74 92 93 94 96 97:12531:319 462 203 438 272 4510 1792 2922 1019 594
46 48 73 74 92 93 94:7409:75 61 92 45 3448 1356 2332
94:570:570
36 38 46 48 65 72 73 88 92 93 94 96:7193:108 543 16 53 142 22 225 693 1880 376 1869 1266
46 92 93 94:2953:91 1739 447 676
46 93:285:50 235
93 94:561:290 271
73 74 92 93 94 97:2705:384 41 386 403 699 792
48 73 78 92 93 94:4411:463 100 457 1422 715 1254
48 74 92 93 94 97:1904:46 26 254 210 850 518
82:17153:17153
73 82 92 93 94 95:5182:97 582 1761 400 1782 560
86 92 94:12133:11598 217 318
64 92 93 94 95 97:5308:98 633 509 1580 709 1779
92:446:446
48 93 94 96:1778:115 92 522 1049
46 48 73 92 93 94:3519:53 29 62 1126 606 1643
48 92 93 94 96 97:4300:139 901 942 446 738 1134
94:256:256
36 46 48 64 74 75 92 93 94 96 97 98:9681:796 61 76 20 84 981 1728 1308 3012 558 523 534
72 92 94:838:83 585 170
47 48 74 92 93 94 96 97:3211:49 114 53 648 384 966 474 523
38 48 73 74 92 93 94:3864:374 75 15 72 1371 536 1421
92:271:271
48 94 96:1411:70 693 648
3 4 36 46 47 48 63 64 66 72 73 74 78 82 87 92 93 94 95 97 98:31544:35 31 586 400 54 190 40 368 1972 720 395 509 563 10106 544 5560 1563 3600 553 2808 947
3 4 29 36 38 42 48 63 64 65 67 68 72 74 76 77 80 82 84 86 87 89 92 94 95 97 99:54754:41 108 416 213 1522 791 94 1009 116 1642 369 942 3022 35 1865 1517 2515 18556 199 6337 1541 2930 2843 334 4899 584 314
82 86 87 92 95:43780:20084 20987 1381 863 465
16 72 82 86 87 92 95 99:18605:16 246 3174 9620 988 1322 1184 2055
47 82 86 87 92 95:30241:92 17845 3821 2333 4166 1984
17 38 65 82 86 87 89 92 95 99:27796:175 179 1140 11143 4948 444 393 4636 4345 393
16 82 86 89 92 94 95:19497:17 7605 2160 390 5237 233 3855
82 86 87 92 94 95:23081:6708 7032 1418 4542 72 3309
16 48 82 86 87 89 92 95 99:19412:10 47 6518 4243 758 1260 4219 1997 360
38 63 64 65 72 82 86 87 89 92 94 95:33021:9 510 285 899 49 23111 1322 1285 873 3699 86 893
42 82 83 86 92 95 99:14502:40 4231 394 5882 1604 1894 457
47 82 86 87 89 92 94 95:18083:72 3010 8893 468 788 1739 376 2737
72 92 94 95:2679:255 1309 105 1010
53 58 77 82 83 86 87 89 91 92 95 97 99:49631:65 212 440 19801 61 11589 2427 1556 3686 4822 2691 1932 349
16 72 82 86 92:23548:41 24 12559 10659 265
36 63 64 65 67 68 69 72 76 77:18093:78 4472 1136 5890 780 1381 1835 1099 631 791
63 64 65:5588:2408 542 2638
82 86 87 89 92 95:13772:1941 7077 2309 369 1146 930
16 38 82 86 87 89 92 95:25553:38 285 10255 7995 444 750 4044 1742
16 46 82 86 87 92 95 99:31261:12 76 10413 8001 1965 4942 5552 300
3 38 76 77 82 86 87 89 92 95 99:38054:40 500 526 206 9645 10387 1158 1099 5607 7939 947
82 86 87 92 95 99:8045:3058 926 461 1337 1968 295
2 38 56 63 64 65 66 67 68 72 74 76 80 82 86 87 92 94 95 97:47857:71 104 1997 5957 5240 6944 1787 1345 1715 1572 368 609 5136 7827 2853 660 2114 73 826 659
47 82 86 87 89 92 95 97 99:27464:387 8066 2706 2172 1181 2594 9623 512 223
38 47 55 72 82 83 86 87 89 92 94 95 100:38769:213 75 28 160 12490 395 9094 6272 399 5003 201 3731 708
38 47 72 82 83 86 87 89 92 94 95:42326:335 134 97 18167 791 14392 916 443 3508 227 3316
72 82 83 86 87 89 92 95:33274:100 10925 747 7216 3334 1872 5446 3634
38 72 82 86 87 89 92 95 97 99:41562:979 437 20922 7367 1441 1551 4242 3634 512 477
26 54 56 72 82 92:3917:186 484 79 38 2278 852
26 77 86 92 95:3807:43 35 2802 497 430
4 26 36 37 38 42 49 56 63 64 67 72 76 77 79 80 82 86 87 89 92 95 97:126817:100 368 41 105 1683 29 241 1193 517 328 1076 3246 3080 3681 695 952 60198 31171 1410 4834 8882 2451 536
82:6721:6721
82:154:154
82:18278:18278
77 82 83 86 87 89 92 95 99:17650:598 6875 393 1591 499 820 3558 2466 850
48 64 65 67 72 74 82 86 87 89 92 95:8599:28 593 341 531 242 352 2532 1090 987 335 1197 371
4 46 48 72 74 82 83 86 87 89 92 94 95 99:44755:50 58 63 467 199 21505 783 3232 2335 732 9710 77 5164 380
82 86 87 91 92 95 97 99:42897:15515 3116 1412 3554 10088 8298 634 280
42 72 82 83 86 89 92 94 95:22265:368 366 9618 788 4207 459 2823 178 3458
82 86 87 89 92 95 99:5756:1480 1007 458 392 1036 1095 288
82 92 95:1646:468 215 963
38 72 82 83 86 87 92 94 95 99:32582:138 352 11728 6473 6656 4478 1218 185 896 458
82:8918:8918
64 80:1300:235 1065
36 63 64 65 66 67 68 72 75 77:25283:394 5238 1428 9011 1366 2166 2144 346 1389 1801
65 72 82 83 92 95 97 100:9123:518 326 3907 961 2008 260 512 631
76 82 92 95:14949:941 11974 1753 281
64 72:468:335 133
63 76:3044:254 2790
63 65 66 72 92:5321:912 830 2039 436 1104
4 36 38 55 56 63 64 65 66 67 69 70 72 73 76 77:63680:75 275 525 106 450 8756 2058 15088 10346 5048 5004 9025 3765 128 2334 697
82 86 92:4262:578 3076 608
63 65 66 67 82 86 87 89 92 94 95 97:29811:856 1572 1364 490 10074 5586 227 1378 6354 291 682 937
38 46 48 76 82 83 86 87 88 92 94 95 97:54348:207 50 12 1142 33365 1740 1131 468 1062 9918 621 3973 659
3 65 72 82 83 87 88 92 93 94 95:11743:71 736 211 2911 254 721 276 4550 65 573 1375
5 28 31 34 46 47 53 54 56 58 63 64 65 66 67 68 70 72 76 77 78 80 86 92 97:52247:277 1153 427 2709 171 65 4522 486 696 247 3911 1883 9402 2641 4772 983 2342 2136 4856 562 644 5944 357 558 503
82 92:1328:903 425
16 36 46 47 55 82 83 87 88 92 95:19196:5 126 64 140 18 13791 156 950 612 2558 776
42 82 83 92 95:9315:85 3061 307 4020 1842
65 82 92:13337:574 12150 613
46 72 82 83 86 92 95:31074:4 40 9573 5628 14914 496 419
34 46 58 65 67 68 72 73 76 77 78 80 82 83 88 97:16303:69 51 730 2867 1413 1057 1098 135 665 1359 316 1167 4394 90 141 751
83:838:838
16 46 64 65 76 82 86 92 93 94 95 96 97:34422:3 76 336 764 1299 19143 9482 862 584 159 569 509 636
40 82 86 89 92 94 95:13300:689 2039 5700 4015 339 200 318
48 82:876:37 839
31 36 64 65 72 74 82 88 92 93 94 95 96:10552:41 197 541 290 55 56 4407 509 1837 434 1152 433 600
17 72 86 92:56053:136 43 55800 74
75 92 94:1976:1009 838 129
38 63 64 73 74 76 92 94 95 97:3919:83 499 254 39 79 475 548 979 458 505
38 48 72 92 93 94 96:6278:255 49 68 3758 162 1465 521
17 86 92 94 95 97 99:36803:138 22946 7813 328 3594 1044 940
92 95 99:8863:3287 5038 538
64 72 92 94 95:6097:54 110 4312 1188 433
92:961:961
94:201:201
92 95:1536:754 782
92 94 95 99 100:8407:3776 397 2428 1086 720
92 95 99 100:8867:2948 3975 1270 674
2 46 48 73 82 83 92 93 94 95 96 97:10542:129 86 109 53 2673 952 2331 846 1782 498 507 576
92 94 95 97 99:25511:6992 407 11647 3654 2811
92 94 95 96 97 99 100:20113:5676 197 8919 480 1153 3010 678
82 87 92 93 94 95:12192:6519 441 3260 153 1131 688
92 95 97 99 100:22231:7204 9721 1261 2578 1467
83 88 92 95:3634:265 95 2086 1188
92:710:710
47 63 64 67 82 83 87 92 94 95 99:24098:51 431 700 1056 8758 741 702 7597 312 3186 564
16 47 76 82 86 87 89:77498:7 47 899 35400 37894 2497 754
16 72 82:9958:10 275 9673
16 27 38 42 47 54 56 58 63 64 65 66 72 73 74 76 77 82 86 87 92 95 97:44899:30 50 357 292 81 3407 286 1106 2317 776 819 1768 1328 168 334 2429 1298 20850 5744 502 146 278 533
72:405:405
82 95:4869:4234 635
82 91 92 94 95:3749:462 1654 1131 148 354
72 73 82 92 93 94 95 97:6748:188 99 2105 1674 231 1277 592 582
63 80 82 94:4660:88 3215 1263 94
64 76 77 82 86 87 92 94 95:16761:236 593 512 2696 10945 789 479 94 417
3 36 38 47 63 64 65 72 73 74 76 77 78 82 83 84 85 86 87 88 89 92 93 94 95:49167:53 289 593 239 318 597 1102 1904 403 857 1947 645 345 8811 240 927 222 19998 1787 263 663 4888 281 1478 317
16 38 56 82 83 88 92 94 95:9833:10 345 351 3664 578 218 2215 1119 1333
38 92 94 95 100:2169:359 502 415 218 675
38 47 65 74 77 79 82 83 87 92 93 94 95 97:14568:773 130 121 93 2109 62 3744 1094 452 3766 278 1044 385 517
47 50 63 65 88 92 93 94 95:5033:59 226 350 709 826 703 299 968 893
38 47 82 83 92 95:6108:470 73 1149 432 3157 827
92:380:380
36 73 74 76 92 93 94 95 99:6994:94 158 169 498 2515 187 2732 216 425
72 73 74 75 82 88 94 97 98:4781:143 30 390 724 1293 200 670 624 707
82 83 92 95:6610:5204 471 602 333
31 38 82 87 92 94 95:8502:45 36 5089 943 2082 69 238
82 92:4507:4113 394
82:1857:1857
38 47 82 83 92 93 95 97:5431:138 253 553 398 2670 190 712 517
38 46 64 73 82 92 94 95:9346:582 62 409 51 2577 4045 640 980
46 63 64 74 82 92 93 94 95:11184:188 170 664 112 1644 5680 194 1665 867
3 36 38 51 74 82 83 88 92 93 94 95 97:13185:68 157 259 221 17 2370 86 353 5490 200 2444 752 768
46 72 73 74 82 83 86 92 93 94 95:15028:164 411 71 32 1695 354 739 8913 548 1600 501
38 47 64 65 72 82 92 95:4676:11 58 380 282 78 495 3140 232
38 48 49 64 65 67 72 74 82 83 87 92 93 94 95 96:14046:632 36 739 330 1885 532 48 299 1504 366 662 4307 295 1617 321 473
3 26 46 48 54 68 82 87 92 94:10670:87 251 23 48 1404 942 4870 1051 1143 851
46 48:65:30 35
38 46 47 82 86 92 93 94 95 99:30747:20 82 32 15262 8100 5799 320 433 318 381
73 74 76 82 86 87 89 92 93 94 95 97:16078:112 65 683 8410 494 948 367 2074 61 119 1318 1427
38 46 86 92 94 95 99 100:7071:392 120 1864 1323 66 949 429 1928
72 92 94 95 97 99:7462:252 2771 85 2733 1158 463
64 65 92 95 97 100:9965:136 370 4248 2065 2434 712
82 97:4688:3886 802
92 95 97 99:7012:2301 1560 2172 979
92 95 97 100:3802:760 1022 509 1511
49 65 74 92 95 97 99 101:15628:459 150 130 5672 4745 1605 1417 1450
92 93 94 95 97 100:8798:1370 248 326 4839 1246 769
47 77 82 95:3334:63 465 2332 474
47 48 92 95 99 100:9051:34 18 1751 3029 1953 2266
36 38 48 55 57 63 67 72 77 82 92 95 97 99 100:15619:280 610 34 443 371 165 73 141 603 1474 1661 4707 1893 2506 658
92 94 95:1910:425 224 1261
20 65 92 95 96 97 99:8621:169 302 1496 4660 513 525 956
82 83 92 94 95 99 100:20225:7895 5321 1358 122 2669 2223 637
46 92 94 95 97 99:10750:40 1011 164 5400 1134 3001
42 47 92 94 95 97 99 100:16729:638 74 2910 367 3739 2784 5364 853
92 95 97 99 101:9190:935 2051 517 4011 1676
38 92 95 97 99 100:10734:315 4330 3163 1093 1154 679
92 94 95 99:6838:2568 448 3161 661
92 95 99 100 101:5132:283 1763 498 1355 1233
92 94 95 99 100:10180:2213 66 3307 3259 1335
47 92 95 97 99 101:25760:102 3265 6602 1991 11192 2608
38 42 66 76 77 80 92 94 95 97 99 100 101:20710:368 573 3061 1086 452 4609 676 174 2660 892 2319 649 3191
48 50 92 94 95 97 98 99 101:20043:51 245 1355 360 4979 2991 682 7898 1482
92 95 97 99 100 101:14782:365 4872 1618 4608 1424 1895
95 97 99 100:7042:3051 1463 1804 724
95 99:2139:1600 539
92 95 99:3317:326 2274 717
42 73 76 92 95 97 99:24524:294 132 964 6379 7696 2297 6762
38 48 80 92 94 95 99 100:10578:341 45 1540 1629 227 2196 3346 1254
38 46 92 93 94 95 97 99:4923:189 30 526 454 306 1349 1552 517
38 92 94 95 97 98 99:14029:501 3446 96 5525 1723 495 2243
46 47 74 92 94 95 97 99 100:18225:71 65 243 4225 178 4771 2326 5027 1319
42 64 68 77 92 94 95 99 100:15421:542 44 1154 1465 3208 416 2957 2972 2663
92 93 94 95 97 99 100:29891:4627 125 152 8847 2910 9781 3449
46 57 92 94 95 97 99:13267:91 145 2596 111 5468 1085 3771
92 95 99:5276:1403 382 3491
92 94 95 97 99:5992:874 216 1697 1318 1887
4 77 92 95 97 99 100 101:17563:92 444 2931 5717 1165 5271 747 1196
77 92 95 99 101:4869:136 297 2260 1014 1162
92 95 99:6990:1191 2695 3104
92 94 95 97 99 101:12220:2758 114 2664 1828 3523 1333
94 95 99:2643:222 925 1496
46 47 50 92 94 95 97 99 100:14780:25 87 424 1710 88 3964 1175 6633 674
46 92 95 97 99:5467:49 969 1149 550 2750
40 92 95 97 99 100 101:20604:965 1779 6975 611 8218 697 1359
92 95 99:8715:2015 3094 3606
92 95 97 99:5157:1493 1001 526 2137
92 95:1055:340 715
37 38 46 55 64 65 66 72 73 74 76 82 87 88 92 93 94 95 96 97:23702:78 149 180 72 680 1175 3031 2181 552 1409 2888 3937 336 1371 1653 364 1465 127 563 1491
48 74 82 83 92 94:5182:92 204 314 69 3140 1363
19 31 36 46 47 48 49 65 72 73 74 82 83 88 92 93 94 95 96 98:41234:117 185 283 398 353 73 274 229 643 57 571 1530 16707 7896 4189 1079 4454 591 1105 500
46 50 64 82 92 93 94:6655:188 260 108 1404 759 1917 2019
48 57 63 64 65 72 73 74 75 76 78 83 85 87 92 93 94:15832:51 307 525 510 130 1323 153 1173 1079 637 268 6399 142 366 1283 215 1271
2 46 47 48 64 65 72 73 74 76 92 93 94 95 96 97:21713:72 428 308 136 813 446 118 178 127 475 7900 1317 6565 281 1484 1065
48 92 93:364:79 131 154
4 92 93 94 95 97 99:4834:11 2300 589 840 295 545 254
46 47 48 64 72 73 82 92 93 94 95 96:29237:507 264 25 478 120 128 4870 8302 1296 11165 1130 952
46 47 48 49 64 65 72 73 74 82 83 88 92 93 94 95 96 97:23086:383 172 196 294 258 270 384 195 383 1800 183 547 7364 857 6690 1012 1501 597
64 65 67 72 73 74 80 83 92 94 97:6298:400 209 393 582 50 32 1082 1530 767 634 619
46 48 49 65 72 73 74 82 92 93 94 95 96:22237:331 124 246 320 265 252 234 3122 6111 710 8041 516 1965
36 46 47 48 64 65 72 73 74 82 92 93 94 95 96 97 98:19312:268 37 667 238 62 52 37 146 72 859 4961 1653 6759 1507 952 563 479
46 48 50 65 69 72 73 78 92 93 94 95 97 99:16245:50 45 231 309 3837 18 104 300 4721 100 4811 422 1089 208
36 46 47 73 74 75 92 93 94 95 96:11686:604 53 565 123 152 597 4280 258 4267 241 546
47 82 92 93 94:4996:165 619 1704 205 2303
36 46 49 64 72 73 74 75 82 92 93 94 95 96 97 98:15934:206 205 242 59 225 98 86 558 565 4586 627 5943 627 811 529 567
65 74 82 92 94 95 99:3904:683 14 558 1286 808 269 286
46 64 65 72 73 74 83 92 93 94 96 97:15760:369 54 398 1333 59 629 169 4566 2723 4461 481 518
36 46 47 49 65 72 73 74 78 85 92 93 94 95 96:18646:275 118 183 314 305 246 92 127 367 181 9293 320 6005 330 490
2 36 46 47 48 72 73 74 82 87 92 93 94 95 96 97 98:20678:32 153 672 53 58 51 303 141 2394 263 7704 658 5481 234 1218 711 552
74 83 92 93:7268:74 6698 326 170
82 92 94 97:9839:8340 275 652 572
82 83 92 94 97:6229:1262 1590 645 164 2568
92 98:1348:647 701
46 49 73 74 92 93 94:4264:288 282 83 240 1101 726 1544
72 73 74 92 93 94 97:9874:73 143 43 5264 554 3184 613
67 68 72 73 78 92 93 94:5075:328 2277 293 100 286 751 555 485
37 46 48 63 64 65 67 74 75 76 82 83 92 94:38360:70 27 101 267 1362 2068 1420 307 710 1393 19829 8139 884 1783
46 48 63 65 67 72 73 74 92 93 94 96:11972:305 56 502 248 474 105 242 129 3217 564 4663 1467
46 51 72 73 74 92 93 94 96:17670:504 447 240 37 330 3421 2039 9453 1199
65 72 73 74 76 78 88 92 94 97:6192:54 803 330 554 1046 380 604 392 1064 965
47 74 76 78 87 92 93 94 96:4377:50 557 500 514 657 335 469 820 475
48 49 64 72 74 92 93 94 97 98:8392:149 315 96 78 92 2632 1462 2578 509 481
46 47 48 50 51 65 72 73 74 75 92 93 94 95 96 97:24473:183 54 370 250 792 163 308 459 247 456 5690 2314 11213 667 477 830
46 47 48 67 72 73 74 75 83 88 92 93 94 95 96 98:26547:220 130 245 95 119 197 110 628 10797 2886 3420 1332 5009 312 544 503
41 46 48 50 63 72 73 74 76 92 93 94 97 98:15612:650 200 38 272 31 41 192 309 767 5144 904 5442 1097 525
47 50 72 73 74 82 92 93 94 97:15113:52 335 89 131 85 2841 3392 1111 5476 1601
4 48 51 65 72 73 74 77 92 93 94 96:9527:23 183 426 28 528 277 128 179 1392 707 4581 1075
46 48 72 73 74 92 93 94 97:10740:160 123 47 62 276 3834 1183 4397 658
47 93 94:12552:30 45 12477
64 66 72 97:7473:438 6304 119 612
92 94:3065:223 2842
48 94:3970:60 3910
92 93 94:5134:60 52 5022
93 94:5549:109 5440
46 93 94:3834:53 206 3575
93 94:1730:151 1579
94:1190:1190
94:680:680
94:425:425
74 93 94:2848:20 108 2720
94:1870:1870
94:850:850
93 94:659:64 595
94:680:680
48 74 93 94:2774:72 60 120 2522
94:2380:2380
94:1360:1360
94:1970:1970
48 74 94:3877:35 72 3770
94:1682:1682
92 94:1920:390 1530
46 72 92 93 94:3426:77 13 96 83 3157
72 92 94:2785:40 365 2380
94:595:595
94:2635:2635
94:1700:1700
46 94:1151:11 1140
94:425:425
46 48 73 74 75 76 82 92 93 94 95 96 97:23434:292 306 288 65 932 1896 884 8856 1762 5212 758 1169 1014
94:1484:1484
74 76 82 92 93 94 95:6926:148 1113 821 2335 244 1921 344
46 50 73 82 83 87 92 93 94:9745:389 261 127 2708 370 386 1824 449 3231
46 47 48 64 65 73 92 93 94 97:8353:342 90 77 748 422 55 3156 1244 1712 507
46 94:221:76 145
4 46 47 64 65 73 74 82 92 93 94 96 97:8886:46 143 56 18 76 77 51 422 2794 385 2955 605 1258
2 38 46 48 72 73 92 93 94 95 97:9203:26 213 95 206 15 107 3324 1698 1954 1032 533
47 65 92 94 96 97:3775:50 945 547 1204 520 509
48 92 93 94:2063:148 989 296 630
94:1105:1105
94:1445:1445
36 46 51 63 64 65 67 73 74 75 77 78 80 82 92 94 96 97:20971:148 285 1203 695 909 1096 429 117 523 1203 2971 555 4071 1917 1477 812 1250 1310
72 73 92 93 94 95:7176:133 42 3498 353 2873 277
47 72 92 93 94:8448:173 367 4891 542 2475
94:233:233
46 92 93 94 97:2787:85 771 242 958 731
38 46 72 92 93 94:7366:348 47 58 3790 154 2969
72:433:433
94:248:248
47 72 92 94 95:1425:49 209 861 223 83
46 48 49 63 65 67 74 78 80 92 93 94 95:8158:143 68 262 352 609 327 195 355 1345 1444 308 2204 546
92 94:532:340 192
74 82 92 94 95:3445:243 1012 1546 285 359
46 47 72 76 82 92 93 94 95 99:8659:50 30 110 601 295 4932 152 1829 298 362
46 47 63 64 72 73 74 82 87 92 93 94 95 96 98 99:17637:55 102 354 366 356 145 15 1465 1657 6150 566 3110 1508 958 603 227
31 36 37 38 46 47 48 64 65 72 73 74 75 77 82 83 88 92 93 94 95 98:30730:71 628 120 251 54 973 141 1194 817 779 571 576 2710 316 3274 93 110 7689 1102 8512 259 490
2 36 38 46 48 50 51 64 65 72 73 74 76 82 83 92 93 94 95 97:24187:24 108 552 351 320 226 437 86 138 232 636 289 716 4323 167 7208 1042 5723 1085 524
47 63 72 73 74 77 82 92 93 94 95 96 97:23132:566 677 45 168 194 201 1730 10844 1037 6346 216 546 562
3 4 36 37 46 47 48 50 51 64 65 72 73 74 75 82 85 88 92 93 94 95 96 97:38034:100 34 218 82 230 204 235 761 516 255 303 434 875 365 787 1943 116 310 12293 2806 12788 762 993 624
36 46 47 65 67 72 73 74 76 82 83 88 92 93 94 95 96:50120:329 56 159 72 115 334 72 147 1521 3300 19365 8122 8095 910 5939 1109 475
47 92 93 94 95:3033:133 1208 303 805 584
2 63 64 65 67 68 69 72 74 76 93 94:16360:37 2814 1001 1702 366 3020 2830 589 209 2967 563 262
65 75 76 78 92 94:3842:512 1071 644 487 761 367
67 83 92 93 94:3391:368 549 1702 145 627
46 47 48 49 67 72 92 93 94 95 96:9743:178 28 49 268 497 292 3715 818 3082 341 475
46 47 64 65 74 82 87 88 92 93 94 95 96 97:16848:74 311 428 65 43 603 667 240 6965 803 3461 275 1081 1832
4 38 46 47 51 63 65 72 74 82 92 93 94 95 96:15336:96 446 258 220 350 45 698 389 32 459 4906 829 5510 599 499
36 38 46 48 49 64 72 73 74 82 87 92 93 94 95 96 97:15831:89 291 83 62 306 255 24 71 174 993 320 7516 794 3035 527 605 686
46 47 51 63 64 72 73 74 76 82 92 93 94 96 97:25938:141 308 392 320 429 574 241 194 1697 3352 6925 795 7892 569 2109
72 75 92 94:1812:443 589 361 419
46 63 92 94 99:2183:108 333 454 695 593
38 73 74 92 93 94 95:3585:229 100 437 744 58 1734 283
38 47 72 82 92 94 95 97:8539:116 167 298 1974 1321 511 3581 571
47 93 94 96:827:49 178 96 504
68 70 75 82 86:17295:1581 3470 902 11267 75
47 48 65 72 92 93 94:5059:65 54 275 87 2542 251 1785
92 94:1026:539 487
64 82 92 94 95:2982:64 425 1407 802 284
36 38 48 49 64 92 94 95 97:7484:201 307 146 259 232 3170 225 629 2315
46 64 92 95 97:8487:67 239 3131 2586 2464
63 64 92 94 95:4686:328 303 2772 94 1189
72 92 94:1451:559 489 403
64 72:2133:850 1283
36 65 92 94 95 97 99:9514:242 903 2744 447 3423 1164 591
92 95 97:4314:1974 1767 573
47 92 94 95 97 100:9675:48 4260 572 3590 550 655
38 48 64 65 92 95 97 99:6746:350 150 742 106 3622 652 571 553
36 64 72 92 95 97:6833:237 474 134 3153 1217 1618
36 67 73 74 92:1632:387 474 206 109 456
2 38 44 48 63 64 65 72 76 77 80 92 94 95 97 99:12613:26 379 1421 45 58 150 371 99 5638 561 1000 578 175 605 1132 375
99:376:376
74 92 94 95 100:4681:101 1133 86 2477 884
19 36 38 46 47 64 65 66 72 75 76 92 94 95 97 100:13457:141 57 135 45 128 472 452 1523 346 470 1300 3881 908 763 1276 1560
2 4 36 40 47 65 68 72 80 82 92 94:26846:55 81 100 1263 39 153 943 60 1452 21630 630 440
36 43 47 48 50 63 65 72 74 75 77 80 92 94 97:9539:178 1395 124 45 398 344 468 530 56 1298 271 1085 2456 203 688
66:1525:1525
80 94:1844:1658 186
46 66 92 93 94:4960:75 3203 1211 162 309
64 74 92 93 94 95:3999:59 102 1750 68 1760 260
49 92 93 94:1936:262 1097 190 387
93 94 96:897:115 99 683
94:240:240
46 63 67 72 73 76 94 95 97 99:6519:26 1045 287 196 62 1800 644 791 1019 649
36 46 63 72 84 92 93 94 95 97:4477:136 119 393 450 480 775 555 556 467 546
38 48 51 92 93 94:3382:223 97 206 1692 136 1028
92 95 97 99:6542:2852 809 1658 1223
92 94:668:509 159
40 46 92 93 94 95 97:5337:1115 136 1786 239 577 819 665
92 93 94 95 97 99:5931:2152 94 138 1230 1059 1258
31 47 48 92 94 95 97 99:4960:102 50 94 1773 1181 631 684 445
93:142:142
92:60:60
46 93 94 97:1304:41 308 409 546
92 94:521:196 325
38 46 47 93 94 95 97:4221:555 80 45 112 687 649 2093
92:233:233
92 99:983:379 604
83:524:524
48 64 94:380:104 123 153
46 64 72 73 76 77 92 95 97 99 100 101:24270:36 76 158 126 13919 397 2049 2147 723 1392 768 2479
47 48 49 92 95 99:7213:68 38 557 2387 3859 304
47 73 92 94 96 97 100:4859:37 117 1014 212 2142 588 749
46 47 48 92 94 95 97 99 100:7277:83 187 60 2246 499 1266 539 843 1554
92:805:805
92 94:243:112 131
46 51 92:2673:41 359 2273
47 92 94 95 97 99:5117:55 1570 95 1767 561 1069
95 97 99 100:5880:4263 509 414 694
73 92 95 97:1526:91 420 395 620
77 92 94 95 97 99 100:17129:109 7692 375 5314 614 976 2049
92 95:1792:1339 453
92 94:790:382 408
92 97:1482:756 726
92 95 97 99:7253:748 214 609 5682
92 95:526:394 132
92 93 94 95:2125:1078 153 697 197
92 93 94 95 98:4127:1896 272 831 606 522
92 93 94 95:4878:4163 208 178 329
46 92 93 95 99:3808:112 2176 365 662 493
92:1098:1098
46 48 73 92 93 96:2595:15 29 39 1466 522 524
49 92 93 94 97:3838:1049 499 1059 726 505
92 94 97:4820:3896 411 513
46 48 92 94:2173:16 11 2016 130
46 72 74 82 92 93 94 95:4823:47 307 366 1434 1331 142 859 337
46 92 93 95:2967:133 1624 96 1114
80 92 95:3310:2483 531 296
46 72 74 76 86 92 93 94 95 97:9834:118 81 55 1954 800 3054 1490 899 799 584
46 66 92 93 95 97 99:15249:58 5275 5358 270 1804 2096 388
40 48 65 80 92 95 97 99:12883:1139 38 95 8460 1081 494 506 1070
47 64 92 95 97 99:10683:73 51 3008 3551 2076 1924
46 47 63 81 92 94 95 97 99:13287:187 42 1302 1276 2618 119 3444 571 3728
38 42 48 92 94 95 97:4604:936 591 36 851 82 775 1333
46 72 74 77 92 95 97 99:6219:60 337 263 80 247 3498 1075 659
46 72 92 95 97:3165:139 88 1452 781 705
21 46 48 65 76 92 94 95 97:8488:57 172 33 312 2239 2744 439 607 1885
40 46 48 51 76 92 94 95 96 97 99 101:11425:821 30 61 249 944 2480 446 1977 543 538 629 2707
46 92 94 95:5746:78 3441 601 1626
69 92:2180:1928 252
77 92 94 95 97 100:6570:119 3128 151 1409 581 1182
47 92:1040:146 894
48 77 92:3968:66 698 3204
92 95:2324:2086 238
92 94 95:712:401 112 199
46 92 94:863:95 646 122
92 93 97:1283:246 190 847
46 48 92 94:1521:101 18 882 520
46 47 63 73 92 94 95 97:3980:18 60 284 97 1783 120 408 1210
92:923:923
44 70 72 92 93 94 95 97:10160:1842 2993 83 1932 149 1468 613 1080
47 78 92 94 97:4606:112 262 1243 695 2294
47 48 51 72 73 74 92 93 94 95:6839:98 212 615 98 84 65 2976 426 1410 855
47 64 65 92 93 94:1677:76 208 167 483 177 566
3 46 47 48 92 94 95 96:8791:32 83 176 73 4666 1677 1617 467
46 48 92 94:716:29 126 162 399
92:385:385
46 92 94 95 97 99:5115:162 2237 173 1487 545 511
36 46 47 72 76 77 92 93 94 95 97:21379:159 108 36 255 4116 521 5124 121 672 8861 1406
47 64 92 93 94 95 96:3068:38 95 1008 171 378 618 760
64:291:291
92 93 94 95:3549:1613 373 729 834
46 48 92 94:643:94 12 357 180
63 92 94 95:1034:270 259 107 398
95:383:383
46 74 92 94 96:1647:18 83 471 505 570
72 92 94:715:156 315 244
46 48 92 93 94 95 99:5170:106 123 2241 276 895 415 1114
73 92 93 94 99:1567:75 495 174 303 520
65 82 92 93 94 96 97 100:13716:1114 6872 1915 116 1784 533 592 790
46 92 94 95 100:6371:61 4431 144 828 907
46 48 51 72 82 87 92 93 94 95 100:15497:124 52 282 49 8125 947 2355 200 1293 688 1382
96:483:483
46 73 92 94 96 97 98:4904:19 145 636 446 1359 946 1353
46 48 64 73 74 92 93 94 95 98:3230:36 73 103 49 143 977 160 354 508 827
94:76:76
46 48 51 92 93 94 96 97:6260:58 414 1193 1103 690 1730 560 512
48 72 92 94 95:2099:92 135 1013 450 409
46 93 94:1772:30 366 1376
36 47 65 73 92 93 94:1848:73 186 203 82 484 103 717
74 78 94 96:2149:324 484 785 556
38 48 72 73 74 76 78 92 93 94 95 96 97:8316:189 56 295 171 1086 573 299 2571 558 1124 332 535 527
92 94:6680:4954 1726
92 96:1091:562 529
64 92 94:3331:80 826 2425
72 73 74 92 94:3412:429 279 243 1235 1226
72 92 94:972:21 774 177
73 74 92 94 95:5217:6 200 4061 770 180
92 94:2350:1784 566
92 94:651:309 342
47 48 72 92 93 94:3536:80 134 129 1721 749 723
74:276:276
94:273:273
93 94:505:199 306
65 72 73 76 92 94:1638:121 145 60 533 358 421
38 74 92 93 94 95:5892:195 432 2741 161 1915 448
36 47 48 63 64 65 72 73 80 92 93 94 95 97:15298:90 114 110 334 292 1405 1095 98 4145 3809 523 1542 1159 582
47 65 92 94 95 97 99 100:5442:88 353 1268 732 1088 508 523 882
36 72 74 92 95 97 99:7792:19 211 58 3646 2550 529 779
47 48 87 92 94 95 97 99 100:15977:91 34 1278 6133 310 2878 3096 1392 765
92 95 97 99:5834:3167 827 1175 665
72 92 94 95 99:4355:178 641 410 2563 563
4 39 46 48 50 92 94 95:7035:16 1484 32 38 362 3397 379 1327
46 92 93 94 95 99:3363:236 1650 138 531 339 469
38 92 94 95 97:3986:75 1309 800 570 1232
92 94:211:103 108
48 92 94 97:5276:94 3484 1134 564
46 92 95:2395:81 1965 349
47 92 93 94 95:5159:175 3258 302 759 665
92 93 95:1212:485 152 575
36 47 48 92 93 94 95 97:20646:570 105 110 12585 315 3165 1493 2303
30 46 48 92 93 94 95 96 97:15300:55 106 50 9113 860 1881 898 488 1849
3 4 36 82 92 94 95 96 97:23076:142 58 534 10111 6066 2105 844 732 2484
92 95:754:437 317
38 46 47 64 82 87 92 93 94 95 97 99:31070:166 139 28 104 16791 660 5674 359 1034 2091 3036 988
92:391:391
48 92 93 94:1297:62 789 93 353
43 46 47 64 72 74 92 94 95 96 97 99:19953:874 94 60 341 231 184 9680 913 2897 597 2427 1655
47 74 92 93 94 95 97:8237:132 288 3600 245 1058 2393 521
31 46 92 93 94 95 100:9624:83 45 4543 235 2055 1935 728
92 93 94 95:6384:3179 430 389 2386
40 48 72 73 92 94 95 97 99:11746:717 48 13 64 5870 1273 1997 1296 468
38 46 92 94 95:6433:663 85 3724 496 1465
63 80 92 94 95 97:10519:545 5430 2027 222 1518 777
92 94 97:1762:982 222 558
92 94 95:1116:715 78 323
46 92 94 95 97 100:5926:23 2032 166 1636 1239 830
47 48 92 94 97:6565:55 42 4129 695 1644
92:1939:1939
92 94 97:3984:3198 147 639
47 76 92 94 95 97:8594:176 1458 4325 1327 795 513
42 47 65 68 72 76 77 83 87 92 95 97:9598:830 131 330 942 299 1210 205 1009 862 600 2608 572
51 72 92 95 97:4619:244 240 1012 1653 1470
65 92 94 97:2243:525 908 202 608
65 92 93 97:5734:712 1503 162 3357
36 38 48 72 73 74 82 87 88 92 94 95:9085:145 441 199 734 34 310 2339 356 388 3320 132 687
46 47 92:1317:59 165 1093
46 64 72 92 93 94 95 97:4810:131 335 300 1520 94 597 376 1457
92 93 94 95 100:2373:813 70 151 685 654
92:334:334
2 47 92 93 94 95:2336:14 96 865 79 257 1025
50 73 92 95 97 99 100 101:11740:688 156 1901 1395 4514 934 931 1221
46 47 48 72 74 82 92 94 95 96:12249:87 101 239 216 82 4119 4214 1220 1037 934
92 94:2983:2341 642
92:583:583
73 82 83 92 95:3279:39 540 541 1336 823
36 38 47 48 64 65 68 72 73 76 77 82 83 86 87 92 94 95 96 97 99 100:40789:278 219 100 50 297 79 960 59 144 474 986 8508 812 1546 1527 13977 1295 5056 1073 588 664 2097
94 95 99:2791:295 1551 945
47 74 92 94 95 97 99:13214:51 36 3482 293 4451 1990 2911
47 67 72 92 94 95 97:2550:59 446 45 375 519 601 505
47 48 65 72 73 82 92 93 94 95:7960:55 35 216 72 256 749 4307 399 344 1527
3 46 47 64 82 83 88 92 94 95:19355:12 612 341 76 4896 377 520 9894 825 1802
47 72 74 82 92 93 94 95:7782:155 379 44 2113 3893 207 482 509
46 47 82 83 84 85 92 94 95:10964:55 52 2713 1483 344 195 5171 94 857
46 82 92 93 94 95 96:3655:108 615 1576 258 283 221 594
73 77 82 92 93 94 95:17531:36 161 4028 5470 266 93 7477
92 94:487:176 311
47 64 92 95:2889:22 36 2209 622
3 47 74 82 83 86 92 93 94 95 97:33715:12 153 63 11980 1678 470 13804 517 1471 3021 546
46 50 65 82 92 94 95:10186:153 267 162 3962 2445 1076 2121
46 82 83 92 95:5665:70 1008 1827 1744 1016
82 83 92 94 95:17262:10259 1324 4149 1276 254
47 82 83 92 94:4184:55 374 364 2955 436
82 92 94 99:3860:408 2767 284 401
82 83 92 94 95:6646:2973 376 2174 813 310
47 92 94 95:5514:296 4125 289 804
74 76 97:1761:77 1008 676
37 64 82 85 92 95:6703:155 164 1685 324 3644 731
3 6 16 36 38 40 43 47 48 50 54 55 56 57 63 64 65 66 67 68 72 73 74 75 76 77 78 80 82 87 92 94 95 97 100:66841:43 140 39 108 338 961 1165 89 167 606 2080 410 241 1625 1564 2050 6819 1314 1460 2359 4493 526 295 1765 7226 1905 281 10009 7837 4548 1661 263 1176 597 681
82 99:2071:1376 695
20 38 47 74 76 77 80 92 94 95 97 99 100:27915:240 494 25 206 1014 2609 997 5045 416 5810 4463 4949 1647
92:389:389
86 92 95 97 100:10273:1842 1615 2156 2890 1770
46 54 67 80 92 95 97 99 100 101:27287:143 582 1795 9912 2222 4576 3051 1655 1594 1757
73 74 82 92 95:6303:72 72 714 3626 1819
16 38 65 72 77 82 87 92 94 95:15756:15 341 156 72 345 4246 686 6714 340 2841
38 82 92 93 95:6238:26 481 3718 67 1946
82 83 92 94:2762:342 369 153 1898
76 92:1046:743 303
46 82 83 87 92 93 94 95 99:7173:56 1726 289 227 2069 39 856 1298 613
38 42 46 47 48 72 74 76 82 83 86 92 93 94 95:30801:36 301 74 328 175 424 254 1732 6753 984 2904 12589 519 2309 1419
20 82 92 95:4750:57 1225 2115 1353
38 48 51 63 73 74 82 83 88 92 93 94 95 99:17999:202 46 230 754 19 116 2837 367 354 7733 919 3138 767 517
37 46 77 82 92 94 95:7568:71 56 502 2786 2748 661 744
46 47 82 92 94:3616:165 48 832 2394 177
36 47 48 67 74 82 83 88 92 94 95 97:18385:94 43 115 149 12 3508 2276 98 8038 780 2740 532
2 38 46 47 92 94 95:4541:29 44 49 54 3492 607 266
47 72 73 82 92 93:5290:59 59 168 3550 1205 249
82 83 87 92 93 98:2958:535 434 508 916 82 483
16 86 92:26610:4 24500 2106
4 47 64 65 67 72 73 74 82 83 84 92 93 94 95 99 100:47733:64 57 569 359 294 179 12 490 28782 501 204 10252 929 2029 1798 462 752
82 87 92 95:3885:1444 589 1164 688
47 55 72 74 82 92 95:2914:110 141 73 38 1013 1256 283
57 65 72 74 82 92 94 95 97 99:9814:227 133 183 57 1540 4899 993 374 944 464
38 82 92 95:4386:195 1247 2260 684
42 82 87 92 93 94 95 97:14335:262 4527 853 5131 67 1111 1794 590
46 92 94 95:1566:97 1043 164 262
47 83 92 93 94 95 97:3282:105 289 1717 218 216 193 544
64 82 92 94 95:4072:57 2072 852 368 723
82:1844:1844
46 75 82 92 93 94 95:10513:54 1569 2214 4538 328 870 940
72 74 82 83 86 92 93 94 95 99:13758:365 48 2171 1776 764 6372 263 507 952 540
42 72 74 82 83 87 92 94 95:12678:9 345 20 1994 368 370 6310 664 2598
38 54 63 72 74 82 86 92 94 95:13861:52 83 328 279 172 4723 106 5246 319 2553
92 94 95:3099:2360 128 611
82 92:3110:761 2349
36 47 65 92 93 94 95:5296:42 41 191 3519 347 375 781
92 93 94 95:4820:3717 125 596 382
74 92 93 94 95:3579:405 2196 182 490 306
82 92 93 95:6829:3859 2223 120 627
46 48 74 93 94 96:1444:44 262 54 66 183 835
38 46 64 72 92 94:4327:13 138 257 72 2571 1276
82:345:345
64 82 92 94 95 97:7698:50 1780 3633 1054 503 678
73 74 82 88 92 93 94 95 99:33668:237 271 24224 153 5321 222 2044 784 412
47 83 88 92 94 99:4183:59 376 173 2785 429 361
46 47 48 82 83 92 94 95:9591:102 57 184 2306 807 4420 604 1111
82 92 94 95:4612:1119 2706 105 682
4 76 92 95:3591:13 607 2176 795
46 82 92 94 95:5515:80 2882 1969 367 217
82 92 94 95:9173:4027 4802 86 258
72 82 83 92 94:6614:80 1832 414 3542 746
3 26 29 31 38 42 46 47 53 54 56 58 63 64 65 72 73 74 75 76 77 79 80 82 86 92 94 95 97 98 99 100:52469:299 72 214 55 1597 44 153 62 160 2765 1126 2003 669 515 2818 3587 263 291 654 1548 1790 3285 6490 77 4612 3812 114 6766 3009 470 2271 878
97:705:705
76 82 87 92 95 97 99 100 101:13861:556 3798 279 1973 2257 503 528 2135 1832
64 72 75 77 94 97 99:3320:207 181 704 216 76 519 1417
63 69 72 73 80 92 94 95 97:19702:1687 8518 199 87 7133 384 243 191 1260
26 38 40 47 72 73 75 76 77 92 95:6869:595 450 758 109 290 29 684 2701 638 218 397
72 76 77 92 95:4343:342 2336 455 839 371
38 92 95:1928:493 1011 424
31 38 46 57 65 82 87 92 94 95 97:12939:133 380 52 237 360 6267 227 3059 585 1084 555
38 67 72 82 83 92 94:6930:368 636 983 3093 976 717 157
82 92 97:6344:3899 1811 634
63 64 72 75 82 87 92 94 95 97 100:47815:292 710 998 2592 23905 446 13384 180 2924 916 1468
19 72 76 82 83 86 92 95:8630:17 21 1192 2403 1111 765 2339 782
47 92 94 95:1949:35 882 766 266
3 47 72 82 92 93 94 95:8043:6 54 12 939 4406 100 1132 1394
82 92 94 95 97:5742:513 3210 413 912 694
38 92:977:167 810
82 92 94 95 99:5238:544 2646 250 1002 796
47 73 74 82 92 94 95 96 97:13829:66 45 35 2066 6606 768 1839 875 1529
46 74 82 87 92 93 94 95 98:16242:83 746 6917 1043 4792 208 1071 852 530
47 92 94:1197:68 378 751
3 30 36 38 46 47 48 63 64 65 67 72 73 74 76 77 79 80 82 83 92 93 94 95 96:34744:211 35 316 1958 164 125 121 3007 1151 1727 963 2542 446 662 3451 424 498 1010 4658 359 6255 189 2948 797 727
28 38 46 53 58 82 92 93 95:8391:19 309 45 562 95 353 4854 185 1969
4 36 42 46 63 64 65 72 74 77 82 83 86 87 88 92 93 94 95 97 99:36733:10 251 6 68 383 273 114 972 270 3248 8365 212 715 1264 704 14405 72 2026 2083 1017 275
4 38 55 64 65 72 74 77 82 92 94 95:6819:131 528 192 825 145 557 175 92 1111 2067 449 547
38 47 77 82 86 87 88 92 94 95:24304:679 401 71 5942 1215 961 537 10286 1334 2878
82 87 92 94 95 99:7380:2418 539 2528 241 999 655
36 38 46 82 83 87 92 93 94 95:29894:348 690 179 4410 90 284 15899 69 671 7254
3 36 38 42 47 48 65 67 72 73 76 82 83 87 92 93 94 95 97 99:28883:15 498 31 846 55 60 160 268 617 90 641 5355 366 382 14635 62 1020 2805 542 435
77 92 93 95 97 99:7877:193 663 59 2637 1177 3148
38 73 76 82 83 85 92 94 95 97:7158:505 118 531 418 815 123 2561 556 1018 513
3 36 38 47 54 55 63 64 65 67 72 73 74 75 76 77 78 80 82 83 85 87 88 92 93 94 95:57936:52 679 1351 70 512 817 2726 791 887 1820 9200 545 1612 1432 5887 1698 496 1973 12856 41 312 1653 762 8346 79 479 860
57 65 72 77 82 92 94 95:6743:115 251 132 60 630 4287 544 724
38 47 72 74 75 76 82 83 92 94 95 96:19424:371 44 60 302 718 471 1677 89 11111 1237 2648 696
76 82 88 92 94 95 100:12890:643 5584 1040 3532 464 675 952
47 72 74 82 85 87 92 94:4821:52 214 141 1962 143 477 1308 524
82 92 93 94:1507:186 731 483 107
38 47 72 74 82 87 92 94 95:8094:120 136 345 42 749 253 4867 1214 368
36 46 47 49 72 74 82 86 87 92 94 95:23343:201 107 103 308 436 403 5691 753 1279 9833 1624 2605
47 48 73 74 82 86 87 92 94 95:10872:65 131 96 215 2208 941 737 4664 744 1071
38 72 73 82 92 93 94 95 97:20622:24 44 32 5087 8915 1074 1259 3678 509
3 47 65 72 74 82 88 92 93 94 95 99:19876:85 210 158 15 50 3345 1077 11333 258 912 2045 388
47 72 74 86 92 94 95:39343:197 508 45 30178 5996 2044 375
92 94 95:2927:1795 974 158
74 75 92 94:7652:107 1359 3681 2505
92 94:3116:2405 711
47 72 74 92 93 94 95:8105:172 216 171 6015 234 1003 294
46 47 92 93 94:3555:89 133 1970 194 1169
47 74 92 94:1519:78 38 1174 229
46 92 93 94 95:3377:129 2591 73 431 153
39 63 65 74 78 93 94:5704:1561 2175 720 362 542 152 192
38 65 75 80 82 92 94 95 99:8405:574 451 1230 1381 361 2414 599 769 626
36 38 42 63 72 74 85 92 95:3282:223 488 133 688 109 212 360 660 409
64 65 82 92 94 95:7769:455 1355 635 4395 265 664
63 65 82 92 95:3450:248 1583 743 621 255
38 42 83 92 94 95:3397:235 342 390 1809 161 460
92 95:966:740 226
46 47 74 76 82 92 94 95 97 99:8909:50 71 192 672 1613 3939 836 417 571 548
92 94 95:4971:2852 1153 966
65 92:426:254 172
3 36 38 46 47 54 56 57 63 72 74 75 77 82 83 92 93 94 95:42695:59 184 89 102 110 88 223 276 288 1152 807 544 308 15904 360 15647 214 3072 3268
27 46 63 64 65 72 74 82 84 92 94 95:19220:46 182 230 1456 781 255 523 6510 202 6844 854 1337
36 38 63 64 65 72 74 76 80 82 83 88 92 94 95:13373:173 560 41 444 1781 36 619 4432 839 2751 260 98 823 312 204
63 64 65 67 74 75 76 78:9563:898 239 3246 2159 798 1385 481 357
4 65 73 74 82 92 94 95 96:12252:37 292 68 224 2622 6725 478 1254 552
46 47 57 64 65 67 72 74 76 77 82 92 94 95:14766:106 29 172 747 1489 527 255 98 2266 160 5312 2517 785 303
65 77 92 97:1319:296 79 295 649
46 63 65 73 76 80 82 83 92 94 95:17428:96 609 1400 61 665 3153 5831 1113 3602 514 384
38 42 48 64 65 72 74 82 92 93 94 95:34232:412 149 24 865 842 97 105 20231 6543 118 1807 3039
82 92 94 95:4224:555 2639 190 840
72 74 82 92 93 94 95:26809:243 91 17125 6406 169 2047 728
2 46 48 64 68 82 88 92 94 95 97:9194:38 409 337 202 1409 732 116 2646 1644 1075 586
38 47 50 82 92 93 94 95 96:14091:258 230 279 1421 7284 211 1658 1257 1493
29 47 54 72 73 82 83 92 94 95:8879:231 54 568 450 55 116 1176 4848 528 853
38 46 47 72 82 83 92:12272:298 99 41 208 10507 311 808
36 47 74 82 92 94 97:11470:509 57 422 4663 3651 676 1492
50 51 64 65 67 72 73 76 82 83 88 92 93 94 97:22204:397 314 33 659 478 635 24 2479 8995 579 208 3552 119 3118 614
46 47 73 82 92 94:3763:111 57 70 816 1476 1233
47 73 92 94:2437:72 92 213 2060
85 92 94:3618:60 2396 1162
46 48 49 73 74 82 92 93 94 95 96 97:15484:64 345 303 86 477 2808 3998 860 5080 456 504 503
93 94:642:125 517
36 38 48 63 65 72 73 74 75 76 77 92 93 94:11678:256 227 96 3027 598 35 48 190 737 3531 308 676 393 1556
46 65 72 73 74 82 88 92 93 94:12610:209 240 449 114 255 3901 243 3844 489 2866
46 48 65 73 75 82 92 93 94 95 97:8043:153 117 613 123 450 1097 2143 221 1794 685 647
46 48 63 65 73 92 93 94:6010:123 94 860 53 14 3263 533 1070
46 47 72 82 92 94 95:6101:41 101 40 1252 2110 2130 427
17 29 73 74 80 86 92 94 98:22394:6 1347 149 216 11082 7555 619 946 474
76:11927:11927
38 46 57 65 66 72 74 75 82 83 88 92 94 100:27146:225 58 267 2542 2352 395 438 766 13308 1937 412 2957 771 718
65 82 92 93 94:4236:135 435 1602 126 1938
46 74 82 92 94 97:4833:68 38 452 2763 613 899
46 63 64 65 67 72 74 75 82 83 86 87 92 93 94 96:25921:106 481 1836 487 515 832 99 721 7610 3172 6216 778 553 184 1655 676
46 47 48 55 64 65 74 83 92 94 95:8057:59 58 60 293 567 1873 114 3964 215 628 226
38 63 65 72 74 78 92 94:3590:440 136 781 186 108 447 1378 114
63 73 74 94:1580:965 128 285 202
72 82 92 94:3856:198 1054 2269 335
92:249:249
2 46 82 87 88 92 94 95:7725:47 93 1645 224 128 3206 1146 1236
64 65 94 95:1112:81 131 374 526
49 63 64 82 92 93 94 95 97:13578:317 390 250 1248 7140 180 2493 943 617
46 72 74 80 82 83 92 94 95:24050:72 317 27 867 12446 1406 5510 1013 2392
92 94 97:1215:416 218 581
74:292:292
47 67 92:1056:69 395 592
92 94:1197:579 618
47 92 93 94:2728:188 2235 67 238
78:1588:1588
29 54 63 64 65 67 68 72 74 75 76 77 78 80:31389:175 1149 2072 1284 318 974 1045 1564 260 15710 5192 452 267 927
16 36 54 65 72 76 77 80 82 92 95:7946:12 362 717 104 538 606 650 1412 2231 974 340
46 72 74 83 88 92:2056:86 110 52 182 98 1528
65 72 74 76 82 87 92:11352:224 413 44 2986 4300 1599 1786
47 63 65 67 72 75 82 86 87 92 93 94 95:11553:108 434 851 555 117 478 2938 225 1201 3539 126 465 516
38 46 48 55 72 76 82 92 94 95 96 99:37231:12 280 60 24 63 1604 6987 20773 1894 4624 466 444
77 82 92 94 95:1645:36 910 333 152 214
38 47 72 82 83 88 92 94 95:8503:376 200 108 2424 184 123 3936 141 1011
3 17 36 38 48 65 67 82 86 87 92 93 94 95 97:25972:51 18 161 1481 115 318 347 6373 6629 713 5656 330 1094 2036 650
42 47 82 86 87 89 92 94 95 97 99:25434:356 70 3689 9850 464 1216 6056 341 1891 530 971
38 46 48 63 65 72 73 74 76 82 86 87 88 89 91 92 94 95 101:24035:223 60 23 643 1214 431 81 362 680 1101 3674 692 109 398 3695 5684 145 3234 1586
38 82 86 92 94 95:11506:382 3715 2133 3964 192 1120
82 92:1644:911 733
63 65 67 73 82 86 92 94 95:11942:609 134 603 162 2570 2218 2509 962 2175
16 72 73 82 87 88 92:8686:88 369 178 6012 672 99 1268
46 65 82 92 94 95:1944:36 724 657 133 93 301
17 63 65 74 86 89 92 94 95 97 99:4341:16 104 344 9 1837 346 206 128 334 539 478
82 86 87 89 92 94 95:6000:2658 1443 267 353 775 200 304
16 17 36 38 47 48 49 82 86 87 92 94 95 97:23479:22 38 316 228 49 67 427 9910 1367 1953 5786 99 2658 559
86 92 94:2850:741 1641 468
13 48 74 82 86 87 88 92 94 95 97:21356:364 13 36 7279 1075 1530 250 7118 404 2764 523
73 74 92 95:3511:205 45 2594 667
46 78 82 86 91 92 94 95:35275:60 691 7477 6600 6060 9559 850 3978
38 82 86 89 92 94 95:20751:320 1051 2097 1028 12445 845 2965
87 92 93 95:7081:2401 3948 145 587
94:94:94
82 92:575:86 489
92 94 99:1139:623 274 242
92 94 97:3303:2432 190 681
19 38 46 48 66 68 73 75 82 92 93 94:9619:100 663 48 22 1871 1520 162 1346 1004 2472 182 229
26 72 82 92 95:3017:206 381 998 1007 425
46 47 72 86 92 94 95:4774:114 34 176 734 2229 999 488
82 87 92 94 95:16101:5045 888 6396 540 3232
10 12 16 30 33 36 38 40 42 46 47 56 63 64 65 68 69 70 72 73 74 76 77 78 79 82 83 88 92 93 94 95 96 100:90509:4190 180 18 78 513 682 852 1312 335 72 91 528 2435 1436 3467 5777 2038 2491 3843 196 1068 2078 544 307 615 21501 8366 1065 17468 358 3482 1890 521 712
17 36 46 82 86 87 92 94 95:27361:25 78 73 3956 8542 266 10573 704 3144
65 69 82 87 92 94:9008:1000 3171 3234 677 845 81
82:142:142
47 65 78 92 93 95:2877:84 167 273 1878 215 260
38 66 82 92 95 97 99:6976:30 1599 1026 2333 130 1599 259
3 4 28 29 36 40 47 48 53 54 58 63 64 65 66 67 72 74 75 76 77 80 82 92 94 97:85233:51 223 168 484 201 1055 45 102 1916 730 822 5068 954 3618 21244 3443 2074 136 4434 4319 3122 7564 20607 1926 252 675
38 42 63 64 65 70 76 77 88 92 95 97:12132:556 573 1564 536 752 3358 2646 606 112 550 270 609
44:2339:2339
38 56 63 64 65 66 68 69 70 74 75 76 77 80 81 94:40913:1130 986 2035 1199 4133 2540 3821 1792 5469 292 845 5325 640 1243 9419 44
65 72 74 77 92:2072:435 96 22 566 953
64:380:380
82 92:1995:1183 812
46 47 73 82 86 87 92 94 95:13969:71 93 43 1987 1610 223 7506 411 2025
82 86 87 92 94 95:30485:14991 713 296 11128 705 2652
18 38 42 47 72 82 92 93 94 95 97 99:21285:18 265 45 262 720 3833 10063 266 901 3376 502 1034
38 46 56 64 75 76 82 86 89 92 94 95 96 97:29981:28 246 542 34 892 714 4928 4994 1193 12220 600 2559 489 542
36 38 47 65 72 82 86 92 94 95:25508:309 464 182 320 360 7418 1570 11767 269 2849
36 38 65 67 72 74 82 87 92 94 95 100:19197:273 835 612 208 676 45 3213 467 8794 1345 2032 697
38 47 82 85 86 87 89 92 94 95:11940:155 245 1959 67 1861 1039 338 3532 803 1941
38 42 46 65 72 74 82 86 92 94 95:10648:282 480 232 57 85 57 2554 765 4626 253 1257
72 73 74 82 86 89 92 94 95:6611:82 29 59 841 1492 332 2434 486 856
37 82 86 87 92 94 95:11336:119 2137 2204 444 4600 1372 460
16 38 54 55 57 72 73 74 82 92 94 95 97:8105:7 140 72 120 105 24 202 46 3473 1800 352 1236 528
74 92 95:2014:36 1496 482
16 19 38 46 82 83 86 87 92 94 95 99:20460:35 12 303 60 5625 399 1953 1306 8622 255 1606 284
82 92:1271:702 569
17 38 82 86 92 93 94 95 99:19923:14 500 2344 1485 10205 127 1536 3205 507
92 96:1000:513 487
26 94:345:94 251
38 92 94 95:1290:343 251 481 215
29 31 38 46 48 54 55 56 64 65 72 73 74 76 77 80 82 83 86 92 94 95 97:27096:268 818 866 71 31 219 1170 78 805 231 3401 67 888 471 1476 1164 3933 1941 3212 3442 1447 577 520
80:23566:23566
36 48 57 58 64 65 67 72 73 74 76 77 78 80 82 85 92 94:19379:786 38 2377 214 960 431 591 1642 31 733 3871 1369 530 1227 2509 426 971 673
94:195:195
54 72 92 94 95:1434:218 360 391 208 257
74 97:889:373 516
65 92 94 95 96:2148:75 1044 223 312 494
48 65:471:203 268
46 48 65 74 92 93 94 96 97 98:7249:18 96 1298 34 762 702 590 2050 1180 519
46 48 92 94 95 98:2170:102 184 726 249 375 534
48 98:1248:74 1174
45:2499:2499
31:84:84
48:70:70
92:320:320
94:103:103
94:54:54
47:54:54
97:1383:1383
48:35:35
48:65:65
46 94:250:70 180
48 68 92 97:2301:35 1163 322 781
47:40:40
50:258:258
92 93 94:883:627 149 107
47:106:106
47:84:84
92:146:146
92:222:222
64:82:82
92 95 99:1250:367 344 539
48:35:35
48:35:35
