75 78:2809:2400 409
65:242:242
92 94 95:1426:185 784 457
65 66 72 73 74 76 77 80 92 93 94:20558:1173 2540 503 392 44 2213 514 10770 355 333 1721
38 48 63 64 65 72 74 82 87 92 93 94 95 96:15640:275 38 819 508 908 486 61 2741 2526 4841 108 1560 302 467
39 63 82 92 94:7326:647 179 5000 1224 276
64 74 79 92 94 95 96:9513:140 278 6684 1057 353 539 462
82 92 93 94 95:5838:1717 2402 342 795 582
38 73 74 78 82 87 88 89 92 93 94 95 97:18200:350 59 216 666 837 1810 534 1348 7744 170 1079 2818 569
19 36 46 72 82 87 92 94 95:12458:78 131 96 148 1084 4976 4945 525 475
74 82 87 92 94 95 99:11585:34 846 2775 5128 320 1955 527
46 48 64 65 72 82 87 92 94 95:8632:34 52 104 232 415 636 1545 4195 238 1181
74 82 87 89 92 93 94 95:10147:54 1508 1318 778 4575 119 1031 764
38 42 55 63 65 72 73 74 82 87 92 94 95 99:15093:938 208 37 383 1353 121 113 102 905 1534 6793 869 1515 222
38 47 64 82 87 92 94 95:8913:364 49 120 1154 1361 4391 669 805
82 92 93 94 95:5043:230 2680 300 1294 539
64 92 94 95:5004:101 3040 928 935
20 76 82 83 86 87 89 92 94 95:10514:176 1650 465 467 356 756 452 3597 170 2425
3 36 46 72 73 82 87 89 92 94 95:13040:17 287 93 473 12 1570 2873 800 5743 157 1015
92 93 94:2139:1096 112 931
3 19 38 55 72 73 74 82 83 87 88 92 94 95 99:16582:28 104 350 210 231 156 109 1155 71 1542 166 7396 1056 3208 800
72 73 74 78 87 88 92 94 95:6220:291 111 171 347 240 767 3399 296 598
36 38 57 63 65 67 72 73 74 75 77 78 80 88 92 93 94 95:17715:243 1602 420 452 1552 651 1694 416 496 696 662 635 3852 180 2905 117 880 262
20 73 82 86 87 89 92 93 94 95:8473:19 34 776 412 2361 1163 3006 210 298 194
72 82 88 92 94 95 97 100:8388:151 431 490 3776 822 1092 665 961
38 92 95 99 100:8047:12 2724 3458 372 1481
92 95 100:7333:2830 3700 803
48 64 65 82 92 94:5030:37 308 891 469 2163 1162
95 97:1113:474 639
92 95 99:3617:1229 1675 713
92 95:1003:735 268
38 92 94 95:1750:233 751 476 290
38 65 82 86 92 94 95:6459:477 282 198 548 3324 826 804
38 82 92:2764:484 505 1775
66 72 74 82 86 87 92:67673:4951 405 249 22533 37022 2055 458
42 64 65 67 72 92 94 95:3465:415 513 48 369 111 1272 487 250
46 82 92 94:3402:282 32 2695 393
27 36 38 42 46 47 48 51 53 54 55 56 63 64 65 67 72 73 74 75 76 77 79 82 83 84 87 88 92 93 94 95 96 97:106938:109 71 656 371 231 179 302 220 493 543 712 1384 2080 1882 6572 1066 9245 1646 2181 2397 18759 8410 543 15060 203 469 2419 14267 7815 548 4188 621 543 753
92 94:516:429 87
38 48 72 74 92 94 95:6392:618 66 187 220 3823 838 640
75 92 95:1166:595 176 395
92:861:861
92 95:1957:1330 627
92 95 99:2989:865 1757 367
92 94 95:2826:2058 533 235
48 82 87 92 94 95:22144:22 980 1730 15909 2065 1438
72 92 94 95:4095:259 3038 190 608
36 48 64 72 82 87 92 94 95 96 97:15011:25 52 186 84 877 349 7664 2110 960 2052 652
38 46 82 87 92 94 95 99:11069:559 39 6747 168 2420 360 303 473
38 47 64 73 74 82 83 87 92 93 94 95:12220:430 149 84 132 24 1478 271 666 7535 235 905 311
46 72 82 87 88 92:3166:65 47 511 420 625 1498
65 72 74 92 94 95:2957:187 184 137 1492 421 536
82 87 92 95:4934:1090 3133 458 253
38 46 50 65 69 74 82 87 92 93 94 95 97:22139:395 55 311 122 4200 37 1614 2136 8763 129 1990 1121 1266
47 48 63 72 82 92 94 95:5176:73 36 29 38 86 2494 633 1787
92 94:1176:746 430
38 75 92 95:2045:187 301 1396 161
36 55 63 73 82 87 92 94 95:8451:224 296 302 93 1165 597 4512 320 942
38 46 64 73 82 83 86 87 89 92 93 94 97:9279:284 65 239 25 372 728 821 683 978 3622 209 680 573
38 82 86 87 89 92 93 94 95:9519:341 1559 188 642 598 4130 154 1166 741
6 36 38 42 43 46 48 55 57 64 65 72 73 74 75 76 77 78 82 84 87 88 92 94 95 99:34250:89 305 860 490 240 58 42 154 181 336 1589 3363 505 1063 1360 2853 210 851 5633 600 1945 596 6544 2225 1628 530
48 63 64 72 74 77 82 87 92 93 94 95 97:24806:18 505 492 1097 186 1445 2473 1691 9846 487 2616 1513 2437
63 72 74 82 87 88 92 93 94 95 97:14338:972 207 93 1549 710 257 7047 514 1727 692 570
73 75 92 93 94 95:6275:120 370 2673 262 2110 740
64 92 93 95:1326:70 765 293 198
47 63 64 92 93 94 95:6941:52 212 199 3683 244 2020 531
47 82 92 94 95 96:9906:305 677 5510 2077 753 584
47 72 73 74 92 94:2815:319 420 122 107 1199 648
92 94:229:169 60
46 48 73 82 92 94 95 96:9332:45 62 57 283 5793 1583 921 588
36 48 65 74 82 87 92 93 94 95 97:14167:177 274 151 80 866 242 9327 98 1734 560 658
87 92 94:1186:720 226 240
16 36 40 42 46 47 48 64 72 73 74 80 82 87 88 92 93 94 95 96 100:26716:12 182 808 291 33 78 75 114 13 175 302 1651 1571 1281 630 8787 1207 5563 2796 525 622
38 82 92 94 95:1530:180 256 735 74 285
46 48 64 92 93 94 95 99:8612:295 103 355 5090 69 1361 977 362
36 63 64 72 74 75 84 85 92 94:4472:123 341 108 552 724 342 160 133 995 994
92 94:743:451 292
92 93 94:1380:157 298 925
92 93 94:4098:1975 199 1924
92 93 94:835:527 160 148
92 93 94:4504:1931 176 2397
47 74 92 93 94 95:5651:149 10 2527 241 2411 313
47 65 92 93 94:2607:44 38 187 311 2027
92 93 94:2558:1170 110 1278
93 94 96:777:92 166 519
46 55 65 73 74 83 88 92 94 97:5046:56 161 171 212 284 129 358 2250 744 681
46 47 73 92 93 94:1905:23 80 29 174 323 1276
92 93 94:3165:314 161 2690
46 47 92 93 94 95:4489:132 125 713 268 2957 294
37 92 93 94 95:3919:22 970 457 2239 231
46 92 93 94 97:3031:40 604 240 1486 661
82:2120:2120
93:125:125
72 73 92 93 94 95:1520:111 113 761 127 237 171
46 92 93 94:4120:159 1746 380 1835
46 73 92 93 94:1932:41 26 254 490 1121
46 92 94:390:150 105 135
64 92 93 94:4233:89 1737 195 2212
37 46 92 93 94 95:5395:44 140 2361 618 2080 152
46 92 93 94:3127:88 1382 604 1053
46 74 92 94:942:49 44 464 385
46 74 92 93 94 95:3748:72 279 1263 187 1710 237
92 93 94 95:2661:1164 199 1147 151
92 93 94 99:1289:725 101 300 163
48 92 93 94:5389:62 1104 262 3961
46 48 64 74 92 93 94:6630:171 105 52 42 1739 470 4051
73 92 93 94:544:12 307 109 116
92 94:738:299 439
46 75 92 93 94:4580:92 320 2145 287 1736
72 92 94:1124:53 536 535
93 94:731:364 367
92 93 94:2470:166 409 1895
92 94:312:173 139
92 94:505:350 155
47 74 92 93 94:8181:92 12 3383 613 4081
92 94:756:503 253
72 76 92 94:2999:562 1884 461 92
92 95:2267:1610 657
3 47 74 83 92 93 94 95 97:16424:18 327 35 6992 4700 72 1892 1199 1189
36 47 66 72 73 74 82 83 87 88 92 93 94 95:18530:397 288 1983 773 25 101 1487 843 815 101 8474 938 1929 376
46 47 82 83 87 92 94 95 96:11956:153 294 108 5067 134 4322 1063 343 472
64 65 68 72 73 74 77 82 83 87 92 94:34560:108 535 1482 278 83 165 562 25787 753 3241 913 653
47 82 87 92 94 95:6782:213 1160 558 2010 1067 1774
16 46 48 72 74 78 87 92 93 94 96 97:9032:40 22 115 833 68 388 3033 1902 188 1142 630 671
38 47 65 82 87 92 93 94 95 97:15386:101 45 221 3873 1406 7058 299 792 993 598
82 87:2163:1164 999
65 82 92 95:2646:543 437 1200 466
63 64 65 67 68 69 72 74 76 80 92 93 94:12486:331 2142 420 2271 685 1196 104 331 1841 1196 1120 126 723
63 64 65 72 82 83 87 88 92 93 94 95 97:14167:462 66 511 487 1717 540 1692 353 5099 58 1942 598 642
36 46 47 73 82 83 87 92 94 95:7525:151 79 99 56 970 491 867 3438 962 412
64 83 92 94:5361:336 832 2621 1572
64 86 89 92 94:5697:402 1765 406 2372 752
2 36 46 47 50 60 63 64 65 66 67 69 70 72 73 74 75 77 78 82 85 87 88 92 93 94 95 96 97 98:38237:43 143 137 165 1397 242 1895 2375 3953 4154 1847 1394 1932 748 570 305 1021 222 324 261 432 306 340 6232 412 4286 556 1080 858 607
82 92 93 94 95:4562:369 2387 146 1425 235
64 72 82 87 92 94 95:13365:90 305 8873 275 1423 1691 708
47 92 93 94 95:2877:95 1073 144 737 828
46 48 72 82 87 92 93 94 95:9211:54 125 90 1762 456 3588 942 1365 829
51 62 65 73 74 92 93 94 95 96:12778:274 241 200 274 210 5681 1063 3367 920 548
82 84 85 87 92 93 94 97 98:11187:1079 18 128 4033 3490 384 1018 584 453
47 64 72 73 74 76 82 92 94 95:8664:166 348 18 8 20 1404 589 3388 2004 719
48 73 74 92 93 94 96:2571:35 30 64 583 457 880 522
48 63 92 93 94:2594:116 1047 1114 72 245
48 72 74 92 93 94 95 96 99:4649:75 276 52 1791 498 141 428 602 786
47 72 82 92 94 95:3804:142 34 538 2252 437 401
16 38 39 46 67 72 73 74 78 82 83 87 92 93 94 95:22204:28 12 717 75 261 148 272 68 340 1644 1040 1433 10832 942 3064 1328
16 48 80 82 87 92 94:6627:11 118 1168 2480 273 1818 759
65:326:326
47 48 63 67 72 82 83 92 93 94 96 97 98:21223:131 202 88 79 168 11083 122 3588 896 2723 527 1151 465
38 64 73 92 93 94:1314:33 335 27 340 135 444
42 46 47 48 50 51 64 65 66 72 73 74 88 92 93 94 95 96 97 98 99:31337:303 153 131 497 269 321 69 410 1338 74 127 279 851 11134 2226 8224 1569 1065 651 1301 345
65 72 92 94:2681:300 72 916 1393
46 48 75 76 82 87 92 94 97:11222:23 96 2135 666 1068 590 5203 829 612
82 92 94 95:2473:360 879 772 462
69 74 92 93 94 95:9285:6532 36 1417 64 934 302
76 96:1980:1482 498
38 47 48 72 74 82 92 93 94 95 96 101:11248:155 66 83 75 135 364 5154 339 2547 838 531 961
16 46 82 92 93 94 96 97:5329:10 43 479 1113 895 1579 540 670
46 48 92 93 94 96:5610:89 355 2023 474 2158 511
75 92 93 96:3040:1876 405 127 632
46 48 50 72 74 92 93 94 95 97:7447:172 35 320 55 55 1810 48 3577 264 1111
46 48 92 93 94:3986:50 153 2287 226 1270
37 48 64 72 82 92 93 94 96:7320:12 131 46 78 862 1381 1648 1618 1544
36 46 48 73 92 93 94 95 96:4222:275 102 93 27 1024 610 1211 236 644
50 65 73 92 93 94:6280:375 226 25 1526 1245 2883
46 47 93 94:411:93 43 128 147
37 46 83 85 88 92 93 94 95 96 97:10318:93 187 205 68 93 3888 695 1124 680 946 2339
82 92 93 94 97:4951:575 2345 354 1117 560
46 92 93 94:1797:48 481 601 667
47 73 94:476:39 24 413
48 72 73 92 94 95 96:5266:90 98 294 2516 1357 332 579
92 94 97:1462:408 488 566
47:31:31
92:335:335
94:257:257
94:249:249
47:26:26
92:255:255
46 47 48 64:951:90 31 175 655
48 94:108:35 73
46 48 92 93 94:3589:42 213 2010 160 1164
46 48 93 94 96 97:2000:41 125 128 344 760 602
46 47 48 51 72 73 74 75 92 93 94 96 97 98 100:14043:861 175 425 237 282 727 234 500 2672 1294 3527 1091 741 467 810
83 94:1183:988 195
46 48 73 92 93 94 97:3112:118 290 27 792 530 740 615
30 46 47 48 72 74 92 93 94 96 97:4686:32 293 234 155 57 158 529 664 1360 623 581
46 48 63 65 72 73 74 78 92 93 94 95 97 98:9592:386 294 74 347 88 78 177 248 2047 518 2908 658 1316 453
46 47 48 73 75 92 93 94 96:8233:253 196 1071 319 1168 1019 591 2435 1181
46 47 48 64 72 73 74 75 92 93 94:9265:116 21 542 206 290 247 44 1730 2379 699 2991
36 46 48 65 74 92 93 94 95:4747:159 383 184 168 69 999 898 1587 300
48 63 65 72 76 80 82:26638:38 83 593 137 1899 14851 9037
46 78 93 94:1962:181 713 489 579
46 47 48 73 92 93 94:7702:324 99 331 82 2036 1247 3583
46 47 48 72 73 92 93 94 96 97 98:11759:947 55 228 478 295 3212 1486 3495 469 559 535
18 46 47 48 64 73 74 92 93 94 95 96 97:11115:64 320 40 17 96 267 218 512 2560 5062 212 491 1256
46 48 64 72 74 78 87 88 93 96:2894:86 60 522 735 345 225 122 84 130 585
46 48 74 75 92 93 94:5396:423 108 109 333 755 1648 2020
36 46 47 48 65 72 75 92 93 94 95 96 97:7695:85 168 38 46 375 550 720 768 277 3480 100 540 548
48 74 92 93 94:1276:71 21 496 162 526
94:178:178
94:258:258
95:248:248
46 63 73 74 78 92 93 94 98:7280:41 41 27 28 864 1456 934 3065 824
64 65 67 72 78 92 94 98:4461:18 764 590 49 546 650 1270 574
37 47 93 94:882:111 187 346 238
47 48 72 73 74 92 93 94 96 97:13328:79 126 87 23 28 3040 836 7431 1153 525
92 93 94:1390:283 369 738
4 46 48 63 64 65 66 72 73 74 75 78 92 93 94 96 98:31513:35 533 212 2087 348 280 1085 2859 510 1494 1085 1556 3552 3624 8881 2234 1138
46 47 64 72 73 74 75 92 93 94 97:5108:68 57 42 138 221 128 480 572 530 2346 526
46 47 64 72 73 75 92 93 94 95 96 98:8086:254 90 80 90 48 1648 1007 185 3229 496 496 463
46 47 48 72 73 74 78 92 93 94 96 100:13782:219 226 64 124 53 100 409 4495 680 6155 560 697
36 46 47 73 74 92 93 94 95:5405:85 238 46 120 34 1700 306 2561 315
46 48 51 64 72 73 74 92 93 94 97:16341:271 102 297 46 30 244 185 4830 1381 7899 1056
46 51 72 73 74 87 92 93 94:10425:56 309 226 55 357 430 2190 688 6114
46 48 51 65 73 92 93 94:3468:221 43 282 298 88 630 184 1722
74 92 93 94 95:2344:9 782 475 849 229
46 47 48 64 72 92 93 94 97:7904:136 56 100 225 88 2255 1365 3094 585
36 38 48 51 64 72 73 82 92 93 94 95 96:14105:13 47 25 220 204 62 124 419 4064 782 6986 326 833
48 65 92 93 94 97:2359:215 128 203 402 886 525
36 46 48 55 57 72 73 74 88 92 93 94 96:11965:40 192 19 53 340 149 430 202 114 2749 1602 5599 476
46 48 93 94:2019:224 182 314 1299
48 92 93 94:3551:88 844 1020 1599
48 92 93 94:4066:351 348 649 2718
50 92 93 94:3028:340 1137 371 1180
92 93 94:1982:629 433 920
46 67 74 77 92 93 94 97:3673:35 560 8 60 893 596 910 611
48 92 93 94:1435:99 200 541 595
46 48 74 92 93 94:5119:52 89 62 2069 187 2660
48 92 93 94 97:3182:219 711 831 888 533
36 46 48 92 93 94 97:3195:117 233 60 857 472 840 616
48 51 65 72 74 76 92 93 94 95 96:9246:120 299 44 238 166 809 2427 693 3560 393 497
74 94:277:68 209
46 72 92 93 94 95 96 97:7899:121 36 2307 740 2720 269 1135 571
46 56 64 65 72 77 78 82 83 88 92 93 94 95 96:18514:217 393 1473 896 351 334 232 1363 1311 194 4647 1078 4831 676 518
6 46 47 65 72 73 74 88 92 93 94 96:10241:87 144 64 74 476 384 350 288 3786 1172 2815 601
47 92 93 94 95:7873:91 4530 141 1720 1391
16 47 48 82 87 92 93 94 95 96 99:11334:51 109 126 117 612 6871 153 1871 509 531 384
47 48 54 82 83 87 88 92 93 94 95 96:11285:47 85 613 854 442 1011 1839 4224 193 939 531 507
46 72 92 94:1261:65 248 350 598
48 54 56 65 72 92 93 94:5567:130 126 218 755 109 2034 357 1838
3 57 63 64 65 66 67 68 69 72 73 75 78 92 94:27325:83 176 3335 3578 2457 3675 1455 6273 3613 1001 58 648 365 527 81
46 64 65 92 94:1382:102 84 308 380 508
65:29:29
48 63 72 92 93 94 98:4286:47 383 490 1227 264 1298 577
94 97:1041:415 626
92 93 94:1534:714 222 598
46 48 65 72 73 92 93 94 98:4755:130 154 92 12 37 663 712 2378 577
46 65 73 92 93 94 95:4515:110 372 31 786 1223 1498 495
46 47 48 51 65 73 74 82 87 92 93 94 96 97:11687:223 180 136 285 171 38 176 202 126 2829 1245 4405 1086 585
46 47 48 64 65 74 82 87 92 93 94 95 96:15073:126 268 680 140 98 165 450 179 3569 2348 3942 847 2261
64 65 72 92 94 97:2734:263 383 710 264 213 901
36 37 64 65 68 72 78 92 93 94:3084:239 148 68 817 776 109 526 170 96 135
63 64 65 72 76 77 80 93:6505:875 784 1188 442 606 1230 1250 130
63 64 65 78 92 94:3134:1188 402 384 282 479 399
4 46 48 64 65 72 75 92 94:2411:82 36 157 215 25 12 487 813 584
48 76 92 94 99:6431:73 2083 3330 645 300
46 47 63 64 72 82 87 92 93 94 95 97:19697:52 62 366 343 100 3114 7011 5308 211 1376 1196 558
64 74 82 86 87 89 92 93 94 95:23893:1165 148 734 12950 911 662 4139 405 358 2421
38 63 67 94:4204:524 1020 2484 176
64 92 94:2039:320 1570 149
64 82 87 92 95:2375:65 226 451 1339 294
47 48 72 82 87 88 92 94 95 97:13221:203 57 330 1566 913 556 6545 678 1825 548
64 73 74 83 87 92 94 95:4339:256 82 183 1998 543 350 364 563
82 94:1989:600 1389
75 82 83 87 92 94:7584:409 1029 2639 2120 997 390
36 38 64 72 74 77 82 83 87 92 94 95 97 99:22837:131 155 75 178 216 242 4780 2959 4649 6951 369 962 562 608
82 83 92 94 95:6183:1063 772 2867 1049 432
74 82 87 92 94 95 100:6588:159 302 1772 2790 366 582 617
83 86 89 92 94 95:6030:986 970 280 1808 674 1312
19 42 72 87 92 94 95:5783:122 40 159 2445 1920 166 931
16 77 82 87 92 94 95 97 99:17623:15 465 3085 7760 3288 420 704 1393 493
82 92 94:2515:936 1454 125
82 87 92 95:3252:924 1329 699 300
40 64 65 67 72 73 74 76 82 83 92 94 95 97:43881:995 113 1402 1603 2422 229 372 624 17200 13963 2467 609 1351 531
46 72 74 76 83 92 93 94 98:9200:97 515 49 659 2250 4197 153 816 464
83:5458:5458
64 74 82 83 87 92 94:5384:105 105 652 2103 1569 294 556
48 64 76 94:1317:42 80 1009 186
46 48 63 65 72 73 74 82 83 92 93 94 95 96 97:16901:72 148 48 723 411 141 558 479 6282 3264 147 1822 924 584 1298
74 82 83 88 92 93 94 95:8996:117 1659 2514 179 3001 206 307 1013
47 82 83 85 92 94 95:19287:46 14623 46 384 3044 853 291
38 41 63 72 82 85 87 92 94 95 97 99:24816:618 448 370 81 7082 359 6326 5178 1513 1083 1270 488
82 87 92 94 95 99 100:6226:727 310 2728 140 995 652 674
47 82 92 94 97:4412:109 1290 1644 504 865
83 92 94 95:9603:7342 1511 163 587
63 83:7754:542 7212
56 63 64 65 66 67 72 74 76 78 80 88:17133:339 960 502 869 1577 518 447 28 2701 220 8203 769
4 46 63 92 93 94 96:2577:52 235 327 629 62 779 493
46 73 78 82 92 93 94 97 98:7711:179 88 233 571 2278 399 1316 1190 1457
73 92 93 94 97:2286:66 503 294 730 693
74 92 93 94:2348:76 1317 257 698
46 47 74 92 93 94 95 97:6056:75 85 28 1501 389 2110 439 1429
48 92 93:968:66 820 82
7 57 64 65 72 74 78:3193:258 893 89 1091 204 367 291
36 72 74 76 82 87 88 92 93 94 95:10368:25 148 76 2317 673 492 327 5117 122 625 446
57 64 73 74 75 82 88 92 93 94 95:9530:497 312 151 50 949 1031 468 4558 152 1080 282
46 47 65 72 73 74 78 82 92 93 94 96 98:10854:89 50 210 252 10 93 583 588 2973 964 3678 703 661
65 83 92 95:5485:334 3812 1154 185
38 82 83 86 87 89 92 93 94 95 96:13920:292 1368 777 2137 1074 1005 4553 279 1427 530 478
31 36 55 64 65 82 87 92 94 95:10781:280 208 13 68 134 1235 2199 4209 624 1811
63 64 65 67 72 74 76 88 92 94 97 98:7509:311 458 216 283 581 56 593 167 1597 1030 1530 687
30 36 38 46 47 48 57 64 65 72 73 74 75 77 78 92 93 94 96:10823:176 448 403 67 328 60 906 458 155 605 179 240 393 867 303 1799 72 2829 535
2 47 92:476:24 96 356
38 46 47 48 50 72 73 74 88 92 93 94 95 96:11921:462 74 159 64 264 88 372 320 539 5114 533 2988 441 503
38 46 47 63 64 65 72 73 75 92 93 94 97:6851:108 106 93 577 732 160 141 282 466 2445 387 614 740
64 67 72 92 94 95 96:3413:629 262 107 969 383 547 516
64 65 67 68 72 75 76 94:5849:274 1252 524 848 116 569 2242 24
38 46 50 65 72 74 78 82 87 92 94 95:10903:109 60 328 406 96 65 343 261 143 5723 2454 915
48 73 92 94 95 96:1841:105 35 373 457 334 537
48 92 94:1014:60 403 551
38 46 47 48 65 72 78 82 85 92 93 94 95:12255:104 114 56 36 545 23 497 805 146 4635 293 4251 750
65 92 94 95 96:1761:397 439 128 295 502
46 48 67 82 87 92 93 94 95:12387:320 56 822 1424 1784 3730 587 2720 944
36 64 74 78 82 92 93 94 96:3908:373 352 242 575 681 154 82 823 626
36 82 83 92 94 96:9569:31 637 1432 5551 743 1175
36 46 65 83 92 94:7273:118 81 56 4560 1821 637
37 46 83 92 93 94 95 97:9964:272 44 1783 4400 202 1886 804 573
46 92 94:1166:72 791 303
46 47 64 88 92 93 94 95:7284:189 156 111 560 3498 855 1364 551
4 46 55 63 64 65 67 72 73 74 75 76 77 83 88 92 93 94 96 97:16787:37 113 258 82 411 895 378 1855 80 651 1362 838 613 3360 422 1866 587 1759 554 666
47 73 74 77 82 92 93 94 95:5972:161 139 16 722 426 2458 356 826 868
73 92 94 95 97:3186:82 1180 953 447 524
36 38 63 72 73 74 75 76 78 92 93 94 97:15047:76 122 711 517 30 342 3669 3400 378 3044 454 1668 636
18 36 38 47 50 54 64 65 72 73 74 75 76 77 88 92 93 94 95:9484:34 113 167 42 315 172 595 791 172 243 350 1173 873 199 215 2092 282 1422 234
47 48 73 82 92 93 94 97:8185:178 105 152 472 3378 181 1320 2399
3 36 46 82 92 94 95:3769:38 437 173 1148 1298 382 293
65 73 92 93 94 95:3403:218 172 1645 417 719 232
64 74 92 94:4214:75 198 2541 1400
4 64 92 93 94:1474:84 645 245 386 114
16 20 37 63 72 73 74 78 82 88 92 93 94 96 97:10304:10 78 105 373 1471 290 763 235 183 421 1829 672 2659 464 751
47 65 72 73 92 93 94 95 97:8099:316 103 20 43 2668 260 2682 807 1200
46 72 77 92 94 95:2697:55 118 272 1568 514 170
83 92 94 95 97:5076:437 2123 1443 419 654
92 93 94:3257:2108 121 1028
92:230:230
46 64 72 74 92 94 95:5555:70 142 687 260 2731 1158 507
72 73 92 93 94:6436:28 105 4001 621 1681
36 72 74 88 92 93 94:6690:80 120 115 531 2761 84 2999
47 73 92 93 94 95:4478:112 83 2351 448 1195 289
46 48 65 75 92 93 94:3716:92 32 212 472 609 162 2137
92:172:172
38 46 48 73 74 83 92 93 94 95 97 98:16869:380 46 102 46 201 6168 3280 1747 3564 297 571 467
48 92 93 94 95:4314:114 1587 123 2106 384
2 46 92 93 94 95 97:4365:60 40 1838 327 1366 190 544
46 78 83 92 94:12629:138 245 9263 711 2272
48 92 94:3870:143 2733 994
73 78 92 93 94:3733:94 339 1834 288 1178
47 72 73 83 92 93 94:10202:53 274 167 4862 1550 1122 2174
78:383:383
41 46 48 55 64 65 67 72 73 74 75 77 78 80 82 83 92 93 94 95 96 97:32776:386 237 196 211 375 962 370 1765 1147 2220 2066 162 544 1946 437 126 6052 1801 9141 233 482 1917
72 74 92 94:1662:10 68 1029 555
73 92 94:3763:51 2299 1413
94:175:175
93:142:142
93:76:76
48 94:141:69 72
46 48 65 73 78 87 92 93 94 96:4336:127 115 118 149 275 565 1875 317 298 497
46 47 48 65 74 92 93 94 95 98:4879:85 267 96 183 253 1140 316 1899 162 478
46 47 63 64 65 67 72 73 74 76 92 93 94 95 96 97:22739:311 316 562 85 184 287 51 397 246 878 5880 1257 6955 457 2381 2492
92 93 94:2463:596 567 1300
30 36 47 73 74 82 83 88 92 93 94 95 96 97:26106:104 185 57 35 113 594 367 641 13800 1977 5826 652 1193 562
3 4 65 72 73 74 83 92 93 94:6182:81 86 672 791 374 337 198 2300 136 1207
47 92 94:2300:74 1768 458
65 74 82 92 94:1261:114 253 75 548 271
38 47 63 64 65 72 73 74 75 82 83 92 93 94 95 96 97:14276:365 322 1019 629 74 136 319 608 664 982 414 3517 270 3022 585 702 648
3 46 65 73 74 78 82 83 86 92 93 94 97 98:27417:40 65 108 119 78 729 4714 52 13301 4587 641 1950 578 455
82 83 86:34638:8887 5742 20009
82 87:30873:29405 1468
48 92 93 94 95 97:3318:30 1371 383 549 391 594
48 51 63 64 72 73 92 93 94 96 97:10331:223 317 244 305 56 52 2173 253 4828 639 1241
82 86 87 89 92:23759:17722 3919 1097 693 328
92 94:348:176 172
63 70 75 76:14834:1149 9955 1075 2655
46 73 92 93 94 95:7938:110 173 3491 339 3107 718
48 51:276:39 237
46 73 92 93 94 97:3582:78 53 1596 151 1177 527
46 48 51 92 93 94:1850:35 65 504 516 595 135
73 92 93 94 98:4751:25 1721 719 1633 653
37 92 93 94:3534:91 1465 230 1748
46 48 64 72 73 76 83 92 93 94 95 97:17941:138 135 88 26 40 2442 4058 5636 363 2656 254 2105
48 49 64 73 74 92 93 94 95:10459:68 428 106 281 42 4633 792 3723 386
92 93 94:1149:311 475 363
46 47 48 50 73 92 93 94 96:11093:452 58 36 298 27 3004 1448 4618 1152
48 64 72 74 92 93 94 96:5870:52 42 12 23 1577 171 3520 473
38 47 48 72 73 74 75 92 93 94:15552:624 244 100 163 60 358 615 10232 347 2809
5 46 47 73 74 92 93 94 95 97:5819:500 87 56 45 77 2598 104 1441 258 653
4 46 47 48 51 63 64 67 72 73 74 92 93 94 95 96 97:23677:28 351 277 218 405 139 319 672 678 349 289 7819 656 6842 1042 1705 1888
46 74 92 93 94:7830:115 81 4883 452 2299
38 46 48 67 72 73 92 93 94 97:9204:139 103 48 73 98 166 3536 964 3543 534
48 74 92 93 94 96 97 98:5963:36 103 1500 180 2182 755 553 654
46 48 50 73 78 92 93 94:4698:321 65 276 142 328 1721 73 1772
46 48 64 73 92 93 94 95 96 97:21051:232 234 113 242 8362 1776 7613 580 1244 655
46 72 73 75 92 93 94 96:6932:44 28 99 304 3315 508 2069 565
36 50 65 73 77 92 93 94 96:5177:41 390 78 171 522 1422 766 1247 540
46 50 65 92 93 94:6533:139 278 69 2829 522 2696
48 74 92 93 94 95 97:3864:111 90 1736 155 959 200 613
73 92 94:858:111 297 450
36 46 48 73 74 92 93 94 96 97:4614:200 104 36 183 28 482 515 1803 578 685
48 92 93 94:930:78 251 200 401
46 47 92 93 94 96 97:8121:44 282 2950 323 2370 1586 566
55 73 74 92 93 94:2829:6 160 65 1156 678 764
46 92 94:1725:150 1219 356
73 92 94 96:2259:130 994 610 525
48 73 92 93 94 95 96:8619:19 33 2839 970 4020 227 511
36 72 92 93 94 96 97:8050:164 66 2629 1049 3084 496 562
48:83:83
93 94:374:142 232
80 93 94:1664:1175 177 312
92 94:296:197 99
93:80:80
93:100:100
93:180:180
94:385:385
48 72 92 93 94:1468:141 34 309 72 912
94:91:91
94:180:180
94:78:78
4 48 92 93 94:3945:41 102 1758 611 1433
94:68:68
94:78:78
93:70:70
94:84:84
94:30:30
93 94:406:180 226
48 74 93 94:433:117 25 123 168
94:150:150
93 94:289:85 204
93:90:90
93 94:252:154 98
48 94:362:95 267
93 94:386:131 255
73 94:869:158 711
94:35:35
94:72:72
74 94:200:82 118
93 94:260:129 131
48 94:180:110 70
92 94:268:118 150
94:176:176
66 72 94:2082:1184 582 316
93 94:244:94 150
48 51 94:367:65 242 60
93:64:64
93:173:173
48:185:185
94:167:167
92 94:364:124 240
46 47 48 93 94:684:73 99 152 160 200
93:92:92
94:81:81
93:79:79
48 94:133:55 78
94:170:170
93 94:378:191 187
47 94:387:15 372
38 64 72 74 77 92 93 94 96 97:8466:503 52 288 22 767 1545 302 1883 2207 897
94:86:86
38 46 63 72 83 92 93 94 96 97:19955:119 45 615 192 9704 1391 200 2371 1756 3562
46 63 64 68 82 92 94:9445:184 641 121 749 6629 1001 120
36 38 47 51 73 74 75 76 83 92 93 94 95 96 97:23015:226 453 57 230 100 312 300 3543 2532 1691 1040 4802 145 5845 1739
72 92:470:162 308
66:1210:1210
76:9856:9856
65 67 69 72:2284:549 235 1350 150
67:800:800
83:4037:4037
46 75 82 83 94:6991:170 2040 1865 1408 1508
36 63 65 67 83 92 94 96:7470:386 220 2100 594 1707 1667 215 581
38 72 83 92 95:3558:279 319 2258 504 198
72 82 83 92 95:7823:152 5801 926 688 256
82 83:6636:2042 4594
46 76 92:2578:54 2234 290
74:37:37
74 83 92 94 95:8029:29 2633 3514 1310 543
46 48 63 65 74 78 82 92 93 94 95 96 97:10457:158 93 226 202 22 226 842 2445 376 2566 351 634 2316
47 73 84 92:1610:59 183 256 1112
92 94:1159:971 188
46 48 51 65 72 73 74 76 80 82 83 86 87 89 92 93 94 95 96:38976:115 119 242 523 728 253 339 819 4903 2945 781 10677 3482 726 6163 658 4545 344 614
72 92:495:30 465
92 95:1275:1021 254
38 74 82 87 92 93 94:6836:480 65 949 746 3927 284 385
46 48 73 82 87 92 94 95:8911:100 68 133 217 648 5134 1112 1499
47 74 82 88 92 93 94 95:6534:243 76 1315 357 2244 66 1553 680
46 72 82 87 88 92 94 95 97:10843:171 395 1258 1067 365 5118 1161 768 540
48 72 75 82 83 87 92 94 95:11836:287 458 749 1803 2541 1214 3403 606 775
19 46 64 82 87 92 94 95:4662:31 156 89 308 364 2354 670 690
73 82 83 92 94 95:5554:118 97 351 3075 1327 586
47 73 82 87 92 94 95:5625:181 48 865 217 3129 949 236
38 42 46 47 64 65 66 72 73 74 75 76 77 82 83 88 92 94 95:14492:854 424 146 139 122 651 1118 1580 248 138 400 2005 735 1079 1563 120 1411 572 1187
16 42 46 53 64 67 72 73 74 77 82 87 92 93 94 95 100:26784:76 588 319 892 704 626 790 203 112 60 4142 3660 9397 155 3039 1387 634
47 73 92 94:864:59 186 468 151
47 48 64 72 73 74 82 87 88 92 93 94 95 96:13465:166 132 76 56 184 228 943 1330 358 6300 81 2245 809 557
47 63 92:308:106 98 104
74 92 94:1179:25 209 945
64 92 94:3403:114 897 2392
47 72 92 93 94:4426:183 152 2186 71 1834
82 87 96:3086:2069 506 511
65 87 92 94 95 96:3580:120 1374 269 989 258 570
46 51 78 92 93 95 97:5621:123 258 241 2778 150 1521 550
82 87 92 93 94 95:12545:3061 351 5507 108 1983 1535
36 46 47 82 92 94 95:6202:141 293 170 979 2606 313 1700
94:159:159
82 87 88 92 93 94 95 97:7436:417 146 394 3297 130 753 1772 527
92 94:809:530 279
46 48 73 74 82 83 87 92 93 94 95:25406:58 69 38 12 2402 1078 1276 9700 493 9433 847
65 73 82 92 94:2263:645 37 459 780 342
46 48 64 73 74 92 93 94:4938:134 260 68 36 150 1933 361 1996
46 48 92 94:754:68 48 417 221
94:3528:3528
94:150:150
65 68 70 92:3425:581 1053 1696 95
48 93:159:71 88
63 64 65 72 73 74 92 94 96:4465:426 170 796 322 71 56 579 1291 754
63 64 65 72 92 93 94:2759:302 648 252 159 655 432 311
92 93 94 96 97:4220:630 181 1299 678 1432
94:357:357
46 51 92 93 94:3763:138 878 813 670 1264
46 48 92 93 94:3975:66 194 1357 508 1850
47 92 93 94 98:2767:57 2018 87 91 514
48 92 94 96:1491:58 600 299 534
92:144:144
48 92 93 94 97:2074:191 133 275 944 531
68 92 93 94:3072:1284 917 186 685
73 92 93 94:3586:63 1480 342 1701
46 92 93 94 97:1434:29 254 109 401 641
73 92 93 94:1745:44 799 292 610
46 48 65 66 92 94 98:4279:88 46 827 1440 138 802 938
94:443:443
92 94:520:320 200
70 73 74 82 92 93 94 95 96:13101:7244 145 145 49 2149 249 1551 920 649
65 92 94 97:2399:527 352 950 570
87 92 94 98:1908:696 334 378 500
48 73 74 92 94:3037:35 90 17 1986 909
83 85:13451:13263 188
65 73 82 83 92 93 94 98:7870:1111 88 2821 1343 1038 87 909 473
80:5510:5510
92:416:416
83:6483:6483
82 92 94:14824:13548 824 452
72 92 93 94:2953:62 1231 242 1418
48 65 92 94 95:3529:48 866 1625 746 244
82 92 93 94:16955:14989 985 444 537
48 65 73 74 92 94 95:7624:55 151 156 62 4584 2413 203
48 67 74 86 92 93 94:21398:28 312 55 16873 2956 213 961
92 94:1386:854 532
63 65 66 67 73 78 93 94:4755:403 824 1133 281 140 1189 183 602
48 72 74 92 93 94 98:3731:111 140 21 1047 268 1634 510
47 92 93 94 95:2613:258 1326 316 502 211
73 92 94:3045:153 1869 1023
72 92 94 95:1632:123 1045 131 333
98:489:489
2 38 46 63 64 66 69 72 73 75 92 93 94 97:29807:34 229 385 55 514 7500 10530 380 372 1784 3651 823 2921 629
94:111:111
48 92 93 94:3466:114 1536 244 1572
46 92 93 94 97:3000:52 1460 249 614 625
64 82 83 92 93 94 98:3104:29 1027 359 668 226 317 478
48 92 94 96 99:3321:101 949 1288 657 326
73 74 92 93 94:3806:80 50 2127 624 925
94:474:474
92 94:1223:515 708
92 94 97:987:140 155 692
46 48 72 73 92 93 94 96 98:11305:166 49 22 83 2778 2663 4478 542 524
92:367:367
46 72 74 92 93 94:1166:50 70 126 256 191 473
46 64 65 72 74 92 94:3278:68 312 90 649 170 1918 71
77:323:323
92:443:443
46 92:528:153 375
46 48 64 72 73 74 92 93 94 95:8326:270 163 255 551 32 118 3276 420 2949 292
46 48 51 72 73 74 75 92 93 94 96 97:12194:59 192 256 228 91 106 460 3091 856 5511 559 785
48 92 93 94:1629:93 249 303 984
46 48 64 92 93 94 95:3394:167 49 197 1111 285 1252 333
46 73 92 93 94 95:6323:64 222 1609 389 3822 217
94:89:89
46 48 51 64 72 73 74 75 78 82 92 94 96 97 98:9286:78 179 318 84 833 54 870 742 467 97 440 2534 1218 554 818
65 74 94 97:1285:272 272 164 577
64 72 73 75 92 93 94 98:5201:80 109 103 503 1962 497 1226 721
92 94 97 98:2208:557 598 596 457
64:150:150
87 92 93 94:1427:365 457 176 429
46 48 92 94:2127:117 39 988 983
48 73 92 93 94:4705:119 112 930 2307 1237
92 93 94 95 97:1421:317 78 179 219 628
46 48 72 73 74 92 93 94:3118:51 164 26 38 28 1469 115 1227
46 48 73 74 92 93 94 98:5818:44 124 9 142 1297 994 2616 592
46 48 64 65 73 74 92 93 94:4746:142 127 87 161 29 35 1051 387 2727
48 93:111:42 69
48 92 93 94:4058:76 1363 755 1864
92 93 94:3105:1338 328 1439
48 92 93 94:1381:36 471 75 799
65 72 73 92 93 94:1571:136 260 203 392 296 284
46 48 92 93 94 96 97:7692:98 69 2282 1264 2206 493 1280
36 37 46 48 64 72 73 74 82 84 87 92 93 94 96 97:17055:69 120 24 145 608 1477 245 123 1628 748 481 3480 871 3572 527 2937
19 46 47 48 64 73 82 92 93 94 96 97:23626:21 55 103 124 278 120 9133 5403 1185 3541 1548 2115
48 74 92 93 94 96:3090:125 106 493 110 1015 1241
46 48 65 73 82 92 93 94 96 97 98:12705:119 76 234 133 688 2804 1901 3430 1497 792 1031
46 48 73 88 92 93 94 96 97:4392:91 47 50 334 203 561 1579 713 814
94:269:269
48 72 92 93 94 96:4771:43 132 1439 573 670 1914
94:401:401
47 74 82 85 92 93 94 96 97:11285:43 118 3134 159 3544 246 1101 1078 1862
46 48 72 73 82 92 93 94 96:14474:231 141 13 29 7728 1838 883 2395 1216
93 94 96 98:1600:223 356 526 495
31 38 48 72 74 82 83 92 93 94 95 97 98:18987:37 140 188 24 59 7791 5495 2408 505 494 555 744 547
92 93 94:1966:701 802 463
46 48 63 72 73 75 92 93 94 95 96 97:8707:59 90 260 253 98 779 2557 1137 1315 258 782 1119
47 72 73 92 93 94 95 97 98:6460:70 342 61 1449 149 3150 162 620 457
47 48 64 74 85 92 93 94:11067:51 281 62 157 230 7471 187 2628
47 48 55 64 72 73 74 92 93 94 95 96 98:11953:108 59 16 175 25 301 54 5145 417 3396 473 1172 612
4 46 47 48 65 72 73 74 82 83 88 92 93 94 95 97 98:20671:37 91 79 51 300 49 114 35 616 215 248 11598 675 3754 225 2054 530
92 93 94 95 97:5719:2825 212 935 795 952
48 64 72 73 74 75 78 87 92 93 94 95 98:18872:195 276 237 226 146 339 281 644 10230 1056 3882 848 512
46 47 48 72 73 74 82 87 92 93 94 95 97:19978:86 78 219 70 58 244 2250 384 10246 663 4100 1031 549
73 92 93 94 95 96 99:5710:28 2514 247 1063 137 985 736
47 48 65 73 74 88 92 93 94 95 97:12698:200 89 215 32 108 620 8129 212 1716 627 750
38 74 78 92 93 94 95:10775:431 33 335 5320 903 3342 411
48 72 92 94 96:2119:40 95 1380 129 475
74 92 94 95:1912:19 1306 366 221
48 92 94:3970:36 3157 777
3 20 37 46 74 82 92 93 94 95:11771:79 1 186 74 391 482 7921 170 1710 757
64:488:488
94:160:160
46 65 70 92 94:6739:53 247 4237 966 1236
46 47 63 64 77 92 93 94 95:6476:120 42 147 441 242 3156 164 1843 321
48 72 92 93 94:1270:117 41 217 435 460
46 48 64 65 72 92 93 94 95:6197:88 34 307 583 462 2211 558 1405 549
63 64 65 72 74 75 84 92 93 94:7271:378 1214 1070 613 137 1484 335 871 368 801
64 72 92 93 94 96 97:6430:462 157 2262 281 2131 519 618
83:54:54
57 63 69 70 76:27519:346 541 9572 13387 3673
48 74 79 92 94:12169:83 76 9981 662 1367
48 73 93 94:662:40 114 293 215
46 93 94:788:146 412 230
2 64 65 66 68 73 74 92 93 94 95:9802:29 179 240 1356 2121 62 54 2975 860 1459 467
64 65 92 93 94 95:2809:22 643 644 230 985 285
64 72 93 94 97:1890:417 350 210 243 670
92 93 94:1593:689 134 770
64 72 85 92 93 94 98:9636:134 80 1953 4164 540 2312 453
92 93 94 96:3774:2481 108 599 586
73 85 92 94:3696:39 2337 505 815
36 46 48 63 64 72 73 74 82 83 85 92 93 94 95 97:30514:357 106 170 112 400 145 632 368 18090 59 1194 1838 1088 3296 339 2320
48 64 72 74 92 93 94 96 97 98:18569:458 212 79 380 3558 1171 5866 3580 2691 574
46 48 64 73 74 92 93 94 96 97:4952:36 70 105 246 174 915 363 1238 1036 769
83:14968:14968
47 48 64 65 73 74 92 93 94:5496:130 168 99 348 189 244 1162 1881 1275
46 72 74 82 92 93 94:8952:123 47 54 5177 1831 519 1201
36 47 48 64 73 74 92 93 94 96:10080:16 85 153 65 208 269 2630 1054 4455 1145
74 92 93 94 97:2909:104 336 259 566 1644
46 48 63 64 65 72 73 74 92 93 94 97 98:15387:210 133 134 57 18 82 355 122 6216 1627 5005 956 472
48 74 92 93 94:2646:41 68 290 334 1913
48 64 92 93 94:2297:54 142 755 430 916
48 74 92 93 94 97:5623:431 176 1649 232 2331 804
48 92 93 94:2624:212 793 102 1517
48 74 92 93 94 96:4026:57 15 1143 430 1883 498
92 93 94:1646:558 585 503
46 48 63 74 92 93 94:3165:120 105 450 9 184 1261 1036
72 73 82 92 94:4261:457 43 416 1747 1598
48 73 76 92 93 94 97:5595:114 56 1537 1419 415 1373 681
47 48 72 74 82 92 93 94 95:12452:82 15 338 174 709 6816 785 3175 358
20 73 87 92 93 94:13107:93 199 430 7058 376 4951
92 93 94:2292:738 567 987
46 47 48 63 64 72 73 74 82 87 92 94 95 97:7696:84 52 52 187 34 503 112 270 1503 315 1871 1421 768 524
37 46 48 64 65 67 72 76 82 92 93 94 95:17886:96 85 392 69 231 769 196 705 999 8348 1688 4012 296
3 48 72 73 74 76 92 94 96:4352:36 80 561 59 143 876 1111 742 744
64 65 72 73 92 93 94 95 96 97:20833:348 232 485 136 4903 1186 9688 505 1426 1924
48 92 93 94:2023:63 1120 137 703
92:202:202
36 39 46 72 74 76 92 93 94 96 98:12095:154 1147 56 638 156 3496 1735 785 1619 1842 467
92:326:326
46 47 48 63 64 65 72 73 74 75 76 78 82 88 92 93 94 96 98:35111:201 217 173 920 533 243 1125 436 1957 2002 3206 274 139 509 8633 2502 10178 1345 518
50 72 73 74 92 93 94 95 97:5645:274 28 465 98 1691 158 1666 474 791
46 48 72 73 74 92 93 94 96 97 98:10666:320 357 299 129 321 3094 1690 2661 601 598 596
48 73 92 93 94 97:6905:92 47 2155 774 3205 632
46 48 65 72 73 74 75 87 92 93 94 95 96 97:39785:447 292 173 1017 213 451 340 548 13724 3123 15606 543 1120 2188
46 72 73 74 92 93 94 96:11306:139 2198 420 385 2448 267 4663 786
36 46 47 72 74 82 92 93 94 95 96 97 98:19008:136 446 132 397 231 401 8089 690 6210 194 595 694 793
46 47 48 64 65 72 73 74 92 93 94 96:16363:84 122 95 168 140 365 47 245 8308 838 4505 1446
92 94:712:122 590
94:243:243
4 46 55 72 73 92 93 94 97:4440:76 131 126 73 50 1965 467 633 919
3 73 92 93 94 97:9751:20 130 4129 418 3661 1393
47 92 94:341:41 232 68
36 46 47 72 73 74 82 92 93 94 96 97:11151:84 344 81 369 343 148 943 3513 695 3331 607 693
48 50 73 74 92 93 94 96 97 98:6496:52 371 137 217 997 744 2275 524 581 598
65 72 73 92 93 94 95:6115:381 27 269 2482 802 1672 482
46 47 48 92 93 94 97:4786:58 56 110 1368 570 2049 575
46 92 93 94 95:3796:60 1595 404 1590 147
94:415:415
46 72 92 93 94 95 98:11997:47 75 2432 1594 6651 627 571
48 65 92 93 94:4068:51 185 298 577 2957
48 92 94:440:55 124 261
48 64 92 94:1737:54 106 425 1152
94:778:778
65 72 73 92 93 94 95 97:8104:178 95 279 2935 747 2710 520 640
92 93 94 97 100:3898:134 660 1155 1322 627
82 88:10529:10433 96
46 48 74 83 92 93 94:10830:88 161 18 6736 1512 751 1564
38 46 48 50 64 68 73 74 77 92 93 94 96:12684:880 127 137 352 321 724 14 310 404 4205 730 2863 1617
46 73 92 93 94:2074:52 19 1138 397 468
48 92 93 94 96 98:6648:68 1853 802 2366 982 577
46 47 48 72 92 93 94:3123:51 125 237 74 829 654 1153
72 92 94:1084:80 867 137
97:966:966
82 94:11553:11476 77
48 73 74 82 85 92 93 94:6086:44 78 29 365 2710 927 900 1033
46 48 72 73 92 93 94 97:5783:66 207 48 160 1996 150 2068 1088
36 48 73 74 85 92 94 96 97 98:7892:90 113 154 29 2710 502 972 1558 744 1020
48 82 92 93 94 96 97:12417:85 4849 3736 833 931 1038 945
92 94:700:508 192
20 48 50 73 82 92 93 94:6991:5 178 538 21 2006 1949 414 1880
48 64 83 92 93 94 95 96:8076:66 119 1902 1057 917 3371 135 509
46 48 92 93 94 96 97:5891:30 50 550 103 1135 1490 2533
83 94:7264:6654 610
94:346:346
46 47 48 74 92 93 94:883:67 92 55 38 269 80 282
46 47 92 94:1033:265 172 351 245
72 73 92 94 95:2838:134 21 1665 761 257
46 47 72 92 94:4492:217 109 429 1592 2145
92:323:323
46 47 48 73 92 94 95:7946:275 98 79 31 5818 1474 171
46 47 72 92 94:4264:266 61 71 2342 1524
46 92 94:2147:226 1551 370
46 47 92 94 95:4390:720 246 2286 956 182
46 47 73 92 93 94 95 97:3207:61 78 138 1949 50 212 155 564
46 47 92 94 95:2243:41 113 1292 593 204
92 94:278:164 114
72 92 93 94:1474:111 537 116 710
92 94:2962:2085 877
46 92 93 94:2348:79 910 186 1173
74 92 94:1269:24 368 877
46 47 92 93 94:2551:39 111 731 202 1468
30 48 72 73 74 92 93 94 95 97:5657:18 152 36 50 67 2318 493 1621 207 695
48 72 92 93 94:3207:214 21 2316 90 566
46 48 64 92 93 94 97:4705:94 209 78 1969 508 1260 587
48 92 93 94:1387:248 226 241 672
48 73 92 93 94:1916:40 36 1054 293 493
48 92 93 94:4801:228 2271 936 1366
48 73 74 92 93 94 97:4336:147 133 36 1990 510 982 538
93:140:140
94:104:104
93:69:69
94:127:127
93:52:52
92:383:383
92 94:487:224 263
93:85:85
48 84:787:60 727
48 94:205:30 175
92:382:382
72:176:176
92:513:513
72 94:131:28 103
74:219:219
92:385:385
92:258:258
92:170:170
46 48 92:481:53 91 337
64 97:851:185 666
46:36:36
95:364:364
31:29:29
96:795:795
48 93:884:78 806
48:11:11
92 94:690:319 371
93:65:65
46 65:145:99 46
93:123:123
74 93:268:27 241
76:686:686
64:129:129
96:480:480
94:82:82
93 97:675:134 541
47:58:58
73 93 98:883:23 343 517
94:250:250
94:197:197
92 93:399:274 125
48 72 73 74 75 78 93 94 96:3533:82 19 251 291 322 253 362 1486 467
65 73 74 77 92 93 94:4821:79 157 103 788 583 641 2470
46 92 93 94 95:6723:224 386 1102 4834 177
47 48 73 92 93 94:6732:62 453 43 1053 1401 3720
46 47 48 73 74 92 93 94:6928:170 216 33 31 13 527 2507 3431
46 48 50 92 93 94:8431:85 60 268 964 1916 5138
73 92 93 94:7982:48 2090 1517 4327
37 48 92 93 94 98:2953:51 144 690 582 914 572
46 93 94:1415:424 590 401
3 74 92 93 94 95:1410:9 96 253 171 478 403
94:100:100
46 48 65 72 73 74 92 93 94:7130:577 35 40 316 448 213 1470 551 3480
46 47 48 73 74 92 93 94:4405:670 99 201 40 49 225 1027 2094
48:39:39
46 48 64 74 85 92 93 94 97:7499:264 150 80 71 42 2185 1222 2677 808
47 92 93 94:3342:157 461 537 2187
92:339:339
48:105:105
94:192:192
93 94:285:200 85
74 92 94:1006:67 101 838
93:59:59
93:139:139
92 94:1064:654 410
46 48 51 64 65 73 74 88 92 93 94 95:12124:467 298 332 256 197 269 97 319 3118 501 5952 318
37 48 65 73 74:1024:135 73 402 140 274
36 46 47 48 64 72 75 92 93 94 95 96 97:16663:343 626 135 337 232 179 455 5982 1561 4657 898 660 598
46 48 74 75 83 88 92 93 94 97:7545:149 45 180 1704 151 149 1857 187 1529 1594
46 47 48 64 72 74 78 92 93 94 95:9914:135 50 123 78 108 12 330 3276 1445 4132 225
92 94:780:512 268
48 72 73 75 92 94 96:4147:110 55 98 1276 1075 1038 495
46 73 74 92 94 95 97:4865:43 27 37 925 2769 306 758
4 46 47 64 72 73 74 75 76 92 93 94 96 97 98:20574:18 289 313 35 221 169 430 1454 916 4922 431 9012 1169 638 557
46 48 72 74 75 92 94 96:5102:261 194 9 88 919 793 1149 1689
88 92 93 94:2794:250 952 345 1247
73 92 93 94:2450:42 1089 425 894
48 50 92 93 94:2909:138 369 933 391 1078
73 74 76 92 94 97:5638:52 59 1115 2560 1306 546
48 73 92 94 97:2545:23 267 860 766 629
92 93 94 97:2615:326 955 612 722
73 74 94:644:56 51 537
47 75 92 93 94 96:3606:444 471 427 100 1693 471
46 92 94 95:3072:126 930 1775 241
46 73 92 94 96:3575:264 28 1072 1741 470
46 48 51 65 72 73 75 77 92 93 94 96:12148:704 302 427 111 35 86 613 961 1507 1849 5012 541
73 74 78 92 94:1789:65 164 722 413 425
46 47 48 72 74 75 92 93 94 97:10679:693 243 343 91 54 569 1143 2096 4881 566
51 72 73 92 94:1750:236 145 48 343 978
46 47 48 75 92 93 94:5855:212 223 250 398 1138 961 2673
46 47 48 74 92 93 94:5041:270 229 45 52 382 909 3154
94:279:279
46 48 63 64 72 73 74 92 93 94:5035:79 184 146 285 339 367 15 908 560 2152
48 73 92 93 94:1840:151 121 435 722 411
46 47 48 73 74 92 93 94 96:4868:284 54 35 23 96 1215 1229 1416 516
93:67:67
46 47 50 72 73 93 94:1626:55 35 467 13 116 133 807
48 50 67 73 74 78 92 93 94:6078:26 274 495 67 194 392 1678 95 2857
46 50 72 73 92 94:3977:663 426 116 176 1152 1444
46 47 50 73 74 92 94 98:3675:231 100 318 16 54 702 1466 788
46 48 72 74 92 93 94:7373:348 535 74 33 781 1735 3867
46 92 94:1338:27 658 653
38 46 47 73 92 94:2705:165 322 296 269 746 907
74 94:321:66 255
46 47 73 78 92 94 95 97:6526:229 118 9 356 2594 2249 433 538
46 48 50 51 65 72 73 74 92 93 94 95 96 97 98:18253:321 52 442 512 900 92 227 287 5703 1053 5500 333 1269 1071 491
46 74 92 93 94 95 97:11247:204 380 6134 404 3400 200 525
46 92 94:1831:80 423 1328
46 64 72 73 92 94:3808:60 243 120 47 1196 2142
47 51 72 74 92 93 94 95 96:7104:27 294 457 49 1914 525 2618 215 1005
46 72 73 74 76 78 84 92 93 94 96 97:7782:120 262 142 142 1857 710 257 1585 655 1032 468 552
48 64 82 87 88 92 95 97:17337:37 36 6062 4332 1290 3828 1186 566
47 80 82 92 94 95:9441:209 1547 3408 2944 616 717
82 87 92 100:3665:880 728 1462 595
92 93 94 96:4642:1868 170 1609 995
26 48 54 56 63 64 65 67 72 76:10735:373 195 1409 400 2856 678 1513 632 1958 721
72 76 82 87 92:8482:292 1174 5752 287 977
46 65 70 92 93 94 97:4175:52 125 2036 1099 67 190 606
47 64 72 73 74 92 93 94 96 100:12993:154 89 540 110 39 4144 301 5794 1058 764
47 51 73 92 93 94 96:3771:250 286 110 1170 417 961 577
66 75 76 92 93 94:5741:967 608 1024 2163 157 822
46 94:179:56 123
46 65 72 74 78 92 93 94 97:8702:143 790 288 166 654 2357 292 3374 638
48 92 93 94:1845:107 623 824 291
92 94 97:1773:572 676 525
63 65 66 67 72 73 74 75 92 93 94 96:12623:3138 2865 1441 676 122 42 30 423 701 224 1218 1743
46 63 92 94 96:1969:90 569 152 580 578
47 72 82 87 92 94 95 97:6721:47 62 1622 1395 1565 798 619 613
92 94 95:708:127 224 357
47 63 64 74 92 94 96:4038:136 329 473 282 855 1464 499
48 92:512:50 462
73 92 93 94:2015:67 565 473 910
46 64:206:52 154
73 92 94:2096:37 190 1869
46 63 65 67 72 73 74 82 92 93 94:14283:168 363 485 1059 230 258 401 5164 2710 411 3034
48 64 73 92 93 94 96 97:5842:123 150 13 253 1536 1365 1609 793
46 72 74 77 92 93 94 96 97:7364:136 351 228 31 1900 634 2989 469 626
46 47 48 64 65 72 73 74 78 92 93 94 96 97 98:15250:622 266 15 117 193 537 75 75 278 4387 621 5914 1039 646 465
38 46 47 50 51 64 65 72 73 74 76 78 92 93 94 95 96:25526:249 452 268 314 633 135 168 926 601 528 2668 270 5917 1931 9693 264 509
46 47 51 73 74 92 93 94 98:9317:196 263 230 141 251 2449 2290 3043 454
46 47 48 55 72 73 75 92 93 94 96:12443:445 390 54 34 63 81 1143 3994 889 4683 667
48 63 64 73 92 94 96:7164:94 62 54 61 2740 3650 503
48 72 92 93 94:2365:55 32 1001 454 823
46 47 48 73 92 93 94 95:4942:231 146 254 32 416 152 3581 130
48 92 93 94 98:3344:176 1270 563 877 458
46 64 65 73 74 92 93 94 95 96 98:15917:159 1167 447 423 111 2171 1087 7061 447 1044 1800
47 64 73 94 96:1809:167 251 174 515 702
36 46 48 55 63 64 65 68 70 72 73 74 75 77 78 92 93 94 95 96 97 100:32894:130 725 382 273 803 803 1441 1091 2573 1102 1018 1442 633 327 308 6053 2025 9096 774 489 566 840
47 67 74 92 93 94:2887:104 93 93 400 225 1972
46 47 48 51 64 65 72 73 74 92 93 94 96 97:11499:316 71 306 232 120 300 272 17 217 2906 1506 4049 618 569
48 64 92 93 94 99:2638:160 50 537 87 1500 304
46 48 51 72 73 74 92 93 94:5563:333 87 373 70 191 31 1281 847 2350
6 46 47 48 63 64 65 72 73 74 75 92 93 94 96 97:14568:118 402 203 107 663 722 923 324 262 77 1224 3281 468 3996 1248 550
49 72 92 93 94:3056:401 19 771 601 1264
93 94:857:512 345
46 72 73 76 92 93 94 96:8678:43 177 14 3693 1554 272 1489 1436
46 48 82 87 92 93 94:8306:312 122 969 554 1674 1733 2942
46 48 51 64 73 74 83 92 93 94 96 98:6399:123 141 300 93 21 206 58 1702 678 1339 1228 510
46 47 48 50 72 92 93 94 95 96:7934:374 205 31 282 120 1352 1059 3705 310 496
92 94:945:774 171
48 92 93 94 95 97:8201:60 3579 745 2748 511 558
48 92 93:836:59 578 199
36 48 73 74 92 93 94 96 97:11541:33 164 28 71 3199 459 5398 1594 595
48 51 65 75 92 93 94 95:6373:42 417 364 410 3024 475 1410 231
93 94:1034:853 181
46 92 94 95:2127:336 1132 378 281
37 72 92 93 94 97:5535:284 191 1624 1250 1647 539
46 47 64 67 72 73 74 76 83 92 94 96:16443:307 77 233 352 39 718 133 3920 3570 2362 2504 2228
74 92 97:861:50 216 595
92 93 94:1147:642 93 412
72 92 93 94 96:8301:20 3803 549 3442 487
46 72 73 75 92 94 96 98:7378:60 156 30 1196 2220 2657 601 458
64 92 93 94 96:7502:121 3201 258 3450 472
64 75 92 94:2604:327 1125 928 224
72 93 94:464:9 222 233
38 46 48 50 64 65 72 73 74 78 92 93 94 96 97:8416:128 36 205 384 155 134 54 27 16 281 1307 359 2713 1535 1082
93:750:750
46 92 94 95:2779:107 1373 952 347
92 93 94 96:1867:310 125 946 486
92 94:2023:1050 973
2 80 93 94 96:9871:52 8996 101 146 576
48 73 92:441:171 125 145
4 65 67 72 73 74 92 93 94 96 97 98:11254:36 231 250 46 34 70 2223 900 3764 522 2642 536
38 47 64 72 73 74 92 93 94 96 97 98:7967:199 290 120 43 28 132 3660 741 1203 464 532 555
92 94:691:285 406
47 74 92 94 95 96:6928:186 64 3588 2373 250 467
65 73 92 93 94 96 97:5929:175 73 2323 650 1644 483 581
46 48 64 74 92 93 94 96 97:7708:121 44 33 279 3145 395 2093 475 1123
46 92 94 95:3310:50 1699 1273 288
46 63 92 93 94 96:5261:109 135 972 221 3295 529
46 92 93 94 95:1356:35 400 341 145 435
4 46 47 72 74 92 93 94 95 96 100:9980:27 78 245 427 60 2191 456 4109 726 1026 635
92 93 94:1896:1550 180 166
47 67 74 76 92 93 94 96 97 98:12920:205 824 23 3250 2524 154 4382 474 610 474
46 48 64 72 73 74 82 92 93 94 95 96 98:15416:121 43 17 9 102 112 444 3826 2358 5422 322 1594 1046
48 93:110:45 65
46 48 93 94:559:84 59 138 278
83 92 93 94:3213:2521 183 163 346
16 36 38 39 46 48 49 54 55 56 57 62 63 64 65 66 68 69 70 72 73 74 75 76 77 78 79 80 82 87 88 92 93 94 96 97 98:86280:86 277 334 1433 383 346 402 131 322 190 794 224 558 624 4067 7512 683 1230 1858 10433 1186 3576 2941 2338 4919 434 1652 10744 7273 401 820 3514 2511 10380 567 565 572
46 47 48 65 74 92 94 96:7068:109 528 30 285 16 2220 3003 877
93:145:145
46 47 51 65 72 74 77 78 82 93 94 96:11818:56 250 522 244 821 336 382 303 5405 487 1210 1802
46 47 74 87 92 94:5663:188 59 11 412 1975 3018
46 47 72 73 74 92 93 94:5272:78 56 27 46 148 1157 440 3320
92 94 97 100:3086:795 774 764 753
75 83 92 93 94 96:18966:689 16479 750 25 347 676
36 46 48 56 64 72 74 76 85 92 93 94 95:10846:153 157 184 865 533 36 92 1782 1408 3199 270 1780 387
4 46 47 63 64 72 73 85 92 93 94 95 96:8601:41 155 298 172 114 153 21 1467 2726 586 2020 240 608
30 42 46 47 48 51 63 66 69 73 74 86 92 93 94 95 96 100:26666:30 229 232 66 129 303 75 1240 1261 102 464 4439 8897 759 5302 654 1824 660
74 75:2913:1668 1245
64 73 74 75 94:2251:360 33 454 460 944
48 64 69 72 83 92 94:12572:58 42 2431 14 8640 793 594
2 36 46 47 72 73 74 92 93 94 95 96:22113:24 646 217 129 613 162 163 8021 1113 9964 534 527
4 36 38 46 48 64 65 66 72 73 74 75 76 77 78 84 92 93 94 95 96 97 98 100:48296:21 192 223 246 203 1115 1614 3389 6357 655 1168 2343 2792 748 1940 789 7137 2933 9610 357 2648 585 601 630
63 72 78 92 93 94 95 96 97 98:9371:171 148 890 3720 223 1723 419 1074 538 465
47 50 65 73 82 92 93 94 98:3843:90 321 360 151 67 421 688 1242 503
64 97:704:152 552
72 73 75 76 92 93 94 95:5497:263 106 406 686 1892 511 1100 533
65 74 92 93 94 95:3520:168 170 1500 259 1202 221
28 53 63 64 65 73 74 77 92 93 94 95 96:7565:28 316 354 316 706 57 256 136 1578 591 2352 345 530
36 46 63 64 65 67 72 74 76 82 83 87 92 93 94 95 96 97:20256:284 46 123 60 884 292 35 136 3158 1105 181 413 5257 370 4453 1016 650 1793
46 47 64 72 74 92 93 94 95:18523:89 135 420 266 93 8915 1201 6881 523
4 19 40 46 48 64 65 72 73 74 82 84 87 92 93 94 95 96 97:23291:90 18 878 107 393 232 56 669 355 57 518 307 1569 8470 1599 6242 511 626 594
46 48 64 65 72 73 74 78 87 92 93 94 96 97:17354:503 59 73 884 259 206 124 654 941 3606 979 7849 463 754
46 48 65 72 73 74 76 77 92 93 94 97:8343:242 60 376 56 150 559 698 330 2970 550 1809 543
46 48 63 72 73 74 92 93 94 95 98:4619:148 48 40 491 110 90 1400 70 1202 551 469
36 39 72 73 74 77 92 93 94 95 96 97:8646:139 571 184 43 38 276 3007 133 2396 243 1048 568
76 82 92 93 94:10269:600 1923 1657 2175 3914
47 65 94:569:49 378 142
46 47 48 64 65 74 82 87 92 93 94:6984:61 74 186 159 508 168 830 256 2060 326 2356
94:205:205
42 46 47 64 72 73 74 85 92 93 94 95:9826:655 250 102 90 533 21 60 1350 3218 1048 2219 280
3 4 36 37 46 48 50 51 63 64 65 66 67 72 73 74 75 76 77 78 80 82 83 85 87 88 92 93 94 96 97 98:98342:81 37 300 119 677 494 528 231 2567 3633 4303 2137 546 3313 1323 1929 1223 6822 181 574 3124 323 32835 62 319 554 3830 2678 17526 3506 1373 1194
46 64 73 74 85 92 93 94 95 97:19877:653 75 51 45 116 7962 2999 6993 385 598
2 46 48 50 72 73 74 82 87 92 93 94 95:17014:46 487 32 274 50 84 39 176 523 7217 1082 6740 264
46 47 48 50 51 72 74 92 93 94 95:13143:54 25 25 279 413 218 148 6079 897 4791 214
46 47 48 50 64 72 73 74 78 92 93 94 95 97:5958:220 128 13 308 29 143 357 148 984 1506 587 746 247 542
46 48 63 65 72 73 74 75 78 82 87 92 93 94 95 97:13551:170 132 420 2326 951 324 613 370 368 914 423 2149 570 2916 352 553
46 48 64 65 72 73 74 76 92 93 94 95 96:8304:51 35 312 402 37 210 80 737 3106 253 2062 516 503
46 47 48 65 73 75 82 83 92 93 94:13774:273 100 143 149 211 485 358 379 6278 1017 4381
46 48 65 68 72 73 92 93 94 96 97:13962:160 30 145 1608 123 122 6304 744 2883 1207 636
63 64 65 67 68:6058:878 967 1247 454 2512
46 64 83 92 93 94:5464:22 121 2254 1791 428 848
93 94:168:65 103
36 92 93 94:2991:226 1465 234 1066
50 64 72 73 74 92 93 94:2887:262 123 40 128 14 1009 251 1060
3 36 38 46 48 63 64 65 72 73 74 75 82 87 92 93 94 95 97 99:20358:42 245 246 432 59 40 249 695 1214 501 527 428 1510 863 6310 740 4390 605 607 655
48 51 73 92 93 94 97:3253:40 271 76 666 225 1313 662
65:198:198
38 46 50 65 72 73 74 92 93 94 95:13262:579 158 567 481 49 427 77 4671 832 4466 955
36 48 50 64 67 72 73 74 82 88 92 93 94 95 97:7932:301 57 357 265 423 231 185 156 418 171 1397 723 2430 283 535
48 57 73 92 93 94 96:1580:50 289 19 243 225 275 479
83 92 94 95:4031:321 2628 892 190
46 47 73 74 92 93 94 97:6977:341 267 38 87 1619 368 3725 532
47 48 65 72 73 77 83 88 92 93 94 95 96:10340:249 49 220 183 100 9 470 543 4241 773 2669 219 615
36 72 92 93 94 95 97:9214:190 127 3769 105 3376 875 772
3 46 50 63 64 65 72 73 74 82 83 87 88 92 93 94 95 96 97 99:25976:23 168 380 256 101 1369 383 151 98 575 262 1207 170 9313 635 6407 1505 499 1931 543
4 38 46 50 72 73 74 82 87 92 93 94 95:9509:23 335 158 309 581 38 232 765 146 2962 458 3122 380
39 46 47 63 64 72 73 74 75 78 92 94 97:7520:701 80 105 909 28 24 125 88 300 279 1888 2470 523
64 65 72 73 74 83 92 93 94 95 100:9349:219 173 611 450 230 172 1658 1897 2999 284 656
72 73 92 93 94:2947:531 43 335 570 1468
73 92 93 94:3312:75 1124 728 1385
4 37 46 48 64 72 73 74 87 92 93 94 96:12050:98 56 59 293 155 339 234 312 280 4435 1224 4060 505
47 48 72 92 93 94 96:5621:326 82 38 962 1182 2046 985
46 92 93 94:1705:63 443 148 1051
47 48 73 92 93 94:3210:150 262 43 553 933 1269
18 46 47 67 72 82 92 93 94 96:7058:92 59 107 282 499 355 2809 98 2278 479
46 48 64 72 73 74 92 94 96:7261:238 323 150 44 94 31 2684 3106 591
46 47 48 74 92 93 94 96 97:8477:568 122 61 20 1330 677 4097 970 632
3 48 51 64 92 93 94 96 100:11711:60 121 644 97 3816 891 4960 515 607
46 48 65 92 93 94 96 98:5739:48 178 126 2005 220 2140 504 518
47 48 64 72 74 92 93 94 96 98:10064:350 34 83 71 87 2890 1489 3040 1436 584
92 94 96 97:3230:1294 526 756 654
46 51 72 73 74 92 93 94 98:4624:206 384 34 26 83 210 264 2768 649
46 48 64 72 73 74 83 88 92 93 94 96 97:17047:1036 219 413 107 137 338 65 248 5101 1692 6133 509 1049
46 72 74 92 93 94 96 98:5816:316 60 60 232 828 3052 565 703
46 48 72 92 93 94 96:6218:90 83 359 1578 967 2644 497
36 48 92 93 94:4982:132 274 1059 941 2576
48 65 92 93 94:4211:46 168 1213 1011 1773
46 47 49 51 64 65 72 73 74 92 93 94 96:13349:453 30 339 288 161 258 311 776 347 2785 1483 5081 1037
46 47 48 72 73 74 78 92 93 94 95 96 98:17409:399 474 394 45 59 103 417 4375 902 7786 440 1437 578
51 72 73 74 92 93 94 97:5431:413 110 86 47 2012 502 1706 555
47 72 73 74 92 93 94 95 97:11811:77 70 102 215 3638 399 6440 192 678
46 47 48 51 64 73 74 92 93 94 96 97:16213:49 105 114 548 165 79 28 3149 1782 4660 2438 3096
96:2578:2578
46 48 73 74 92 93 94 95:3897:249 125 102 133 1858 316 746 368
46 73 92 93 94 96:4089:59 47 315 356 2208 1104
73 94 96:2965:131 2344 490
46 47 87 92 93 94:5026:66 210 963 1186 241 2360
48 92 93 94:6451:308 2487 925 2731
78 92 93 94:5557:360 1790 513 2894
48 72 73 75 92 93 94:9073:115 12 76 3664 2048 846 2312
93:326:326
72 73 74 92 94 96:2802:81 94 63 223 1382 959
50 92 94:2535:387 509 1639
75 92 93 94:6125:303 2775 271 2776
2 36 37 38 46 47 48 49 64 72 73 74 82 92 93 94 95 96 97 98:40773:41 727 320 365 415 269 140 357 245 1263 616 753 1348 12551 1261 15680 774 1581 1555 512
46 50 74 92 93 94:2355:195 289 20 676 431 744
3 4 36 37 46 47 48 64 65 72 73 74 77 78 87 92 93 94 95 96:38173:26 54 358 128 558 343 47 62 348 1719 942 188 15 310 384 11119 1288 16492 1160 2632
46 48 50 64 65 72 73 74 77 78 88 92 93 94 95 96:22030:371 52 302 469 266 33 350 691 523 310 362 8297 1327 7923 288 466
47 64 65 73 74 92 93 94 95 96 97:18853:270 94 548 214 50 4638 2036 7481 720 2033 769
46 48 65 71 72 73 74 76 78 92 93 94 95 97:8176:188 147 648 46 14 293 257 672 341 2033 367 2389 154 627
46 64 92 93 94 96:5266:51 60 2096 283 1252 1524
46 48 65 72 73 74 75 92 93 94 96 98:9455:464 163 116 69 251 147 333 1331 1161 4416 514 490
92 97:706:183 523
65 75 92 93 94 95:3466:163 387 1180 314 891 531
47 65 72 74 92 93 94 96 100:7452:123 232 15 120 2912 682 2097 535 736
47 50 74:839:226 327 286
48 92 94 96:3023:202 1241 1084 496
92 93 94:3635:1251 532 1852
46 72 92 93 94:3388:182 47 1668 171 1320
73 74 92 94 95:1686:72 100 188 1038 288
46 47 72 92 94 95 97:4265:151 343 33 707 1548 936 547
46 47 48 50 72 74 92 93 94 96 97:11202:197 192 149 441 82 55 2330 1002 5322 490 942
46 48 64 92 93 94 97 98:6371:266 148 83 1134 359 2531 1266 584
46 47 48 64 73 74 82 87 92 93 94 96 98:11964:217 532 138 85 60 202 327 401 1670 659 6161 1038 474
46 47 48 72 73 74 76 92 94:4458:69 336 156 32 96 69 812 1613 1275
36 46 48 63 65 73 92 93 94:5704:154 85 151 534 78 12 1445 647 2598
3 36 47 73 74 92 93 94 96 97:7991:28 17 107 194 23 2019 1655 2795 615 538
92 93 94 98:1957:663 232 594 468
2 46 48 73 83 92 93 94:5889:32 36 73 60 39 1835 701 3113
48 92 93 94 95 96 97:5963:61 715 1083 2117 328 1132 527
38 46 48 50 51 63 64 72 73 74 76 92 93 94 96 97:14000:78 166 627 288 721 202 305 504 117 433 715 1792 930 6026 558 538
94:448:448
73 74 92 93 94:2444:46 58 756 226 1358
93 94:566:95 471
92 93 94:1189:347 309 533
2 48 92 94:2315:7 80 1305 923
48 74 92 93 94:2377:74 23 919 268 1093
73 92 93 97:1483:238 447 216 582
92:79:79
94:160:160
57 92 94:2914:1036 1124 754
47 72 73 74 76 92 93 94 95 96 97:9411:277 31 180 31 879 1836 1200 2570 298 1462 647
64 72 74 92 94:4690:776 85 107 1199 2523
46 51 73 74 92 93 94 96:8342:153 246 121 10 3665 234 3451 462
46 48 64 65 72 73 74 92 93 94 96 97 100:19319:66 87 230 301 330 377 350 5659 1430 5933 2364 1466 726
92 93 94:800:413 119 268
65 92 94 95 96 97:3626:165 506 1583 265 576 531
48 65 74 92 93 94:4905:41 80 37 2401 292 2054
47 50 74 92 94 96:4317:201 329 19 1529 1771 468
46 47 48 50 72 73 74 92 93 94 96 97 98:13186:286 116 125 534 23 109 198 4033 1181 4551 954 624 452
46 47 48 57 63 64 72 73 74 75 88 92 93 94 95 96 97:17892:169 553 705 354 180 302 94 324 568 289 279 3987 708 7218 908 472 782
47 74 83 92 93 94 96 97:5003:411 210 269 1319 444 1266 473 611
19 92 93 94 96:3227:31 725 252 1696 523
37 47 48 49 64 73 74 82 92 93 94 95 96:14992:312 615 43 509 31 113 113 518 3618 1725 6628 305 462
2 36 46 47 48 63 64 72 73 74 75 76 78 87 88 92 93 94 95 96 97:33657:35 224 907 172 227 545 530 1532 985 1443 1201 605 3063 410 249 4933 2610 9926 779 2029 1252
46 47 48 65 72 73 74 88 92 93 94 95 96 98:21110:874 406 46 616 43 487 89 474 4667 721 11163 394 517 613
92 94:1199:740 459
47 48 73 74 92 93 94 97:12906:106 198 31 41 6994 935 3825 776
37 51 63 65 72 74 92 93 94 96 97:16561:25 421 242 486 40 160 4635 1080 7898 1051 523
46 47 48 64 65 73 74 92 93 94 95 96 97 98:10035:546 341 227 32 174 398 72 2884 1130 2303 304 529 617 478
74 92 94:1238:186 449 603
46 48 73 74 92 93 94:5814:213 74 198 33 1665 1188 2443
46 47 48 63 64 65 72 73 74 75 92 93 94 96 97:18043:120 167 310 1670 795 1306 38 72 588 620 1770 2802 6078 1121 586
73 93 94 96:2036:120 242 1192 482
46 47 48 74 93 94 96:5902:164 117 324 8 2940 1871 478
94:94:94
46 47 48 73 93 94:4368:97 179 159 67 3297 569
46 47 48 73 93 94:4507:206 129 273 46 1910 1943
46 47 64 73 92 93 94 98:7215:239 505 119 49 1745 693 3281 584
46 47 48 74 92 93 94:5965:84 128 58 306 119 2691 2579
93 94:1173:704 469
93 94:680:459 221
94:313:313
3 4 43 46 47 48 64 72 73 74 82 92 93 94 95 96 97:13277:16 34 69 104 132 145 70 92 281 296 977 3241 811 4806 332 1128 743
92 94:3057:1309 1748
46 73 74 92 93 94 96 97:10211:189 36 155 1617 1372 4392 1642 808
46 48 73 92 93 94:2416:93 79 69 301 771 1103
46 47 48 78 82 92 93 94 97:8254:75 57 104 2555 555 789 1791 1805 523
46 72 92 93 94:2009:179 93 781 368 588
46 64 92 93 94 96 97:4231:60 339 552 615 957 1066 642
50 73 74 93 94:1211:270 56 150 284 451
39 48 50 73 74 92 93 94:7623:534 105 410 252 69 1088 1318 3847
92 93 94 98:3323:1513 262 753 795
46 73 74 78 92 93 94 97:4887:173 80 103 257 577 102 2587 1008
47 65 73 74 92 94 98:3901:207 245 184 35 424 1660 1146
48 72 73 74 92 93 94 95:6233:75 117 44 133 1552 698 3305 309
92 93 94 96:2247:180 658 626 783
46 48 92 93 94 96:2438:42 205 536 284 620 751
92 93 94 96:2405:900 188 846 471
48 74 92 93 94:2632:193 95 1485 699 160
46 74 92 93 94 96:2061:200 46 387 93 618 717
63 74 92 93 94 97:3968:145 27 371 549 2319 557
30 36 46 65 73 74 92 93 94 96:5584:15 129 49 42 92 36 1735 1227 1675 584
73 74 92 93 94:4060:15 63 2859 154 969
38 64 72 73 74 92 93 94 96 97:6893:322 208 142 70 12 1749 715 2449 532 694
96 98:1445:532 913
94 98:1088:585 503
94:313:313
73 74 92 93 94:1082:27 213 292 98 452
48 64 72 73 74 92 93 94:2620:198 453 100 106 20 247 1146 350
74 92 94:1538:171 625 742
46 92 93 94:2229:56 96 408 1669
3 46 47 65 72 73 74 92 93 94 95 96 97 98:15075:24 295 59 140 700 280 587 2355 2160 4253 280 590 2881 471
93 97:755:93 662
92 93 94 97:1353:360 161 285 547
73 74 92 93 94 95 98:4243:162 157 775 317 1945 331 556
46 73 92 93 94 96:3148:224 44 204 261 1484 931
92 94:1687:1131 556
94:533:533
72 94:350:175 175
48 72 73 74 92 94:1406:58 60 101 80 402 705
73 94:310:35 275
94:203:203
73 93 94:1295:58 1053 184
47 92 93 94:1949:176 227 550 996
46 72 92 93 94:2225:47 108 380 690 1000
73 92 93 94:2367:30 757 93 1487
74 92 93 94:1218:178 281 162 597
38 74 92 93 94:1443:247 138 708 193 157
2 3 46 72 73 74 92 93 94:7532:49 23 154 84 133 187 3471 813 2618
2 3 46 48 72 73 74 75 92 93 94 95 96 97 98:20255:49 11 68 312 19 283 33 468 5790 2144 8001 362 482 1154 1079
46 48 73 92 93 94 96:5994:91 209 214 1098 481 3223 678
46 48 92 93 94:2354:50 57 1015 301 931
36 92 94:791:21 225 545
92 93:1274:1013 261
47 48 72 73 74 92 93 94 96 97 98:12369:156 250 302 218 408 1837 1689 4976 1027 536 970
47 48 72 73 74 92 93 94:5218:45 170 43 162 61 567 1193 2977
72 92 93 94:2782:44 943 279 1516
46 47 48 73 74 92 93 94:2568:89 341 547 43 127 404 304 713
47 72 74 92 93 94:3024:213 214 101 1172 204 1120
36 47 73 74 92 93 94:2306:153 55 53 20 446 501 1078
68:1120:1120
46 48 92 93 94 96:3928:46 49 382 1418 1560 473
73 74 94 97 100:1611:10 100 163 610 728
36 46 73 92 93 94:7832:120 58 485 3054 539 3576
3 46 48 72 73 92 93 94 95 98:4979:22 76 56 64 57 1081 1333 1328 376 586
46 47 72 73 92 93 94 95:8540:47 203 310 120 3555 430 3729 146
46 73 92 93 94:3281:82 42 1041 185 1931
46 98:586:125 461
94:349:349
46 48 74 75 88 92 93 94 96 97 98:14653:54 217 230 774 350 1698 2997 4926 1429 1490 488
31 37 46 48 92 93 94 97:6382:27 111 214 197 1402 1335 1760 1336
48 93:203:97 106
46 72 73 74 92 93 94 96:2354:191 121 39 60 189 126 895 733
46 73 74 92 93 94 96 97:6680:132 23 36 81 1133 4112 587 576
93 94 98:1369:421 183 765
48 50 72 92 93 94 96:7734:96 361 32 1405 1094 4281 465
48 51 65 72 74 92 93 94 96:9397:129 337 205 252 110 1218 1232 5311 603
92 93 94 96:2257:352 1014 355 536
74 92 93 94:1195:27 97 625 446
46 48 72 92 93 94:4953:30 184 62 1627 1819 1231
37 46 48 65 72 74 92 93 94:5112:174 54 378 186 118 27 395 1094 2686
46 64 76 93 94:7921:261 144 1270 2600 3646
46 48 74 92 93 94:6133:58 274 165 712 1257 3667
72 73 74 92 93 94 97:7951:622 10 451 1468 1572 3191 637
47 72 92 93 94 97:6710:113 169 1644 1470 2782 532
46 48 63 72 73 74 92 93 94 96 97 98:13360:143 354 182 226 154 56 2440 2020 4231 2361 707 486
48 92 93 94 96 97:8079:42 1392 733 2520 1276 2116
46 47 48 92 93 94 96:4554:23 152 45 1168 349 1687 1130
48 73 74 92 93 94 96 98:6678:82 207 61 1104 1036 2220 489 1479
73 93 94:311:115 137 59
46 48 64 67 72 73 74 75 85 92 93 94 95 96 97:11938:108 85 357 268 652 484 544 713 60 1282 456 3863 349 2018 699
94:252:252
69:8397:8397
76:6909:6909
66:2442:2442
77 80 82 83:71954:421 1905 56267 13361
82:50567:50567
82:50:50
48:12:12
92 93 94:930:428 338 164
48 72 92 93:930:48 16 453 413
48:35:35
93:325:325
78 94:455:289 166
92:331:331
46 92 94:251:41 151 59
48:50:50
73:125:125
94:189:189
46:60:60
92:476:476
92:87:87
93:262:262
63:113:113
