47 48 73 93 94:469:39 35 107 56 232
93:172:172
86:2857:2857
48:140:140
38 63 72 74 78 92:2199:243 171 850 33 629 273
74 78 82 87 92 94:7950:76 666 3527 551 2287 843
55 82 86 94:9664:217 8047 1228 172
46 73 82 94:3049:20 50 2843 136
65 94:665:390 275
69 76:9647:5867 3780
66 72 82 87 92:10627:2445 308 5283 1233 1358
74 77 80 82 87 92 94 96:9501:626 432 2239 5063 255 145 230 511
21 55 75 82 83 88 92 94:8587:129 25 898 1611 413 3513 841 1157
64 72 74 75 82 83 85 88 92 94:12502:189 407 70 817 5364 41 719 2035 2049 811
63:334:334
55 65 66 72 76 82 92 94:9288:114 2676 2377 372 2193 832 400 324
20 36 46 65 66 68 69 82 92 93 94:8156:173 145 108 2474 1200 742 1142 955 374 170 673
3 46 63 66 67 73 76 82 85 92 94 96:8650:47 54 594 2954 1042 173 457 735 650 398 296 1250
16 27 31 36 38 46 48 55 63 65 67 72 73 74 76 78 82 83 88 92 94 97:44451:15 1841 24 553 323 227 146 2070 454 2139 1564 438 147 652 15870 358 7186 3758 800 2061 3163 662
76 83 88 92 94:2132:521 253 127 609 622
55 65 72 84 92 94:1452:77 425 99 331 256 264
36 46 47 51 63 65 74 82 83 85 87 88 92 93 94:22373:290 90 118 1187 542 441 131 8717 2081 429 991 4443 1238 140 1535
92 93 94:2541:890 394 1257
82 92 94 95:3429:1290 816 587 736
3 16 36 72 74 82 92 94 96 97:23676:71 764 223 43 43 19930 566 840 555 641
72 73 76 82 83 88 92 94 95:7624:89 94 1133 1278 495 1200 1433 1605 297
38 46 47 72 73 74 82 92 93 94 95 96 97:14086:229 57 54 36 124 213 1280 6197 144 3783 328 508 1133
48 72 74 82 92 94:6717:57 220 440 4004 601 1395
73 78 82 85 87 88 92 93 94 95 96 97 98:14798:53 328 1346 166 590 1329 2785 238 5038 1107 633 576 609
38 63 65 66 67 73 74 76 83 85 88 94 95:7795:195 787 1490 1362 333 195 56 1398 246 104 133 1145 351
63 64 65 73 78 82 88 92 93 94 97:6402:669 546 1036 33 309 1064 799 929 112 219 686
47 64 65 66 69 73 74 76 78 82 92 93 94 95:18143:215 412 1601 2891 4007 85 26 4142 249 2127 810 48 1212 318
16 36 47 57 64 67 69 72 73 74 75 76 77 82 92 93 94:18987:266 356 48 170 640 345 3458 1186 434 278 340 4322 774 2607 1118 141 2504
65 73 74 93 94:1277:402 68 44 307 456
36 48 72 74 75 76 82 88 92 93 94:9243:388 47 358 206 720 1785 483 603 1915 105 2633
3 50 65 72 73 74 92 93 94:5306:31 491 232 317 62 65 1716 272 2120
46 92 94:5224:92 1878 3254
36 38 63 72 74 75 76 77 82 83 88 92 93 94 96:7573:42 181 367 337 208 351 470 300 234 1078 864 1237 977 278 649
37 65 72 73 74 83 92 93 94:4948:311 349 1160 190 157 240 1241 206 1094
63 72:1016:300 716
46 64 72 74 76 77 80 83 92 94:6814:87 159 301 28 469 691 3780 268 883 148
46 72 76 92 93 94 97:4089:171 266 1139 594 526 760 633
65 92 94:2343:983 1139 221
3 10 12 63 72 94:7553:39 5866 1159 277 39 173
36 42 50 55 65 72 73 74 76 82 86 88 92 93 94 95 97 98:32904:316 462 288 13 149 80 160 66 5596 6984 3928 627 5963 431 5551 1011 714 565
64 65 72 73 74 75 76 82 83 86 87 88 92 93 94 95 96:33742:261 52 819 110 403 1238 6448 1987 264 1306 1035 969 8180 580 7749 1217 1124
56 63 73 74 76 82 92 94 96:9712:473 218 165 77 762 3594 776 3111 536
20 38 46 48 50 51 64 65 72 74 75 76 82 87 88 92 93 94 95 96:29567:51 436 751 121 449 309 149 35 334 410 586 511 1804 403 2552 8399 721 8916 1932 698
72 74 82 88 92 94 99:2255:294 140 216 194 473 476 462
36 47 63 64 65 92 94:4150:288 193 120 149 200 1443 1757
46 73 92 94 96:5928:237 32 1971 3184 504
36 46 47 64 72 73 74 76 78 82 92 93 94 95 96:19957:75 276 341 61 47 99 189 1020 301 1239 7873 1384 6254 244 554
36 46 47 48 64 65 72 73 74 75 78 82 87 92 93 94 95 97:26081:401 239 164 95 346 514 989 300 809 823 281 1349 733 6843 1765 7565 1415 1450
46 63 65 68 72 73 74 75 76 88 92 93 94:11798:266 425 1575 738 887 316 88 1198 1687 1518 619 52 2429
38 46 47 48 64 65 72 82 87 92 93 94 95 98:16519:351 165 95 193 118 300 334 298 904 6902 1371 3903 1059 526
36 46 48 63 64 73 74 82 88 92 93 94 95 96 97:33176:390 662 444 368 279 99 11 3351 714 12363 573 10851 1122 507 1442
3 38 46 47 48 50 63 65 72 73 74 82 88 92 93 94 95 96:28483:62 91 364 322 370 273 200 416 37 145 222 2431 135 8135 842 11134 1090 2214
92 94:637:397 240
36 42 46 48 64 72 73 74 82 86 88 92 93 94 95 96 99 100:27674:369 508 590 321 729 47 121 168 1922 619 839 7737 273 11500 352 681 133 765
2 46 47 74 92 93 94 95:5370:59 104 196 371 1861 150 2401 228
47 67 72 73 74 75 82 92 93 94 95 96 97:13652:55 380 1028 39 23 421 605 5681 478 3619 216 520 587
38 63 64 65 72 76 92 93 94 97:8089:515 600 382 230 42 1014 1117 157 2989 1043
36 46 47 48 72 73 74 92 93 94 96:15414:267 126 177 197 719 213 345 4459 1178 7025 708
38 46 47 48 65 82 92 93 94 95 97:8509:429 156 95 104 822 337 2236 655 2706 427 542
46 48 64 65 67 92 93 94:3410:141 122 154 559 563 841 368 662
92 93 94 96 97:6017:1990 393 2466 525 643
25 46 47 72 73 75 78 88 92 93 94:16684:375 256 63 40 79 3886 410 2090 5656 483 3346
48:35:35
36 37 48 50 72 73 92 93 94 95 96:11073:290 98 240 284 140 424 3039 458 5275 313 512
3 73 74 82 92 93 94 96 97:6003:26 228 49 281 1888 112 2168 715 536
46 64 65 73 74 92 93 94:5821:220 20 391 115 45 1032 89 3909
46 48 82 92 93 94:4852:49 54 711 582 235 3221
48 50 77 87 92 93 94 97:9414:185 301 195 678 4055 469 2074 1457
3 13 39 46 47 48 54 56 63 64 65 72 73 74 75 76 78 83 84 87 92 93 94 95:20477:41 220 566 134 130 144 402 187 287 926 1573 1237 380 680 3242 682 1172 170 262 1906 702 1306 3900 228
47 55 64 73 88 92 93 94:4595:117 20 28 55 400 1258 501 2216
38 46 47 64 65 74 75 82 92 93 94 95 96:14289:302 380 90 118 39 120 788 411 5952 755 4289 546 499
72:95:95
16 38 46 48 50 63 64 65 72 73 74 82 88 92 93 94 95 98:27102:640 654 253 319 384 686 1496 590 533 307 65 5515 1220 3590 2079 7350 955 466
48:71:71
93:43:43
74:171:171
4 36 39 46 47 63 64 72 76 77 80 82 84 87 88 92 93 94 95 96 97:34868:56 111 604 129 52 254 495 164 2876 651 1467 7257 486 1041 568 10942 117 4911 1331 547 809
47 48 72 92 94 95 97:6160:160 140 33 2094 2250 640 843
56 65 67 72 92 94 96 99:6042:469 388 989 636 695 961 1168 736
46 66 72 75 82 92 93 94 95:9883:87 6537 359 1310 279 713 108 362 128
92 94:1634:1158 476
38 48 64 65 75 92 94:3256:400 56 1182 328 597 384 309
3 46 64 65 75 82 92 94 95:3389:47 273 110 178 597 890 643 322 329
36 64 65 68 72 73 74 75 82 87 88 92 93 94 95 97:24415:744 307 514 900 118 150 388 334 1349 853 554 10261 1008 5222 933 780
47 51 63 64 65 72 73 74 76 77 82 86 92 93 94 95 97:23675:102 232 1046 84 283 96 22 13 1129 203 1858 2438 8188 364 4917 2049 651
72 76 82 83 88 92 94 95:10610:195 5421 822 125 175 2277 414 1181
68 73 74 82 92 95:3936:2167 78 25 613 603 450
20 32 46 47 48 50 63 64 65 67 73 74 75 82 84 92 93 94 95 96 97:29271:204 166 731 34 228 369 788 536 853 78 324 875 363 4198 260 8940 1314 6592 785 1037 596
92 94 95:920:341 410 169
63 64 65 76 92 94:4179:282 198 142 3181 206 170
38 46 48 63 64 65 67 69 72 74 75 76 80 88 92 94:37366:592 98 104 1128 391 2826 244 1569 226 190 19186 1883 7511 958 214 246
46 47 48 63 64 65 66 74 76 78 92 93 94 95:15241:49 36 106 149 420 823 4953 51 1460 549 3024 210 3115 296
64 65 67 92 94 95:4398:115 228 227 2099 1032 697
13 47 72 73 74 76 92 93 94 97:10293:1938 84 510 92 330 1906 2018 199 2358 858
50 65 92 93 94 98:3567:272 582 1555 123 492 543
36 48 63 64 65 66 67 72 73 74 75 82 83 84 88 92 93 94:16289:131 39 97 92 662 999 870 335 255 80 357 4295 349 616 568 2308 865 3371
47 65 92 94:1548:125 235 640 548
76 92 93 94:1713:449 691 191 382
48 63 64 73 76 78 93 94 97:4115:60 369 825 68 478 318 110 561 1326
92 94:1466:1034 432
48 92 93 94:2865:31 996 454 1384
4 46 47 48 63 64 65 66 72 73 74 75 76 78 87 88 92 93 94 95 97:22236:14 394 64 36 180 525 646 1171 278 172 619 546 508 280 611 206 5103 1219 8623 328 713
36 47 63 64 66 72 73 74 75 76 88 92 94:8067:111 160 423 785 1090 518 60 591 460 2264 690 308 607
72 74 92 94:1616:409 106 514 587
92 93 94 95 96:5757:1989 149 2648 431 540
3 46 73 92 93 94:3494:5 52 55 2055 154 1173
64 65 88 92 94 95:1982:426 215 488 517 145 191
92 93 94:3793:2123 156 1514
46 75 92 94 95:2798:168 601 897 945 187
46 47 48 63 64 65 72 73 74 75 78 82 88 92 93 94 95 96 97 98:32779:552 35 655 714 254 663 224 16 178 501 501 2504 690 11101 663 9236 304 2432 568 988
46 48 55 63 65 67 69 72 73 74 75 76 77 78 82 88 92 93 94 95:16670:178 286 300 838 481 93 3762 375 185 1494 336 1079 190 648 1052 1039 990 90 2817 437
36 38 72 73 74 82 92 93 94 96:7275:350 140 513 217 303 1224 2126 388 1470 544
37 38 65 72 74 76 82 92 94 95:9872:321 69 170 300 64 712 331 5902 1444 559
38 48 63 82 92 94 95 97:10017:360 135 95 842 4635 2921 460 569
46 47 64 65 67 73 76 82 87 88 92 93 94 95:15160:205 41 299 889 295 50 901 1241 570 681 6440 390 2802 356
4 47 48 64 74 82 87 89 92 93 94 95 96:9891:41 174 30 349 38 324 263 788 2337 1032 3594 263 658
46 47 76 78 89 92 94 95:4951:43 248 1289 242 1037 1094 503 495
73 74 92 93 94:7929:36 23 3061 266 4543
36 46 47 73 92 93 94 95 96:11044:269 47 147 43 4802 298 4125 589 724
46 48 64 65 72 73 74 82 88 92 94 95 96:9150:305 40 68 551 37 43 13 3281 963 1607 1124 477 641
36 46 47 48 74 82 92 93 94 97 98:12726:287 336 375 125 70 398 1856 963 6339 1401 576
38 46 65 92 94:3004:59 274 72 1408 1191
36 38 47 72 73 74 82 83 88 92 93 94 95:22874:305 379 55 89 180 17 2478 3065 1646 9519 812 3493 836
38 72 82 92 95 99:6913:72 129 1209 1604 3686 213
30 46 47 48 64 73 82 87 92 93 94 95 96 97 98:23890:46 475 125 65 290 24 3157 237 10501 1065 5133 473 1254 538 507
82 84 92 94:3885:550 526 1474 1335
16 63 72 74 82 92 93 94 95 96 97:8627:103 404 182 79 2726 1335 195 1669 551 765 618
46 72 74 76 82 87 92 93 94 95:17321:43 999 114 1566 1379 734 8718 500 2450 818
72 88 92:1590:170 581 839
38 47 73 74 82 83 88 92 93 94 95:18614:349 96 200 316 2936 41 750 7984 396 4811 735
21 36 37 46 47 65 72 74 92 93 94 95:18199:21 187 269 125 42 316 163 276 8600 721 5308 2171
36 47 65 73 74 78 82 86 87 92 93 94 95 100:19559:287 248 182 155 69 246 2973 755 1387 9087 188 3166 239 577
46 50 63 64 65 72 73 74 75 76 82 87 88 92 93 94 95 96 97:25746:572 351 328 202 804 18 90 49 2821 457 4143 2767 216 6053 729 3435 955 510 1246
47 67 72 73 74 75 82 88 92 93 94 95:10982:460 136 158 59 42 453 366 1898 5322 148 1597 343
92 94 95:1948:1061 158 729
92 94:3585:3122 463
38 47 72 73 77 82 92 93 94 95:8499:270 290 107 103 143 1911 2733 382 2044 516
3 46 47 72 73 83 88 92 93 94 95 96:9147:99 118 144 361 9 368 1186 3760 438 1750 388 526
64 65 72 76 77 82 83 87 92 93 94 95 100:16684:80 314 36 449 513 2464 117 247 6580 808 2325 1715 1036
74 78 92 93 94 95:3102:32 772 1232 228 536 302
65 92 94:1034:256 544 234
31 46 63 64 65 72 74 82 83 88 92 93 94 95 97:29435:58 411 360 79 240 180 507 5422 241 342 13502 420 6105 990 578
46 63 72 73 74 92 93 94 95:14119:148 412 490 24 48 9711 204 2355 727
37 38 46 48 72 73 74 78 82 87 88 92 93 94 95 96:26790:205 125 203 73 469 142 207 450 1548 796 446 12270 657 7767 912 520
72 73 74 82 83 86 88 92 93 94 95 97:16891:717 58 88 1556 553 1918 140 6875 147 1752 2546 541
47 49 65 72 73 74 76 82 92 93 94 95 99:18471:447 675 541 25 76 229 541 1169 9042 171 2157 2934 464
47 64 74 82 92 93 94 95:17234:287 204 27 1414 9781 91 3783 1647
38 73 74 82 92 93 94 95:5743:38 216 43 2311 646 251 1694 544
3 20 38 46 47 55 63 65 72 73 74 75 82 88 92 93 94 95 97:30284:68 57 416 33 72 63 744 150 1413 284 420 360 11223 204 9475 569 3546 628 559
40 47 73 74 92 94:5210:690 271 12 37 2608 1592
36 38 46 47 50 66 72 74 76 82 83 88 92 93 94 95 96 97:22098:411 474 397 80 300 1043 142 98 472 1832 256 81 8270 1108 3710 1730 540 1154
2 36 46 47 48 63 65 72 74 82 88 92 94 95:23147:233 127 134 155 70 288 797 55 22 3027 958 10639 4384 2258
36 63 64 72 73 74 82 92 94 95 96 97:17107:160 364 421 29 79 19 4412 4807 3649 958 536 1673
38 46 47 64 72 73 82 87 88 92 93 94 95:19408:420 119 413 139 172 210 1658 534 304 8600 550 3634 2655
17 46 65 72 74 82 86 87 88 92 93 94 97:21624:7 434 80 164 20 4295 4205 235 2118 6743 232 2525 566
36 65 67 72 75 82 92 94 95:9079:254 210 300 378 482 3251 2524 1475 205
3 37 38 41 46 47 57 63 64 65 72 73 74 75 77 78 82 88 92 93 94 95:20964:105 179 697 774 125 293 414 750 118 541 3090 577 284 498 570 458 1071 130 6722 417 2949 202
74 92 94:1800:20 543 1237
76 92:1205:747 458
64 72 73 92 93 94:1249:25 172 171 694 103 84
47 72 73 74 92 94:3094:246 282 38 132 1718 678
47 73 82 92 93 94:5885:104 165 817 3605 215 979
47 63 64 65 72 73 74 82 92 93 94 95 96:7261:156 419 208 180 39 144 58 217 2369 301 1986 650 534
36 46 65 92 93 94:3848:428 233 992 1739 206 250
46 47 63 64 65 68 72 73 74 78 82 88 92 93 94 95 96 98:16885:186 103 743 191 570 715 160 96 101 1383 1040 162 5166 179 2911 1065 1454 660
46 64 65 72 74 87 88 92 94:4044:25 212 249 15 161 350 852 1902 278
46 47 48 49 92 94:3320:320 69 70 633 896 1332
38 48 64 65 92 94:2549:315 99 248 140 1299 448
74 92 94:1445:33 887 525
4 38 47 63 65 72 75 82 92 94:18093:43 410 96 709 786 200 1052 11453 2438 906
38 63 65 67 68 72 73 74 75 77 93 94:11149:404 274 1493 812 710 2314 90 16 2141 2285 128 482
34 46 53 58 64 65 72 73 74 76 82 86 88 92 94:76474:586 70 3591 335 177 366 152 674 581 1723 24482 34336 668 8019 714
16 17 26 29 31 36 38 47 51 54 55 56 57 64 72 73 74 82 86 87 92 94 95 96:43750:24 37 79 2 228 465 112 81 259 521 450 481 144 112 78 121 610 23624 4563 2410 5853 2246 713 537
31 48 55 65 72 82 86 92 94 95 97 99:16268:73 65 540 135 223 1962 859 8017 2316 1044 641 393
64 72 73 74 76 82 83 85 87 88 92 94 96:6370:89 790 313 356 848 168 332 111 255 1019 978 491 620
92 94:563:285 278
25 36 46 47 63 64 65 72 73 74 75 76 82 87 88 92 94 95 96 97:28422:201 316 50 149 259 484 468 416 187 207 701 478 6698 2368 825 9148 3136 529 669 1133
38 42 65 82 86 87 92 94 95:12781:447 589 342 4751 1787 749 1188 1449 1479
16 36 46 47 73 74 75 82 86 87 88 92 94 95 99 100:30573:15 320 73 48 34 190 2489 12724 2246 1392 1404 6161 1735 772 237 733
54 74 82 87 92 94 95:17682:60 75 8878 2277 4015 1605 772
2 48 73 92 93 94 95:3389:43 66 68 1405 64 1518 225
47 63 76 82 92 94 95:18015:235 228 2141 10431 2622 2024 334
46 92 95:849:121 379 349
16 36 48 65 67 69 72 73 74 82 83 86 87 88 92 93 94 95 99:18715:22 194 33 324 251 1085 317 54 77 4960 55 2562 547 1012 3529 141 1896 1325 331
29 36 37 38 48 56 63 65 67 69 72 73 74 75 76 80 82 87 88 92 93 94:22787:33 56 442 467 45 1006 660 2095 1604 2301 1096 95 1063 364 4385 1283 662 973 1504 762 707 1184
74 92 94:726:77 241 408
38 74 80 82 86 88 92 94:14351:385 112 4394 609 1343 5875 1365 268
73 92 94:377:41 177 159
38 72 73 82 92 94 95 97:7837:517 75 216 4525 986 618 277 623
46 82 88 92 94:8388:190 2822 434 1931 3011
72 77 82 86 87 89 92 93 94 95 96:28450:234 532 18754 1899 1115 1125 1591 542 1208 294 1156
36 82 92 93 94 95 97:11682:213 4956 2553 483 2033 855 589
37 65 92 94:2060:83 165 1478 334
31 46 47 48 51 64 72 73 74 82 83 86 88 89 92 93 94 95 97:30411:52 174 222 68 346 64 195 149 172 6110 1172 1571 1301 3626 9588 140 3982 400 1079
82:582:582
46 72 74 78 82 86 87 88 92 93 94 95 96 97:21735:103 328 146 311 11369 2951 792 671 1900 215 850 256 1128 715
37 46 47 64 72 78 82 89 92 94 95:6998:112 48 53 150 423 270 2581 736 1332 859 434
16 46 65 73 74 82 85 86 87 88 92 93 94 95 97 98:29575:4 93 328 141 55 11038 414 3624 753 894 6563 140 2780 1267 914 567
3 16 36 46 55 63 74 75 82 86 87 92 93 94 95 97:49039:34 75 469 66 139 412 104 2844 21747 7878 1001 8510 189 2095 2879 597
36 55 65 72 73 74 80 82 83 88 92 94 95:19160:79 31 259 261 253 358 7027 3508 70 2982 2460 1586 286
47 72 73 74 76 77 82 84 86 88 92 93 94 95 100:41049:128 473 220 566 796 715 10548 292 5318 1420 12657 232 4756 2348 580
38 72 73 82 88 92 93 94 95:10212:462 146 217 4500 1248 2105 101 633 800
36 38 56 63 74 75 77 92 93 94 95:6038:227 54 182 580 207 1478 421 1188 284 899 518
4 36 38 41 46 48 65 72 73 74 75 76 77 78 80 82 85 88 92 93 94 96 98:24832:45 111 386 668 123 51 1745 1548 103 772 528 3359 2354 465 1338 4479 340 230 886 256 4050 547 448
36 38 63 72 73 82 92 94 95 96:8596:312 91 287 424 47 2779 3257 449 229 721
36 63 64 65 69 72 73 74 75 82 92 94:38174:238 560 504 581 28896 126 210 205 2242 1831 1603 1178
48 76 82 92:4580:127 1150 1003 2300
55 64 74 82 83 85 92 94 95:7300:62 139 197 1801 2060 138 1354 1321 228
82 87 88 95:33927:31816 1304 249 558
3 36 38 72 75 76 77 80 82 83 86 88 89 92 94 95:41699:48 177 214 76 453 557 692 13676 11439 424 3070 2429 373 5989 818 1264
82 87:5424:5069 355
82 87 88:9760:7230 466 2064
82 86 90:13958:1847 4909 7202
65 77 82 87:7235:65 378 6245 547
63 65 66 67 68 72 76 77 80:13371:1987 2488 997 1128 724 399 798 1474 3376
82 86:14146:12232 1914
4 55 63 65 77 82 87:12779:16 120 192 335 330 11535 251
76 82 86 87:11768:465 4265 5961 1077
55 72 82 86 87 88 89:30424:282 50 15592 11233 1429 1378 460
72 82 86 88 92 95:15611:234 9310 3119 636 1820 492
88 92 94:1603:1004 209 390
82 85 86 87 88 89 95:23614:7931 759 12382 321 1095 804 322
92:213:213
82 86 87 92:11328:6231 4238 560 299
30 46 82 86 87 89:19323:16 48 11457 7027 299 476
22 67 68 72 73 74 86:7988:400 1250 736 690 266 129 4517
82 86:14473:9784 4689
17 22 29 56 64 72 76 82 86 87:44058:144 51 181 338 137 489 1802 15730 24907 279
20 63 65 66 67 69 70 73 74 76 77 80 82:23350:216 808 1462 4574 622 1403 2002 478 207 581 2313 2475 6209
3 22 28 48 53 54 56 63 64 65 67 68 72 73 74 75 76 77 79 80 82 86 87 88:61029:58 17 279 21 1520 478 151 563 327 2611 1915 884 1600 47 789 420 1046 1610 190 2033 13868 28267 291 2044
3 38 64 65 72 73 74 76 82 86 88 92 93 94 96:14422:24 153 569 264 128 84 265 1147 4664 2105 525 1704 454 1803 533
64 65 67 72 77 82 92 94:6304:651 1201 422 696 252 856 1053 1173
46 47 65 72 82 86 87 92 94:3586:248 28 156 17 393 1364 272 925 183
46 63 64 67 92 94 95:5925:253 502 397 1004 1610 1771 388
82 86 92 94:11394:3707 5771 1714 202
74 82 86 92 94:8154:73 4006 1182 1202 1691
38 46 72 77 82 86 87 88 92 94:11871:551 35 40 430 4973 2445 539 242 1535 1081
36 42 47 82 86 87 92 93 94 95:12224:85 276 116 2783 3102 797 2837 209 1631 388
64 65 72 73 74 75 77 78 80 92 94:13534:205 265 1826 77 583 2414 217 381 4988 968 1610
80:1607:1607
86:2789:2789
2 3 36 38 46 47 48 49 63 64 65 66 67 70 72 73 74 75 76 77 78 80 88 92 93 94 97 98:57776:192 37 449 743 25 29 89 521 1130 1244 2084 1098 309 25870 1751 588 954 1152 3144 1818 358 1470 194 4543 102 5072 2291 519
48 63 64 92 93 94 96:4225:94 189 136 1463 286 1499 558
36 38 65:1332:129 287 916
63 64 65 68 69 72 74 75 76 77 94 97:13367:665 589 2350 925 1066 399 256 2786 1992 650 480 1209
36 38 47 48 63 64 65 66 68 72 73 74 76 80 84 88 92 93 94 96 97:24026:129 473 189 152 2082 1660 3757 2280 3379 601 93 258 459 1485 410 380 2846 72 1873 536 912
65 94:708:217 491
46 48 63 74 92 93 94 95:8853:102 119 1119 18 4428 218 2264 585
46 63 64 65 72 73 74 85 92 93 94 97:11108:39 1158 795 862 184 470 166 317 2602 128 3738 649
36 40 46 48 49 63 65 73 74 75 92 93 94 96 97:10976:320 689 133 105 412 910 488 151 233 518 1818 429 2309 1344 1117
38 63 64 72 92 94:2180:300 397 237 27 1016 203
46 63 64 72 75 92 93 94 95:3425:106 232 422 289 346 1035 287 498 210
46 47 48 63 64 72 74 75 82 83 92 94 95 100:10649:116 70 33 776 120 122 133 616 474 203 5695 967 673 651
38 72 74 92 94 96 97:4157:196 49 77 2112 581 576 566
85 92 94 95:3249:537 1374 972 366
46 48 50 65 72 73 74 78 88 92 93 94:9153:140 266 434 416 429 240 262 701 262 2340 110 3553
2 36 48 63 64 65 72 73 74 76 92 93 94 97:10411:102 79 80 403 119 615 161 323 514 1360 2407 355 3218 675
92 93 94 97:4020:2487 266 570 697
48 94:464:42 422
46 48 92 94:1287:90 59 173 965
4 36 46 48 63 64 65 69 74 88 92 93 94:12861:9 406 34 155 191 336 406 8044 95 591 483 100 2011
65 92 94 96:2446:175 653 1057 561
46 47 48 74 87 92 94 95 96 97:9589:197 281 47 85 791 4637 1587 447 601 916
38 46 48 65 72 74 82 88 92 93 94 97:14003:278 534 40 693 230 220 819 1436 4817 540 3794 602
2 4 36 47 50 65 72 74 82 92 93 94 96 97 98:19231:40 126 63 234 490 92 7 90 64 8928 1273 3672 1067 2521 564
74 76 88 92 94 95 96:2657:77 611 381 541 252 286 509
95:457:457
55 63 64 74 92 93 94:3041:395 239 145 569 415 141 1137
47 92 93 94:1979:56 1662 85 176
36 47 64 65 69 72 73 74 77 82 87 92 93 94 95 96 97:19588:96 298 709 17 2592 2212 255 350 320 1857 441 3233 933 3282 424 1100 1469
46 47 48 49 63 64 65 72 73 74 76 82 92 93 94 96 97 98:30184:233 1031 246 426 237 226 830 376 518 586 474 1139 6700 2201 11467 1512 812 1170
65 73 82 92 94 95:1886:237 104 367 161 557 460
3 92 93 94 95:2885:15 1287 162 1183 238
46 47 64 74 92 93 94 95 96:6181:158 208 254 20 2472 646 1550 250 623
47 63 69 76 92 97:5334:106 576 1135 1708 1187 622
46 47 92 94:1820:59 156 1201 404
46 47 63 92 93 94:1885:19 131 128 530 298 779
36 47 48 72 73 92 94 96 97:5118:126 194 297 144 147 1459 794 498 1459
46 47 48 50 51 73 92 93 94 98:9704:684 460 166 267 252 224 2027 308 4770 546
46 47 48 64 72 73 74 87 92 94 96:7470:22 60 108 282 301 80 75 856 3020 2009 657
46 47 63 72 73 74 78 82 92 93 94 96 98:11654:137 94 871 198 70 106 387 957 3706 673 1796 2052 607
92 94:1928:905 1023
36 47 48 63 64 65 73 82 88 92 93 94 97 100:11709:388 153 16 1407 442 1580 173 852 550 2566 338 1674 704 866
36 38 46 47 48 64 65 72 73 74 82 87 92 93 94 95:16101:128 68 346 345 87 84 574 39 400 306 3367 508 4675 413 4571 190
46 47 48 50 64 65 66 92 94 97:6588:230 85 77 322 432 847 1286 1322 1408 579
40 46 48 65 74 84 92 93 94 95 97:9552:647 190 168 1078 12 336 3213 745 1519 1033 611
48 63 64 65 68 73 92 93 94 97:7413:198 290 387 3471 1092 41 542 213 589 590
46 47 65 82 92 93 94 97:6323:113 116 92 972 2988 427 1050 565
3 64 65 66 92 94 96:4489:10 600 1128 1267 297 657 530
74:235:235
97:1025:1025
46 47 48 74 92 93 94 95:5691:160 91 58 117 1665 332 2683 585
36 38 46 47 63 64 65 72 73 74 75 78 82 85 92 93 94 95 96 97 98 100:21826:215 598 91 106 636 147 746 9 16 14 1173 274 2327 117 5683 815 5124 605 633 1265 638 594
19 38 46 64 65 72 73 74 75 82 92 93 94 95 96 97:18009:58 247 343 653 505 403 138 481 670 141 5434 1160 4520 905 1111 1240
2 46 47 48 50 63 64 65 72 73 74 78 82 83 87 92 93 94 95 96 97 98:36878:17 400 465 322 290 443 151 481 298 148 497 662 628 602 581 7640 3397 13974 895 2576 1413 998
47 63 73 77 92 94 95 96:5037:46 247 74 136 3256 390 238 650
47 82 92 94 95:9774:147 3546 2868 941 2272
64 92 94 95:3821:306 2534 541 440
46 48 49 50 51 72 92 93 94 95 96:21300:280 87 592 272 307 37 6617 2035 9191 785 1097
46 47 48 51 64 72 73 74 92 93 94 95 96 98:36223:1104 506 330 249 152 58 270 179 14818 2245 13381 892 1258 781
36 46 48 63 64 65 74 92 93 94 95 96 97 98:21006:122 278 162 21 163 62 183 6486 1718 9411 774 520 633 473
46 72 73 74 92 93 94 96 99:10150:129 67 75 391 3544 759 3791 1057 337
47 48 64 65 72 73 74 78 82 92 93 94 95 96 97:26523:216 102 68 185 660 487 367 293 1680 5991 2651 11519 570 1176 558
36 64 94:1081:493 117 471
94:273:273
38 46 48 64 65 72 73 74 75 87 88 92 93 94 95 96 97:25966:93 71 348 204 134 432 398 604 390 881 285 8878 1207 9497 205 520 1819
46 50 72 73 74 77 82 87 88 92 93 94 95 98:10908:34 358 292 238 26 65 1539 457 180 2038 369 4563 256 493
46 47 48 57 72 73 74 78 82 92 93 94 96 97:17414:359 472 75 178 277 254 428 258 2209 4299 392 7070 500 643
47 50 63 72 74 82 92 93 94 96 97:15811:177 613 82 579 440 967 5276 82 6548 508 539
46 48 72 73 74 75 88 92 93 94 95 97:16940:285 27 367 186 63 446 368 6171 225 7933 251 618
36 46 47 50 63 64 65 72 73 74 76 82 87 88 92 93 94 95 97:24621:516 390 120 345 326 1306 462 32 327 402 824 3444 1036 470 5771 1002 6775 492 581
46 47 63 64 67 73 74 82 92 93 94 95:10634:112 102 464 119 1180 27 51 1749 2151 235 3625 819
48 50 64 65 72 73 74 76 82 92 93 94 96:13661:163 275 188 110 223 112 46 793 339 4944 288 5628 552
7 63 64 92 93 94 95:2520:123 64 161 737 643 503 289
16 82 92 94 95:10193:141 7866 1173 372 641
2 36 37 40 46 50 58 63 64 65 66 67 68 72 73 74 78 82 86 92 93 94:41414:164 244 70 766 171 877 646 1925 6079 2222 1475 1199 1665 252 439 1075 413 4528 212 7460 1335 8197
92:160:160
3 65 73 92 93 94 95:6575:86 30 63 1772 149 4361 114
2 47 51 65 72 73 74 78 82 88 92 93 94 95 96 98:21016:11 33 259 289 686 178 116 242 2205 318 6930 1271 7098 260 558 562
81:58771:58771
46 75 82 92 93 94 95 97:11341:79 409 908 4259 70 482 3184 1950
64 65 66 67 92:5773:2788 1150 1075 276 484
30 65 72 82 87 92:4659:83 123 89 847 967 2550
47 63 64 65 72 74 77 82 83 88 92 93 94 95 96 97 100:21574:41 236 615 107 561 46 1005 3018 2384 406 7296 138 2108 1599 557 754 703
3 48 65 73 82 83 87 88 92 93 94 95 96 97 99:17756:38 52 266 120 3291 57 1072 418 7552 521 1288 884 513 1309 375
48 82 92:1318:49 659 610
87:662:662
46 48 63 65 92 94:1850:18 17 532 307 912 64
46 48 64 72 74 82 92 93 94 95 96 97:13933:55 161 172 579 55 1230 6192 346 2713 1159 724 547
46 47 73 92 93 94 95 97 100:7968:56 209 51 2883 232 2750 557 634 596
92 93 94 97:3172:999 165 1443 565
64 74 92 95:1039:160 45 530 304
46 48 64 82 92 93 94 95:7267:113 142 253 1071 2193 201 2727 567
46 65 73 74 86 92 93 94 96 97:9333:179 118 165 112 1297 965 308 4241 1302 646
46 48 73 74 92 94 95 98:4910:182 102 17 40 2308 1446 220 595
29 46 48 49 63 64 65 72 73 74 78 82 83 88 92 93 94 95 96 100 101:35886:88 312 69 415 282 222 965 1020 449 442 256 2699 167 193 11877 1253 11435 278 2111 604 749
37 47 63 72 73 74 78 82 92 93 94 95:13765:177 245 405 28 74 196 251 2122 4293 208 5521 245
46 92 94 96:2717:166 787 1183 581
65 72 73 74 76 86 92 93 94 96:11401:179 240 116 271 1094 745 4096 524 3606 530
74 82 92 94 96:6733:81 1959 1638 2502 553
74 82 92 94:1911:104 1348 108 351
46 48 50 67 73 74 92 93 94 95 96:8256:59 105 360 899 321 115 1587 280 2968 290 1272
48 92 94 96:1889:192 992 204 501
69 73 82 92 94 97:7654:1101 91 3446 1183 562 1271
92 94 97:2348:382 1030 936
36 47 92 93 94 95:5571:53 80 2355 248 2405 430
92 94 99:2570:784 1501 285
46 55 64 72 74 76 82 86 92 94 95 96 97:16385:182 149 63 130 137 487 3603 1128 3150 4730 695 524 1407
73 74 82 86 92 93 94:13609:172 224 938 6497 3688 145 1945
37 47 49 55 72 77 82 87 92 94 97 100:9841:411 799 589 60 25 361 3226 464 1977 649 549 731
4 16 26 31 42 48 63 64 65 69 72 73 74 75 76 77 78 82 83 86 87 92 93 94 97:94562:60 110 9 324 252 90 1043 1314 4051 1639 1903 508 422 707 2260 534 283 54756 14325 1082 462 3830 389 3614 595
5 26 48 54 56 64 65 67 72 76 77 80 82 86 87:18413:196 246 69 300 142 883 212 348 437 2783 1021 3710 5235 2292 539
63 65 92 94 97:1320:290 65 100 164 701
46 63 65 66 72 78 82 92 93 94:11246:64 419 188 1205 135 384 7264 213 218 1156
47 48 64 92 94:1377:36 41 126 976 198
70:18135:18135
92 93 94:1341:660 61 620
66 70:23204:7103 16101
46 48 93:552:57 363 132
92 93:617:529 88
46 47 48 64 65 92 93 94:1306:125 40 35 361 219 214 108 204
46 63 64 65 72 92 93 94:5257:108 1391 367 949 42 986 213 1201
92 93 94:1880:247 639 994
47 67 82:1759:134 928 697
36 82 87 92 94 95:22862:184 15881 1415 3047 504 1831
3 4 64 67 74 82 86 87 92 94 95:21793:45 58 884 268 31 10733 1048 457 6119 351 1799
76 82 83 87 92:8548:448 2292 2638 464 2706
82 87 92 94:4433:2370 474 1264 325
17 82 83 86 88 92 95:15420:24 6067 1824 5621 519 1056 309
46 63 74 76 82 85 86 87 92 94 95 97:28843:30 628 346 522 16757 50 4915 1462 1866 274 1431 562
48 92 93 94 96:3374:40 1738 358 608 630
65 74 92 93 94 95 96 97:5405:434 41 1166 872 1197 371 539 785
65 82 92 93 94 96 97:6709:55 666 1145 254 2329 1676 584
73 74 82 87 92 93 94 95:6292:49 15 740 267 1742 325 2411 743
48 73 74 87 92 93 94 97:7160:101 65 51 1485 1698 413 2608 739
74 82 92 93 94 97:11509:152 8138 1124 642 770 683
74 76:1302:164 1138
46 64 73 74 92 93 94 96:2927:245 220 19 42 517 187 991 706
36 46 47 48 50 64 65 73 82 92 93 94 95 99:6102:169 22 491 105 639 68 183 62 346 934 293 2375 179 236
46 47 64 72 73 74 92 94 96:6624:371 169 87 54 52 49 2868 2020 954
46 48 64 72 73 74 92 93 94 95 96:9058:169 36 87 23 138 23 1813 1501 3518 276 1474
48 74 78 92 94 96:4716:138 24 432 1952 1650 520
64 66 73 75 92 93 94:3676:153 1477 12 429 757 572 276
47 64 65 72 73 74 92 93 94 97:4927:160 216 241 125 587 159 707 1468 577 687
82 92 95:5771:3942 988 841
63 82 86 87 89 92 95:10413:365 1647 4520 1074 412 840 1555
82 86 87 89 92 99:18856:13267 2517 895 570 1084 523
16 36 46 48 63 64 77 82 86 87 88 89 92 94 95 97 100:42012:23 196 60 83 329 123 521 10019 22390 238 977 2614 1339 134 1745 594 627
4 38 46 50 64 65 72 73 74 82 92 93 94 95:8581:29 43 54 268 57 159 66 162 193 1415 2193 609 2369 964
82 92 95 97 99:7697:4881 1081 284 537 914
46 47 55 72 73 74 82 86 87 92 95:27223:78 116 473 50 99 51 18546 2069 851 2365 2525
36 54 56 72 80 82 86 87 89 92 95 99 100:29915:74 1259 1126 585 2725 11711 8737 229 368 595 1112 688 706
16 74 82 87 92 95:7291:18 196 4664 502 1686 225
82 86 87 92 95 99:21483:13995 1260 1622 2510 1639 457
31 82:5205:64 5141
82:2520:2520
82 86 87 92 95:17482:10036 2794 3111 912 629
46 47 74 92 93 94 98:3711:52 40 81 724 826 1493 495
46 47 51 64 65 72 73 92 93 94:2960:236 60 257 124 321 249 10 757 365 581
4 16 37 63 64 65 72 73 74 76 82 92 94 95:13222:30 199 309 252 261 574 684 38 67 2730 6573 685 506 314
74 92 94:2338:199 631 1508
36 46 64 82 87 92 94:9508:212 96 238 7023 1000 586 353
36 63 65 72 74 92 93 94 95:4611:301 278 682 351 256 1724 79 739 201
46 63 64 65 92 93 94:3200:64 557 219 260 771 119 1210
46 64 65 92 94 95:4491:50 210 47 2960 675 549
4 46 47 65 72 78 92 93 94:5159:85 106 562 356 358 264 1287 340 1801
37 42 46 64 72 73 82 86 92 93 94 95:11050:39 176 345 463 426 252 55 3010 2215 355 2737 977
46 94 97:1142:110 411 621
4 18 36 37 47 48 72 73 74 78 82 83 88 92 94 95 100:19273:25 480 314 178 374 99 523 101 34 445 5919 1149 2166 1810 4612 427 617
38 42 46 47 64 72 82 88 92 93 94 95 96 99 100:19995:230 289 103 205 264 138 11590 720 3323 149 1137 403 545 220 679
46 47 48 64 65 72 82 86 92 93 94 95:16197:58 434 174 297 119 21 4798 862 5654 110 2767 903
36 42 47 50 65 66 82 86 90 92 93 94 95:47124:169 184 95 444 164 4511 12106 3144 14197 6682 163 3157 2108
16 36 46 47 48 64 65 72 73 74 76 82 92 93 94 100:25048:141 20 188 218 476 325 381 237 74 222 2256 8186 5324 511 5895 594
36 38 46 47 64 65 69 72 73 74 75 78 82 92 93 94 95:16518:118 358 187 62 265 1780 1266 275 160 13 1780 1447 4368 2642 96 1456 245
16 48 55 64 65 74 75 82 86 88 92 94:13890:10 156 138 494 190 339 3918 3946 1328 1106 527 1738
68 75 92 94 98:3242:860 996 208 288 890
46 48 65 74 77 82 92 93 94 95 97 98 99:12469:436 281 25 51 452 2214 3017 405 3843 274 635 480 356
3 38 46 47 63 64 65 72 73 74 78 82 92 93 94 95 97:20827:19 441 299 115 1278 204 806 39 270 903 329 5459 4085 325 4547 416 1292
36 46 54 63 64 65 67 72 73 74 75 80 82 83 85 88 92 93 94 95:26252:537 319 31 1996 964 700 1917 4010 924 2051 834 1535 4730 136 70 248 896 188 3634 532
36 37 46 47 51 64 73 74 82 88 92 93 94 95 96 99:18523:168 339 303 118 462 853 18 31 5688 519 4878 447 3064 690 583 362
7 36 47 48 64 67 72 74 75 76 78 82 92 93 94:21326:148 528 202 991 945 168 560 524 1148 2971 1723 5935 635 39 4809
48:78:78
3 16 21 46 47 48 63 64 65 72 73 74 78 82 87 88 92 93 94 95:27610:12 128 98 100 273 217 1070 1876 968 70 59 210 327 10095 797 1026 5339 552 2827 1566
4 36 46 56 63 64 65 72 73 74 82 88 92 93 94 95:25135:62 93 71 480 1023 992 447 646 35 57 6690 114 7156 94 7086 89
36 48 63 67 68 72 76 77:6080:242 60 688 597 816 119 2746 812
36 38 46 64 72 74 77 82 85 87 92 93 94 95:21980:282 20 262 412 216 304 1013 4429 196 238 6493 149 7209 757
7 40 48 57 64 65 67 72 73 74 76 77 78 92 93 94:36540:292 925 191 232 992 7210 2052 10691 433 993 8083 240 582 1000 459 2165
3 5 36 38 46 47 63 65 67 72 73 74 76 77 82 86 87 92 93 94 95:33358:10 263 46 674 122 141 405 2886 308 774 116 45 688 89 8797 1426 3362 5956 685 5628 937
63 65 72 82 92 94 95:4372:384 242 152 771 1979 662 182
82 86 87:19950:10079 6968 2903
16 17 54 56 72 82 86 87 89:32412:46 16 27 329 70 6594 21523 3038 769
7 86:2489:123 2366
16 73 82 86 87 89 90:28149:3 202 15377 1500 1558 1373 8136
4 65:607:65 542
54 63 64 72 73 82 92 94:2629:37 246 503 295 74 871 285 318
9 13 20 29 31 47 49 54 55 56 63 65 72 73 74 82 85 92 93 94 98:23365:301 751 37 24 140 58 600 1924 37 2470 460 955 1254 102 632 5334 126 1390 930 4645 1195
65 72 73 76 82 92 94:9168:333 126 21 1241 4401 1560 1486
46 64 65 72 73 74 82 92 94:8786:125 74 511 358 289 73 2491 2828 2037
65 66 81:68242:995 5537 61710
28 34 53 58 77 79:23175:4262 1582 9440 6878 679 334
82 92:2828:2660 168
38 47 63 65 74 82 92 94 95:4583:251 48 94 879 21 1391 748 1001 150
13 26 28 29 47 53 54 56 58 63 64 65 72 73 74 76 77 82 86 93 94:33127:18 952 664 141 143 3688 3298 1013 4824 1047 298 540 4520 868 53 458 2251 2379 5288 148 536
48 55 63 67 72 73 74 78 80 92 93 94:17820:256 2221 653 1839 560 345 152 777 9959 358 357 343
36 38 47 64 65 72 92 93 94 96:6437:187 201 106 432 1351 159 1386 292 1773 550
46 50 87 92 94:2750:203 298 381 1039 829
48 63 67 72 73 75 82 86 92 94 95:52395:168 280 417 546 184 335 29480 16526 1681 2492 286
9 13 34 64 72 75 77 81 88:39713:7835 136 992 336 312 536 1100 28083 383
46 65 74 82 92 94:3647:100 533 184 551 1133 1146
17 82 86:74986:127 22512 52347
17 34 53 64 65 67 72 73 74 75 76 77 82 86 89 92 94 97:90265:380 972 411 175 480 804 2614 588 1212 363 498 3288 9073 65251 2880 313 282 681
38 82 87 88 92:6989:246 5217 469 692 365
26 36 54 56 65 72 76 77 82:5589:305 142 566 709 609 1060 819 220 1159
38 48 63 65 67 72 82 86 87 92 94 95 97:13074:316 40 705 29 293 251 6908 1970 475 909 120 446 612
46 63 82 86 88 89 92 95:6617:26 178 1530 1236 567 411 1516 1153
3 38 46 48 64 82 86 87 88 92 94 97:6232:45 252 118 32 851 1151 1201 277 472 663 590 580
63 79 80:6445:593 402 5450
46 47 63 72 82 86 87 92 95:19777:20 92 172 373 9326 3642 1137 1969 3046
76 82 86 89 92 95 97 99:20654:3088 1661 10177 727 1511 1808 679 1003
82 86 87 89 92 95 99:15691:5530 1028 580 363 3320 4251 619
9 13 27 36 38 47 54 56 64 65 67 72 73 74 75 76 77 82 86 87 89 92 94 95 97 99 100:47303:3481 178 698 255 213 86 300 524 639 287 1386 669 145 124 611 1215 1027 9508 18470 1040 1629 754 77 1913 636 827 611
72 82 92:3004:250 1130 1624
38 46 77 82 86 89 92 95 99:32054:268 190 613 6182 21857 461 1641 437 405
47 64 74 82 87 92 95:13557:83 84 270 9150 826 1900 1244
72 82 92:3375:322 2451 602
73 82 86 87 92 94 95 96 99:9782:57 3831 1267 486 2028 396 605 595 517
47 82 92 94 97:4641:47 2361 1281 307 645
49 74 82 87 92 94 95:6567:514 48 2051 1039 1443 541 931
74 82 86 87 92 95 99:10284:163 5302 161 536 1957 1770 395
47 65 72 82 92 94 95:10655:62 489 60 4458 3483 386 1717
64 76 82 88 92 93 95:8630:1043 864 4149 616 932 666 360
81:100329:100329
38 82:1582:298 1284
26 29 31 54 55 56 57 66 72 77 80 82 87:35911:315 1049 513 4368 1033 786 433 4370 762 2657 2631 16421 573
38 53 58 63 72 77 82 86 88 92 94 95:33620:238 37 173 317 1172 229 26080 1934 750 1938 205 547
38 57 64 67 72 74 76 77 82 86 92:9792:30 171 145 360 958 89 730 176 4117 1843 1173
38 72 74 82 86 87 88 89 90 92:19217:484 73 73 8454 3464 554 336 399 2738 2642
82:1502:1502
26 54 74 77 82 86 87 89 90 92 95:30317:291 4123 162 316 13339 4542 2078 524 3138 1281 523
17 22 82 86 87 89 92 95:16010:37 33 5998 6651 509 1169 1208 405
72 73 76 82 86 87 89 92:15990:394 142 578 10673 3091 460 369 283
67 73 74 82 86 87 92 94 95:19334:242 773 89 9765 4761 864 2151 166 523
36 38 72 82 86 87 89 90 91 92 95:24299:402 242 312 7068 5141 2345 871 4986 644 1822 466
38 82 86 87 89 92:16438:721 7840 4494 1522 434 1427
82 86 87 90 92 95:19653:7851 2493 1456 5985 1628 240
17 38 82 86 87 89 92 95:25773:34 375 7516 8623 2675 1706 4510 334
55 64 73 74:662:27 350 33 252
16 31 38 72 74 78 82 86 87 88 89 92 95 99:67806:46 59 840 346 691 503 33400 15065 6587 870 2048 6100 882 369
15 36 38 46 72 76 77 82 86 87 88 89 90 92 94 95 97 99:80318:115 447 558 44 201 545 526 40903 11256 2054 4714 1641 6732 6960 279 2307 554 482
16 63 64 65 67 72 73 76 77 79 80 82:26524:239 998 1915 1865 1392 2286 238 2078 2304 5773 4057 3379
24 36 38 64 65 67 72 73 74 77 82 86 87 88 89 90 92 94 95:90839:37 269 1600 342 132 360 1311 150 116 402 42007 11428 3479 4886 1636 13291 8036 184 1173
38 57 64 65 69 72 73 74 76 82 87 88 92 93 94 95:27636:275 241 33 244 1720 1271 149 159 632 16183 1729 1652 2471 243 240 394
3 4 38 46 54 55 56 63 64 65 67 72 73 74 75 76 77 78 82 86 87 88 89 92 94 95 97:64933:43 209 816 111 231 242 71 1135 1155 1475 1257 2586 475 655 338 3042 1180 411 28606 6318 2095 403 1116 7268 471 2660 564
17 19 24 36 38 46 72 74 76 82 86 87 88 89 90 92 93 94 95:117104:30 44 60 131 458 83 378 238 469 46445 35084 7013 784 2410 12606 6748 389 334 3400
36 38 56 72 74 82 86 87 88 89 90 92 94 95 97:94792:110 328 389 277 611 41879 25199 2201 3859 2907 9308 4005 219 2880 620
72 82 86 87 88 89 92 95:55356:117 33796 15009 2006 1155 842 2168 263
16 17 20 38 64 72 74 76 82 86 87 89 92 94:44649:43 7 56 90 297 511 60 1977 25220 12941 2246 380 526 295
17 38 76 82 86 87 92 94 95 97:17610:8 223 3687 7552 2468 475 1936 94 604 563
20 82 86 87 89 92 95:25230:108 13069 9587 612 455 1002 397
38 74 78 82 86 87 89 92 94 95 99:29396:193 165 285 10320 10405 3317 389 3292 108 697 225
82 95:1162:746 416
22 82 86 87 89 92 95:9890:17 1121 5673 768 364 1434 513
38 63 72 74 82 86 87 89 92 93 99:15658:104 135 309 57 4517 4015 995 795 4034 126 571
17 38 82 86 87 89 92 95 99:11074:17 356 3794 3478 270 780 1506 433 440
63 72 82 92:4241:553 51 2947 690
29 46 55 64 72 73 74 75 76 77 78 79 82 86 88 92:21955:124 58 222 412 3322 44 400 732 482 543 966 179 10164 1582 1600 1125
16 72 73 82 86 87 92 95:32555:96 41 21 26783 2574 518 1549 973
82 86 92 95:14454:11772 2144 225 313
53 54 58 64 65 67 72 73 74 77 82 86 87 88 92:35097:204 51 143 232 768 54 2773 244 60 2326 19278 6171 2094 191 508
17 74 77 82 86 88 92 94 95:35966:220 92 478 4067 26381 1032 2033 336 1327
17 47 48 65 73 74 77 82 86 92 94 95 97:12754:17 49 306 181 26 264 370 829 6127 1939 1617 449 580
51 72 74 82 92 93 94 96 97:6639:285 65 34 1296 1499 266 1681 912 601
36 38 46 48 92 94:1506:58 131 55 109 1047 106
92:192:192
48 92 93 94:1630:70 760 551 249
46 73 74 78 82 87 92 93 94 95:13388:282 66 115 312 3095 3721 1367 335 3506 589
38 46 64 72 73 74 76 82 87 92 93 94 96 100:14696:298 70 348 171 69 113 483 6252 773 1010 849 1891 1742 627
92 98:918:422 496
47 48 72 74 82 86 87 92 93 94:21075:73 51 77 38 7617 3483 257 2388 1056 6035
16 46 48 72 73 82 86 87 92 93 94 95 97:36490:94 148 35 129 38 14919 7314 3240 3985 342 3848 1311 1087
20 38 46 47 51 72 73 74 75 76 77 78 82 87 92 93 94 95 96 97:23197:133 302 226 64 304 188 521 244 379 1557 786 384 5892 485 3017 1614 4734 342 547 1478
64 65 73 76 92 94:5184:393 711 108 3579 236 157
46 47 65 73 74 92 93 94:10187:128 80 55 129 39 4185 770 4801
47 63 74 92 93 94:5065:35 92 337 2289 542 1770
46 87 92 93 94 96:4465:44 995 216 624 1985 601
92 94:1370:801 569
74 82 88 92 95:3374:72 1116 975 774 437
46 48 65 73 74 75 82 92 93 94 96 97:10079:68 138 186 209 9 427 2692 1898 273 2839 680 660
65 72 74 75 76 94:2260:428 374 212 412 688 146
24 46 64 65 72 73 74 82 86 90 92 93 94 95 97:22313:23 92 53 570 44 117 73 7003 4138 4068 1415 227 3446 473 571
46 48 64 73 82 92 93 94 97:5236:209 100 269 32 318 345 1209 1981 773
46 48 51 63 64 67 72 74 82 86 87 88 92 93 94 97:19563:187 359 354 72 167 420 321 242 4738 6391 527 342 1823 702 2379 539
48 75 82 86 92 93 94:7028:99 643 2149 1321 1028 225 1563
16 46 47 48 51 64 72 77 82 87 92 93 94 96:18394:30 600 96 240 380 206 385 41 8612 952 3294 523 2496 539
4 46 72 73 82 86 92 93 94 95:12416:127 30 260 159 5883 532 2919 293 1266 947
17 31 42 46 47 48 63 64 65 69 72 73 74 76 77 78 82 85 86 87 88 90 92 93 94 95:47137:75 64 164 86 113 490 435 1390 855 1648 1164 419 495 655 368 260 16469 1051 7028 1591 88 3875 2773 1606 3285 690
38 46 64 65 67 72 73 74 82 86 87 92 93 94 95:30434:345 665 447 475 261 162 221 146 6521 1256 469 8120 176 9629 1541
65 73 82 92 93 94 98:5323:143 77 3099 522 114 789 579
46 47 48 72 74 82 92 93 94:13159:79 104 66 39 50 4485 3845 638 3853
82 94:426:246 180
36 46 47 64 73 74 75 77 82 86 92 93 94 95 96:30442:103 313 467 354 26 89 400 227 6256 4987 9783 360 4586 1643 848
46 47 48 50 66 67 72 77 82 86 87 89 92 93 94:31428:225 49 102 308 1281 400 69 234 13073 1845 520 373 6958 90 5901
37 38 46 47 48 63 64 72 73 74 75 82 85 87 92 93 94 95 96 98:26638:120 261 50 284 54 22 244 518 306 535 2609 4386 410 585 5635 1298 7653 287 901 480
82 92 96:1956:860 392 704
48 94:255:119 136
48 92 93 94:946:20 507 88 331
33 77 79 81 93:113413:40038 1188 42956 29171 60
40 46 47 48 64 73 74 82 92 93 94:24657:705 383 89 277 21 336 37 6099 4852 1151 10707
36 46 47 48 64 65 73 82 86 92 93 94 95 96:17971:76 81 60 143 461 1285 61 1666 544 6551 1353 4786 357 547
46 48 63 64 65 72 73 74 75 82 85 87 92 93 94 97:17001:85 355 517 359 291 235 233 30 701 2472 345 349 4367 1039 5011 612
16 17 26 46 47 48 54 64 65 67 68 72 73 74 76 78 82 86 87 89 92 93 94 95 96 97:58192:8 33 456 284 242 676 2661 461 127 78 874 718 71 62 851 877 9536 22528 1580 1101 5662 1021 6690 359 521 715
64:282:282
92 94:731:224 507
46 92 93 94 97:6374:299 1764 949 2391 971
46 48 64 74 92 93 94:7283:228 96 160 101 3481 159 3058
48 65 73 74 82 87 92 93 94 98 100:12198:70 302 362 264 640 480 2204 528 6156 621 571
46 47 64 65 67 68 72 73 74 77 78 82 92 93 94:14993:39 79 452 779 266 706 607 631 203 289 340 3149 2173 766 4514
38 46 47 48 64 72 73 74 75 76 82 87 92 93 94 95 97:31040:56 52 243 244 375 518 55 37 368 1446 16107 264 4318 1070 5059 232 596
66 92 94 95:2108:1360 413 191 144
17 46 80 82 86 95:11913:80 118 4785 3474 3226 230
48 63 65 73 92 93 94:3337:153 588 447 62 549 698 840
92 94 99:2194:556 1446 192
92 93 94 97:2993:1149 150 877 817
82 86 87 89 92:11363:1040 6720 1480 1508 615
42:257:257
76:702:702
94:180:180
64 65:632:339 293
93:82:82
47:72:72
93:66:66
92:289:289
36 48 64 65 72 74 77 87 88 92 93 94 95 96:9712:73 100 16 394 318 659 221 920 276 3319 375 1723 780 538
46 48 73 92 93 94 96:5028:181 210 19 792 955 1471 1400
46 47 48 73 92 93 94:5613:397 120 487 110 1203 1267 2029
48 65 92 93 94:2776:56 121 1192 129 1278
46 48 92 94 97:3236:169 172 275 2080 540
73:34:34
72 92 93 94 96:3620:19 221 759 1478 1143
63 65 74 82 88 92 93 94 95:17913:116 256 149 6928 627 6535 339 2610 353
46 47 64 72 73 74 75 77 82 87 88 92 93 94 95 96 97 98:18878:278 126 319 195 623 164 439 52 190 549 506 4700 1822 4236 450 1869 1289 1071
64 72 73 74 75 92 93 94 95 96 97:12665:71 79 31 425 335 5909 482 3545 460 697 631
73 92 93 94 97:4058:174 1269 659 887 1069
64 72 73 74 87 92 93 94 95 96 97:10865:74 66 87 40 646 4623 798 2366 243 1169 753
2 4 37 46 63 64 65 72 74 75 76 87 88 92 94 96 97:13012:13 46 147 72 760 217 66 1532 561 483 978 374 1385 1762 3337 505 774
48 92 93 94 95 98:4484:89 2127 596 524 659 489
88 92:1155:430 725
72 92 94 96 97:2280:32 176 281 602 1189
92 94:1607:1147 460
48 92 93 94:893:92 502 88 211
36 48 72 74 92 93 94 95 97:17571:119 233 107 1162 4710 2705 7517 186 832
47 48 72 73 74 82 92 93 94 97 98 100:9945:27 144 84 55 26 882 1443 250 2832 2877 601 724
48 72 92 93 94 95 96:13528:70 65 3762 1156 6427 189 1859
48 64 73 74 78 92 93 94 95 97:5417:152 78 82 115 248 1320 944 1578 361 539
48 73 74 82 92 93 94 96 97:10046:202 57 8 273 4416 706 2347 1270 767
46 48:162:107 55
46 48 64 73 92 93 94:5450:163 110 91 95 1183 373 3435
38 46 47 48 65 73 74 92 93 94:9373:86 136 59 57 271 307 148 3093 464 4752
46 48 50 67 72 73 92 93 94:11564:247 402 312 322 199 230 4989 2287 2576
48 73 92 93 94 96:7668:74 119 3277 698 2996 504
48 92 93 94:1762:39 715 93 915
3 72 73 92 94:1889:17 266 208 196 1202
48 78 88 92 93 94 95 96 97:14238:41 310 356 4694 695 4328 238 1136 2440
92 93 94:3192:1044 229 1919
46 48 65 74 92 93 94 96 97:19306:315 379 186 65 6362 2319 7112 1131 1437
48 93 94:1711:46 550 1115
46:76:76
92 94:687:411 276
46 47 64 74 92 93 94 97 98:5143:149 99 319 52 754 999 1172 891 708
36 48 92 93 94 96:5825:512 49 1500 881 2375 508
73 87 92 93 94 96 97:10262:213 2100 3400 1353 1937 662 597
48:45:45
3 46 48 50 72 73 74 76 83 92 93 94 96 98:11407:40 131 240 562 12 32 325 584 841 2032 2564 2759 582 703
46 47 48 68 72 73 74 76 78 92 93 94 96 97 98:15390:57 176 95 1099 343 237 32 520 335 2067 1048 2621 1030 5213 517
2 46 48 72 73 74 76 92 93 94 96 97 100:16714:52 124 980 67 424 219 492 2731 2142 5244 509 3115 615
48 64 72 73 74 78 92 93 94 96 97:13619:95 50 33 71 197 326 1326 2771 5794 1323 1633
48 73 74 92 93 94 96:5669:114 106 451 736 674 2562 1026
46 48 65 92 93 94 96:7854:516 266 377 1691 1379 1735 1890
46 72 73 74 82 92 93 94 96 100:7598:132 185 116 20 828 1036 553 2942 1002 784
48 51 72 73 92 93 94 96 98:7153:73 256 15 62 1186 1932 2447 533 649
51 72 73 92 93 94 96:4830:308 204 192 2164 92 1362 508
48 64 73 74 92 93 94 96:4645:123 74 53 116 1415 601 1614 649
7 46 48 73 92 93 94 96 98:9863:270 143 379 181 1866 2707 3004 713 600
37 46 63 72 73 88 92 93 94 96 98:11631:246 58 300 76 128 1626 4551 1393 2043 737 473
46 48 73 92 93 94 98:5867:159 156 80 1316 846 2835 475
46 64 72 74 92 93 94 95 96:12002:156 192 73 12 2958 1221 3895 437 3058
76:1518:1518
48 67 73 74 75 92 93 94 100:8392:99 172 163 174 1584 995 831 3784 590
46 48 64 73 74 78 92 93 94 96 97:7068:132 175 222 119 45 263 1270 655 2058 1511 618
48:39:39
48 73 92 93 94 95 96 97 98:12494:59 88 1654 1706 4383 234 552 3087 731
2 46 47 48 72 74 92 93 94 96:5628:129 301 196 113 288 122 1035 959 1107 1378
46 48 74 92 93 94 96 97:3822:98 178 156 717 592 687 630 764
3 46 48 63 74 76 92 93 94 97:7272:81 66 68 24 41 631 713 1164 2757 1727
48 72 73 92 93 94 96 97 98:16270:60 64 31 2743 3542 6971 728 1678 453
48 73 78 92 93 94 96 97:7024:24 81 290 888 325 1667 690 3059
46 47 48 72 73 74 92 93 94 95 96 97 98:15239:272 282 75 109 69 83 1702 628 5677 463 2833 2039 1007
46 48 72 73 92 94 96 98:2330:16 66 34 101 287 624 720 482
39 46 47 48 65 72 73 74 76 78 88 92 93 94 96 97:17128:1179 166 100 479 114 1245 261 96 1092 243 417 2440 2242 3943 2335 776
46 47 48 72 73 74 92 93 94 96 97 98:7899:68 51 44 11 43 83 1483 990 3045 1006 579 496
46 48 74 92 93 94 96:5099:112 160 24 2067 854 1295 587
63 74 75 92 93 94 98:8868:150 145 1968 2827 809 2156 813
48 88 92 93 94 96 97 98:10420:441 668 1585 1280 2612 2652 603 579
19 30 37 46 63 64 73 74 92 93 94 96 97:16025:35 76 87 52 15 120 76 700 2888 2454 7737 1236 549
48 50 51 72 73 74 92 93 94 96 97:15212:1002 272 622 60 106 188 4542 1570 4650 1085 1115
4 46 48 72 73 74 92 93 94 97:11778:30 81 410 64 150 70 2858 4217 3327 571
30 46 48 73 74 92 93 94 96:4388:31 141 488 154 98 508 1229 1236 503
92 94:579:286 293
4 36 48 50 65 72 73 74 92 93 94 95 96 97:23830:4 271 556 267 77 633 428 602 4774 3125 7344 464 2666 2619
4 46 48 92 93 94 97:2380:101 85 331 161 524 609 569
46 48 51 65 72 73 74 92 93 94 96 97 98:19650:83 487 321 174 91 152 173 4574 3222 7028 1831 687 827
46 48 64 72 73 92 93 94 96 97 98:14661:228 399 159 228 468 1308 3676 6262 497 564 872
48 73 92 93 94 96:4148:271 56 1385 631 1229 576
46 48 93 94:764:93 236 257 178
76 92 93 94 96 97:4612:553 502 459 1713 698 687
46 48 93 94:1738:270 258 296 914
48 73 92 93 94 98:4900:408 88 1135 1108 1516 645
47 48 92 93 94 98:5450:196 62 692 705 2749 1046
46 48 73 92 93 94:7199:180 140 31 740 3148 2960
46 48 73 74 92 93 94 96 97:10484:203 624 34 132 1777 2510 3283 623 1298
46 48 65 73 74 92 93 94 95 97:14932:68 129 644 40 16 4288 2178 6390 369 810
48 74 92 93 94 96:4510:302 68 1069 839 1714 518
48 92 93 94 98:3602:92 386 1242 1173 709
48 92 93 94 96:8046:35 2672 604 4230 505
3 47 48 64 72 73 74 92 93 94 96 98:11654:55 71 167 254 426 154 543 1876 1949 5062 623 474
36 46 48 65 72 92 93 94 96 97:11991:13 135 217 120 25 1974 1144 5258 1680 1425
36 38 46 48 72 73 74 92 93 94 96 97:11543:496 107 306 120 332 24 44 2391 1276 4574 1238 635
47 48 65 72 73 74 92 93 94:12876:135 162 360 389 599 409 5530 1142 4150
92 93 94 95:8683:5204 133 2936 410
46 47 73 92 93 94 95:7853:94 141 65 4141 181 3064 167
46 74 92 94 95 96:7093:47 177 2984 2902 453 530
47 72 73 74 92 93 94 95:7041:156 82 30 21 4593 207 1670 282
46 73 74 92 93 94:4777:118 223 255 1944 69 2168
36 73 92 94 95:4880:394 193 894 3235 164
47 48 70 72 73 74 92 94 98:8383:80 22 2453 209 171 232 2644 2032 540
92 93 94:2523:1384 494 645
46 92 93 94:5150:54 2062 101 2933
65 92 93 94:4625:121 1290 173 3041
73 83 92 93 94:6227:125 2542 2104 62 1394
83 88:8991:8891 100
83:2542:2542
72 83 85:8001:102 7254 645
83:9581:9581
83:1408:1408
94:198:198
46 47 48 57 64 72 74 92 93 94 96:5164:116 114 134 196 430 277 53 1427 327 1484 606
48 72 73 92 93 94 96:7513:279 21 66 2524 243 3844 536
46 48 51 74 92 93 94 95 96:9880:166 108 1027 32 2220 1460 4095 212 560
3 47 48 72 76 92 93 94 97 99:12823:8 121 48 307 2960 2818 723 4477 747 614
46 48 72 73 92 94 95:6078:62 181 184 144 2451 2745 311
48 64 72 73 74 75 76 92 93 94:11651:119 90 926 385 865 614 2394 1496 608 4154
63 64 65 72 74 75 77:5549:788 553 1713 77 223 1238 957
66 72 93 94:2466:1735 276 79 376
74 76:1256:34 1222
94:443:443
94:231:231
46 73 92 93 94 95:8529:98 47 4018 143 3943 280
36 38 46 47 50 63 65 67 72 74 75 76 78 83 88 92 93 94 95 97:20552:338 241 96 76 563 384 792 360 42 88 988 3765 2248 201 1579 4159 282 2477 736 1137
46 92 94:3570:27 2263 1280
2 46 92 93 94 95 96:4297:111 41 1821 397 1119 271 537
48 92 94:3489:89 144 3256
47 63 73 74 82 92 93 94:5695:206 182 154 43 164 1718 206 3022
37 73 92 93 94:4994:185 17 2938 90 1764
2 16 36 46 50 74 82 92 93 94 95 97:14160:31 4 309 93 558 39 3142 4278 359 4339 348 660
93 94:185:65 120
16 46 72 74 82 87 92 93 94:13114:7 69 317 9 7565 699 2547 510 1391
46 48 63 64 65 72 82 92 93 94:6295:151 36 393 619 915 105 1242 675 260 1899
93:96:96
46 47 48 72 73 74 92 93 94 95 96 97 98:11890:60 1080 60 865 318 367 2258 665 4091 398 510 723 495
47 64 73 74 75 92 93 94 95:13065:162 84 72 64 1562 4091 444 6401 185
2 73 92 93 94 96 97:6014:55 90 1519 199 1585 1825 741
46 48 64 65 72 73 92 94:4000:199 219 780 225 78 50 904 1545
82 87 92 94 95:9137:6579 248 1137 76 1097
36 65 72 82 86 87 88 92 95:21973:170 345 149 11244 4699 1812 418 2793 343
82 92 94:7498:6938 349 211
2 46 72 76 77 82 92 94 95:23066:61 74 231 683 508 17121 3043 81 1264
47 73 92 94:3259:113 9 1490 1647
47 51 74 82 92 93 94 95 96:6939:139 322 35 600 1974 448 1770 358 1293
46 64 72 92 93 94 95:2249:26 260 108 665 177 509 504
47 51 73 74 92 93 94 95 98:4374:154 374 46 63 694 288 2062 204 489
46 74 82 92 93 94:5284:75 228 1168 1534 400 1879
46 64 65 73 74 82 87 92 93 94:8128:66 98 39 103 111 3338 662 2106 723 882
82 87 92 93 94:8158:3913 1555 1858 152 680
48 50 73 82 92 93 94 95 100:8216:111 271 94 714 3393 504 1825 667 637
82 83 88 92 95:10147:2570 1147 5073 574 783
42 82 92 95:5465:396 1022 3186 861
17 36 77 82 86 89 92 95 97 99 100:19983:8 78 942 4973 7036 832 626 2863 536 432 1657
82 86 87 89 92 95 98 99 100:16353:5880 2106 953 1197 2389 1660 1056 491 621
82 92 94 95:2823:2159 180 180 304
82 86 92 94 95:6871:1275 2321 2176 328 771
65 82 87 92 95:6624:198 3310 1210 838 1068
82 86 92 94 95:7222:3422 2063 876 133 728
26 38 46 54 55 64 65 72 73 74 76 77 82 86 87 92 94 95:49826:31 670 124 139 81 105 215 3587 52 389 1289 1451 30689 4648 1114 3229 380 1633
53 58 63 72 77 82 86 92 93 94 95:30649:78 263 773 1067 106 13667 13177 556 191 378 393
47 72 82 86 87 92 94 95:21211:73 55 11176 3072 509 4384 224 1718
17 82 86 87 92 94 95:20264:8 9647 4031 2115 3420 391 652
82 86 87 92 93 94 95 97:16283:7443 3358 275 1418 131 693 1015 1950
48 73 92 93 94 95 96 97:8678:199 20 1934 1443 2810 157 518 1597
47 48 92 93 94 95 96:4033:68 149 2014 89 627 548 538
50 92:725:281 444
30 73 92 93 94 97:3081:74 34 371 1135 555 912
4 36 38 63 64 65 67 72 73 75 76 77 80 82 86 87 93 94 97:58811:24 238 381 871 205 333 378 2362 48 699 604 1735 3988 8050 36424 420 91 559 1401
92 94 95:1149:701 193 255
16 72 82 83 86 87 92 94 95:41208:7 172 16857 9547 7958 983 4644 798 242
16 17 73 82 86 87 92 94 95:26480:24 16 52 14482 4962 932 4292 283 1437
9 47 64 65 82 86 87 92 94 95:14681:48 95 226 366 4179 5518 1540 1583 528 598
46 47 63 65 67 72 73 74 76 82 83 92 93 94:16864:404 99 295 356 383 269 556 381 3626 45 270 7131 144 2905
64 66 74 82 92 94:12243:427 2381 9 6979 597 1850
46 47 65 72 74 75 76 92 93 94 95:9058:147 90 102 410 244 466 666 3517 424 2608 384
66 69 70 92 97:19769:2317 12332 3996 484 640
72 92 93 94:1357:75 317 210 755
38 46 47 48 63 65 72 73 74 82 83 88 92 93 94 95 96:28062:547 426 64 156 119 518 466 91 126 1326 648 304 6839 822 11457 543 3610
3 48 75 92 93 94 95 97:6906:9 126 449 3981 115 1264 275 687
92 94 95:2231:822 1205 204
47 72 88 92 93 94:4498:316 244 327 1028 327 2256
41 46 48 64 92 94 97:5694:660 50 48 403 1664 2253 616
92:277:277
36 37 46 47 65 72 73 74 82 92 93 94 96:21312:32 84 346 83 903 1824 463 1449 361 6784 430 6820 1733
46 48 51 64 72 92 93 94 95:17102:160 470 314 26 15 6016 1378 8047 676
36 37 46 47 48 49 63 72 73 74 75 88 92 93 94 96 97:21970:104 336 691 370 35 407 355 56 161 215 720 935 4264 1571 6337 2683 2730
72 74 92:628:47 60 521
47 72 73 74 88 92 93 94 95 96 98:10788:238 130 96 265 475 2941 246 3305 606 1995 491
2 48 72 77 92 94 96:5393:25 40 169 402 1956 2132 669
36 47 72 73 74 76 92 93 94 95 98:6097:272 168 524 89 194 1007 542 586 1992 188 535
36 72 73 74 77 92 94:3181:186 90 476 90 200 591 1548
46 48 65 92 93 94:6461:223 203 101 3212 936 1786
2 46 72 73 74 83 92 93 94 98:5613:24 102 16 103 258 43 1597 295 2722 453
73 92 93 94 98:3973:52 1046 680 1082 1113
46 48 63 92 93 94:3555:212 28 431 1277 275 1332
48 92 94 96:4226:136 1005 2295 790
46 48 73 74 92 93 94 95 97:10510:95 14 39 89 4681 886 3777 335 594
2 3 37 38 39 46 48 63 64 65 67 72 73 74 86 92 93 94 95 97 98:17634:119 11 222 420 942 194 21 228 342 376 301 182 514 227 1505 5430 291 4145 367 1296 501
3 40 64 72 74 75 92 93 94:3654:53 1103 236 294 287 402 569 163 547
36 38 63 69 72 92:4607:238 351 106 3386 95 431
93:154:154
72 73 74 75 83 88 92 94:4154:70 253 134 734 793 658 658 854
7 38 63 92 94 97:3361:392 314 269 1272 236 878
65 74 92 93:1244:148 312 696 88
2 72 73 88 92 94:2958:130 382 57 537 1778 74
82 92 94 95:4654:1699 2095 180 680
21 46 72 75 88 92 93 94 95 96:7441:5 51 167 549 737 3739 146 619 832 596
46 48 64 65 73 92 93 94 95:6842:223 38 83 139 120 2806 130 3066 237
38 46 47 74 82 88 92 93 94 95 96 97:7794:153 34 70 204 185 798 1540 492 2687 416 549 666
2 46 47 72 73 92 93 94:6531:17 331 147 255 35 2457 648 2641
46:49:49
73 92 94:309:94 100 115
46 47 48 63 73 74 92 93 94 95 100:8590:175 35 191 116 193 34 3358 452 2908 299 829
46 65 92 93 94 97:8106:151 361 3995 434 2538 627
14 72 85 92 94:3039:164 49 335 1405 1086
48 65 72 73 74 92 93 94 96:6603:126 96 50 101 270 1278 127 4039 516
3 73 82 92 93 94:2625:48 57 2149 87 62 222
73 92 94:1353:90 566 697
46 92 94:1190:26 898 266
2 38 46 47 48 56 63 64 65 72 73 74 87 88 92 93 94 95 96 97 98:20789:18 165 246 224 216 308 587 187 390 862 384 508 979 241 6368 1090 5320 1121 524 585 466
73 76 88 92 93 94 95 97:9305:25 1433 345 3894 455 1479 550 1124
50 73 75 92 93 94 95 98:8045:312 224 1825 1786 276 2389 753 480
37 64 65 72 73 74 92 94:3394:227 148 949 316 122 174 663 795
47 72 82 86 92:7024:158 59 1484 4842 481
63 72 77 82 83 87 88 92 94 95:13820:150 293 412 5887 814 479 376 3404 518 1487
87 92 94 97:2496:1008 249 673 566
26 46 48 82 92 93 94 98:9217:44 117 72 6552 1282 381 250 519
46 64 72 76 92 93 94 95:9006:403 269 375 5053 1022 169 1447 268
37 46 48 51 73 74 92 93 94 97 98:11649:138 105 556 272 362 217 3993 1366 3133 1002 505
48 92 93 94:2077:208 1169 103 597
46 48 50 51 74 92 93 94 97:6460:362 116 524 272 45 1841 480 2278 542
46 48 73 74 92 93 94:8919:208 190 50 40 719 2779 4933
88 92 93 94 95 97:8950:456 1039 1247 5246 290 672
46 48 50 51 63 64 65 73 74 82 87 92 93 94 97:17291:360 203 290 359 159 88 179 682 112 347 964 6334 1264 4139 1811
46 72 73 92 93 94:5834:124 25 100 2907 335 2343
16 47 65 66 72 73 74 82 92 93 94 95 96 98:19128:96 86 283 1056 1851 39 193 8857 3152 203 1449 884 503 476
75 92 93 94 96:6962:1327 2078 365 2651 541
92 94 95:2404:1513 667 224
3 37 46 48 64 65 70 72 73 74 83 88 92 93 94 95 96 97 98:29484:22 217 326 45 181 233 6609 288 640 830 79 266 7949 2967 6153 270 513 1186 710
46 48 92 93 94:4196:110 43 1552 1048 1443
46 72 73 74 92 93 94 98:9118:41 17 20 90 3553 1687 3241 469
46 47 48 63 65 73 92 93 94 95 96:18214:881 107 568 110 69 58 5128 2454 6864 237 1738
36 46 47 48 50 51 65 72 73 92 93 94 96 97 98 100:24699:144 294 123 836 283 793 176 80 66 7675 3757 7715 744 562 493 958
3 36 38 46 48 51 72 73 74 78 87 88 92 93 94 95 96:25503:28 253 223 543 298 245 19 420 416 348 407 418 7607 2792 10593 262 631
73 74 92 96:1172:52 151 424 545
36 46 48 51 64 72 73 74 75 92 93 94 95 96 98:21489:157 475 265 282 113 172 66 161 371 7220 2238 7502 721 516 1230
38 46 47 48 51 65 72 73 74 77 78 92 93 94 95 96 97:22245:35 315 192 450 301 204 860 884 467 1072 294 5255 1700 8642 327 637 610
46 48 64 72 74 92 93 94 95:18589:540 556 176 453 19 6216 2316 7865 448
19 46 48 64 73 92 93 94 95 96 97:18667:22 568 639 87 41 5950 1766 6268 1426 761 1139
48 50 64 72 73 74 92 93 94 96:10597:263 293 37 18 26 97 3799 1118 3912 1034
37 46 48 73 74 87 92 93 94 95 96 97 98:13757:4 293 123 14 97 315 2718 1635 6228 312 658 714 646
92 94:316:195 121
47 72 73 74 75 76 88 92 93 94 100:8351:251 132 162 52 344 1091 186 1484 1143 2916 590
46 48 50 72 73 74 92 93 94:5810:101 54 379 243 42 323 1650 234 2784
46 48 64 72 74 76 92 93 94 96 97 98:12919:149 345 96 89 82 996 3141 870 5479 511 620 541
31 48 64 82 92 93 94:6478:59 286 165 368 2595 610 2395
46 65 73 92 93 94 97 98:4216:103 202 32 611 518 1671 626 453
46 51 73 92 93 94:2816:242 304 53 1220 176 821
64 72 74 92 93 94 98:4184:97 410 35 1816 340 1000 486
47 72 74 92 93 94 95:5478:29 15 114 2824 602 1655 239
19 74 92 93 94 95:3307:30 47 1062 214 1723 231
72 74 92 93 94 97:5839:198 77 1485 397 2996 686
48 73 92 93 94:1778:85 73 289 463 868
47 64 72 82 92 93 94 95 97:9024:96 51 211 447 3235 591 2317 250 1826
48 64 72 74 82 92 93 94 95:7404:275 142 52 71 380 2430 159 3655 240
74 92 93 94 95:7647:230 2689 232 4077 419
38 46 48 50 78 92 93 94 96:10210:105 119 42 311 348 4137 1896 2727 525
48 93 94:1519:42 504 973
4 46 48 64 72 73 76 92 93 94 96 97:7630:120 99 37 367 213 93 506 1411 668 2908 503 705
46 73 74 92 93 94 98:7036:276 86 122 2146 937 2206 1263
48 73 92 93 94:7271:261 103 1998 343 4566
47 48 65 72 74 92 93 94:6208:101 116 148 11 22 1430 1168 3212
47 73 92 93 94 95 97:10802:557 24 3259 1021 3775 136 2030
46 48 64 73 74 92 93 94 98:7650:408 217 145 121 16 1344 336 4551 512
93 94:826:219 607
46 47 48 51 63 64 65 66 68 72 73 74 75 76 77 78 92 93 94 96 98:30046:236 41 255 407 1944 3004 2186 5504 763 393 520 601 1535 1982 804 1200 3001 510 2239 1797 1124
46 48 51 64 72 73 74 92 93 94 95 96 97:20013:190 555 374 104 837 400 167 6157 2857 5694 288 514 1876
64 72 73 74 76 77 78 80 94:11219:93 423 238 150 5672 960 492 1408 1783
67 73 92 94:7421:1612 166 2573 3070
46 47 48 64 67 72 73 82 92 93 94:15972:108 278 127 200 168 24 117 1136 4713 1436 7665
46 48 73 74 92 93 94 97 100:11482:320 624 68 36 3138 654 5487 568 587
92 93 94 97:3284:1350 820 491 623
36 46 48 63 73 74 92 93 94:5634:375 88 100 164 151 84 1647 204 2821
48 51 92 93 94 97:2059:48 288 281 271 436 735
47 48 51 74 92 93 94 96 97:11495:343 178 393 100 3302 509 4845 630 1195
88 93 94 95 96:3363:707 347 1559 242 508
74 92 93 94 96:4863:27 2115 410 1737 574
46 72 92 93 94:2239:154 111 273 667 1034
46 92 94:1643:56 178 1409
48 67 87 92 93 94 98:5545:48 116 727 2023 403 1454 774
3 72 92 94 95 97:6275:99 362 4191 721 253 649
92 93 94:606:300 145 161
46 65 92 94 97:2137:146 844 342 217 588
93 94:376:225 151
64 92 93 94 95:3337:86 842 464 1634 311
46 47 48 92 93 94 97:5271:54 97 209 1689 385 2185 652
46 47 48 72 73 74 92 93 94 96 98:9667:152 193 324 257 284 59 2361 970 3125 512 1430
72 73 74 87 92 93 94 96:9646:246 11 957 1244 3325 131 2917 815
92 93 94 96:3424:670 279 1805 670
72 73 74 92 94:1854:46 152 43 933 680
36 46 47 48 51 72 73 74 92 93 94 96:12880:82 305 152 278 237 317 62 164 5479 1893 2238 1673
48 64 73 74 92 94:1478:80 91 55 108 362 782
92 93 94 97:5552:2134 495 1745 1178
92 93 94 96:2561:173 110 469 1809
72 73 74 92 93 94 96 97:4646:28 48 40 639 452 1357 602 1480
73 92 94 95 100:3603:57 962 1253 416 915
92 93 94:911:227 82 602
78 92 93 94 95 96 98:3998:241 1247 192 966 277 512 563
47 48 92 93 94 96 97:6161:307 195 1626 838 2086 569 540
92 94 95 96:2043:408 616 251 768
36 46 48 51 65 73 92 93 94 96 97:7007:344 94 251 250 189 163 1227 683 2745 510 551
48 92 93 94 95:7948:97 2909 492 4138 312
94:260:260
46 48 73 92 93 94:5736:99 37 21 2372 450 2757
72 73 74 92 93 94 96:5077:65 170 23 790 1012 2347 670
46 48 73 92 94 96:2906:132 131 53 1103 979 508
73 93 94:3631:50 477 3104
46 48 92 93 94 96:2872:135 146 521 315 1139 616
93 94:747:616 131
92 94:435:237 198
46 48 64 73 74 76 92 93 94 96:12028:402 182 723 187 47 1691 3422 842 2887 1645
93:739:739
46 64 65 66 67 72 92 93 94:13165:533 904 262 1548 390 56 2625 1731 5116
46 51 64 74 92 93 94:3355:231 252 533 361 425 545 1008
74 92 93 94:3593:27 206 1727 1633
3 46 47 48 65 72 73 74 92 93 94 96:15402:72 769 72 383 312 45 36 48 4439 1188 6871 1167
63 75 94:1209:104 458 647
46 74 92 93 94 96:5372:117 36 1752 864 2090 513
48 92 93 94 96:5171:13 2149 137 1826 1046
46 48 64 66 72 73 76 92 93 94 96:9435:223 205 203 1558 39 255 750 1617 809 3005 771
65 93:775:367 408
46 48 87 92 93 94 97:6765:239 66 700 1769 870 1279 1842
92 93 94:1192:414 149 629
48 64 72 73 74 92 93 94 95 97:6331:165 188 174 154 351 2170 78 861 648 1542
73 94 96:1281:110 633 538
46 48 56 64 65 72 73 74 78 92 93 94 97:7741:426 90 976 382 79 320 57 158 300 1429 387 2229 908
64 76 78 92 94:2160:106 730 252 737 335
36 46 65 72 73 74 75 92 93 94 97 98:17271:88 84 1027 417 157 765 2479 4506 654 5793 775 526
46 48 72 92 93 94:5183:153 55 49 595 881 3450
36 47 48 72 73 74 92 93 94:13950:164 61 241 53 63 189 4036 1820 7323
3 46 48 51 72 73 74 92 93 94 96:10118:86 74 473 332 42 294 830 2328 327 4101 1231
47 48 64 73 74 92 93 94:6290:405 109 144 160 68 1704 752 2948
46 73 92 93 94 95 97 98:4530:154 30 1465 356 610 285 1157 473
46 48 74 92 93 94 95 96 97 98:9452:419 247 41 1639 1759 2145 276 679 1174 1073
48 92 94 95:1309:22 883 168 236
46 48 74 78 92 93 94 97 98:6409:89 183 48 245 1777 687 1453 725 1202
48 73 74 92 93 94 96 99:11189:220 68 114 3866 615 4699 1390 217
19 46 48 64 65 66 67 72 73 74 82 92 93 94 96 97:16834:35 131 73 286 1683 1218 426 118 344 147 776 3974 585 5139 1149 750
72 74 76 92 94 95 97:13003:97 146 700 6082 5080 321 577
3 46 65 72 73 77 92 93 94 95:5957:55 52 112 94 40 1084 1966 323 1781 450
64 72 92 93 94:1578:73 48 443 146 868
46 48 64 65 92 93 94:4015:214 146 109 62 1023 177 2284
48 72 73 74 75 78 92 93 94 96:7257:102 230 196 264 937 251 882 418 3358 619
73 74 94 97:1614:135 28 838 613
73 92 94 95 96 97:3180:43 492 367 193 739 1346
73 74 76 82 92 93 94 96:8722:21 153 460 829 593 1046 4477 1143
67 92 93 94 95:1804:252 285 287 711 269
65 93 94:821:49 285 487
38 64 92 94:798:232 139 281 146
48 92 94 96:4736:164 1860 2170 542
46 48 50 73 74 75 92 93 94 96:7941:249 86 496 50 44 369 1498 607 2602 1940
92 94 97:2128:320 615 1193
36 46 77 92 94 96:4483:125 242 303 2198 972 643
92 93 94 95 97:7342:4117 712 1136 815 562
72 74 75 92 94 97:6128:223 65 997 3719 525 599
92 94 95:2040:746 727 567
92 95:732:509 223
3 46 48 51 64 65 67 72 73 74 77 78 80 88 92 93 94 96 98:24590:26 711 119 253 762 132 222 286 296 582 1180 297 1720 226 3901 1524 9059 1293 2001
36 46 47 51 72 73 74 78 92 93 94 97 99:11774:93 214 371 238 259 131 197 521 2101 2407 4387 574 281
46 47 48 63 64 65 66 67 72 73 74 75 76 87 92 93 94 96 97 98:31070:152 96 86 1784 436 4200 5305 517 432 343 692 5956 959 2462 914 1139 1182 1304 2139 972
46 47 65 72 82 92 94 95 96 97:17456:124 118 242 423 2709 7835 2788 905 913 1399
4 38 48 63 64 65 67 68 69 72 73 74 76 78 92 93 94 96 97:22605:57 172 50 3580 1928 3507 976 2495 1055 1017 394 450 473 662 1498 241 2750 551 749
66 74 82 92 93 94 96:14386:999 132 11865 272 185 412 521
46 63 65 68 92 94 95:4654:64 1096 250 854 1179 1000 211
63 82 92 95:2549:306 905 512 826
48 64 65 72 88 92 93 94 95 96:11455:107 90 321 64 1667 5569 520 1210 844 1063
63 64 65 66 72 73 74 75 82 92 93 94 97:12613:2883 591 324 1432 136 62 406 1134 494 2910 260 626 1355
37 46 51 93 94:1342:127 25 479 568 143
72 73 94:637:91 135 411
64 65 82 92 93 94 95 96:11691:345 280 969 5285 178 2874 1261 499
65 72 94:1277:759 340 178
46 64 92 94:3310:39 243 1772 1256
47 48 64 72 73 74 92 93 94 96 97:8944:51 52 49 383 218 148 2856 830 3296 518 543
46 48 73 92 93 94:6211:137 62 124 990 1900 2998
46 48 94:641:68 63 510
51 64 72 73 74 92 93 94:4045:299 51 181 127 824 943 887 733
92 93 94 98:1621:228 125 614 654
92 93 94 97:3510:1087 372 1453 598
92 93 94 97:4014:1242 457 971 1344
38 47 64 72 73 74 87 88 92 93 94:6820:239 40 601 288 349 34 415 585 1546 282 2441
48 72 73 74 92 94 96:2808:54 83 150 110 792 958 661
46 65 73 74 92 94 96:3456:182 482 28 148 158 1334 1124
73 74 76 92 94:4290:41 56 759 1394 2040
93 94:230:87 143
46 48 73 92 93 94 95 96:11001:399 199 223 2750 784 5240 893 513
46 48 51 73 74 92 93 94 95:9572:340 93 246 16 88 3583 860 3772 574
64 74 92 94:2280:144 17 1722 397
48 65 72 73 74 92 93 94 97:10014:90 187 271 152 40 2852 782 5089 551
2 36 73 74 92 93 94:3008:12 92 39 252 1568 289 756
3 48 51 69 72 73 78 92 93 94 96 97:11439:27 127 426 2777 653 103 782 2715 1158 1496 553 622
92 93 94:3243:1925 493 825
63 64 74 78 92 93 94 97:4518:111 38 267 262 1740 764 776 560
46 48 51 63 65 72 73 74 92 93 94 97:10532:265 185 282 362 840 271 569 255 2537 989 2469 1508
38 47 64 72 73 74 92 93 94:7100:529 34 301 81 101 32 2854 1002 2166
36 48 51 72 73 74 78 92 93 94 95 96 97:8820:34 106 368 162 38 245 330 2038 549 2810 394 1146 600
46 65 73 74 76 92 93 94 95 96 97 98:14253:280 325 70 227 693 5096 981 3515 248 1153 617 1048
48 72 73 74 88 92 93 94 96 97:12750:73 306 147 315 582 2125 566 6585 1042 1009
46 51 73 74 92 93 94 95:7991:27 266 83 44 1899 1450 3906 316
46 73 74 77 78 84 92 93 94 96 98:11348:175 962 435 148 572 747 1434 1909 3746 697 523
72 73 74 84 92 93 94 97:8582:67 84 224 364 3110 314 3881 538
36 46 48 65 67 72 73 74 75 76 77 78 82 87 88 92 93 94 95 96 97 98:27115:172 231 36 1033 909 1445 685 1179 360 1080 92 277 973 1283 346 3870 2760 7392 509 533 1394 556
46 48 74 75 92 93 94 96:5578:48 77 308 402 2015 689 1399 640
73 92 93 94 96 98:3726:38 440 207 1145 1091 805
92 93 94 96:2682:268 171 531 1712
48 65 73 74 92 93 94 96 97:7435:134 421 141 173 991 428 2338 1569 1240
76 92 93 94 96 97:5492:1848 465 101 1735 513 830
48 63 72 73 92 93 94 96:5920:129 621 24 274 1792 186 2367 527
46 72 73 92 93 94 95 98:4000:51 100 134 1116 1312 381 245 661
48 74 92 93 94 95:4708:39 64 1523 482 2306 294
46 72 73 74 88 92 93 94 96:7684:28 132 41 79 853 1343 1125 2877 1206
2 46 48 63 64 65 72 73 74 78 82 92 93 94 95 96:14655:37 49 127 91 320 661 381 45 378 421 3768 2678 1109 2962 256 1372
46 47 64 72 73 74 75 76 87 92 93 94 97:13817:699 242 240 1100 314 100 594 749 946 4147 426 2958 1302
48 65 72 74 82 92 93 94 96 97:8561:76 391 246 28 595 1874 676 3493 507 675
46 48 51 65 72 74 92 93 94 96:6256:129 334 224 230 421 17 1528 233 1914 1226
82 92 93 94:10311:7953 1060 362 936
36 37 46 48 63 64 65 72 73 74 75 77 78 87 88 92 93 94 96 97 98:34617:171 36 373 158 142 886 1869 967 608 1854 848 643 648 469 815 6358 2641 11050 970 1353 1758
48 74 82 92 93 94 96 98 100:12819:109 366 1059 3543 633 3669 2158 551 731
46 64 72 74 92 93 94 97:4139:116 73 89 42 983 262 1691 883
46 63 67 92 94 96 97:3398:38 201 435 1232 406 533 553
48 93 94 95:858:95 157 449 157
50 73 92 93 94 96:4628:373 53 1181 516 1383 1122
46 47 92 93 94 96:4915:75 100 1839 199 1420 1282
93 94 97:2389:254 1440 695
46 92 93 94 97:3229:73 638 516 1204 798
6 37 46 65 72 74 92 93 94 95 97:7908:291 292 93 953 41 36 2139 118 3074 193 678
2 46 73 92 94 96:4892:40 163 40 1874 1523 1252
48 92 93 94:5417:76 3900 129 1312
64:429:429
37 46 48 64 73 74 76 92 93 94 96 97:12914:38 286 66 120 128 39 910 4253 1122 4776 496 680
73 74 92 94 96:4529:41 120 1348 1721 1299
48 92 93 94:5275:52 2654 661 1908
74 92 94 95:2766:40 1901 500 325
64 65 72 92 93 94 97:4320:234 173 59 2521 315 274 744
36 37 63 73 74 84 92 93 94 96:9961:8 318 333 212 46 280 3926 206 3587 1045
65 92 93 94:4689:325 977 762 2625
73 92 93 94 96 97:5451:72 2401 236 992 1109 641
48 72 74 92 93 94 97:5531:175 184 78 2799 151 1389 755
48 50 66 73 74 92 93 94:7538:196 281 1039 108 222 2645 614 2433
73 92 94 96 97:2740:51 784 459 874 572
48 73 92 93 94 96:4378:103 231 2176 354 1003 511
46 48 50 92 93 94 98:3754:233 199 335 434 557 1495 501
47 72 73 74 92 94 96 97:5313:310 97 195 73 1555 1447 626 1010
73 92 93 94:2029:93 877 256 803
36 48 51 74 92 93 94 97:8451:302 174 270 79 3081 425 3532 588
92 94 96:3428:1323 1450 655
46 82 83 88 92 93 94 97:7107:158 294 271 71 3111 602 2001 599
47 48 72 74 82 92 93 94 97:6809:210 203 119 15 527 2542 332 2317 544
64 72 76 92 93 94:5673:585 64 3790 312 125 797
48 73 74 92 93 94 97:2936:81 77 73 485 732 883 605
47 72 73 78 92 93 94:2519:109 176 206 383 492 155 998
47 87 92 93:1258:57 460 666 75
93 94 98:1077:337 221 519
36 51 92 94 97:1491:165 239 441 101 545
66 68 74:18145:1187 16815 143
46 63 67 84 92 93 94:3523:226 260 87 348 709 135 1758
72 73 92 93 94 96 97:5139:11 214 886 81 1276 1578 1093
48 64 92 93 94 96 97:3341:67 87 961 271 729 538 688
46 93 94:740:81 253 406
38 63 64 73 92 93 94:4172:380 558 454 12 514 553 1701
4 74 92:471:180 58 233
92 93 94 95 97:3326:762 208 691 264 1401
46 72 92 93 94 97:3626:58 82 1291 443 890 862
48 73 92 93 94:2311:131 120 441 112 1507
92 93 94:1107:514 295 298
92 94:1348:698 650
74 92 93 94:2613:148 858 401 1206
48 74 92 94:1362:131 72 711 448
73 92 94:1518:99 1103 316
73 92 93 94 95 96:8743:237 2387 574 4553 317 675
49 92 93 94 97:5363:460 1522 447 1961 973
4 48 55 73 74 92 93 94:6838:41 88 108 105 257 3911 456 1872
46 48 74 92 93 94 96 97 98 100:9843:359 66 273 1764 897 2951 1119 1194 620 600
46 72 73 92 93 94 96 97:15936:291 691 156 5161 781 6362 588 1906
73 92 93 94 96:3160:17 1710 51 860 522
65 92 93 94 96:1807:180 522 194 399 512
92 93 94 95:2604:1538 130 739 197
36 48 63 72 73 74 76 78 88 92 93 94 96 97:9502:98 181 289 283 218 259 465 337 453 1088 486 2279 1963 1103
46 48 63 64 65 67 73 75 76 78 87 92 93 94 95 97:10656:221 25 216 351 1736 553 299 460 446 359 462 1299 506 1739 367 1617
66 70:8732:2879 5853
46 47 64 72 74 92 93 94 96 97:8880:195 34 246 107 334 2735 607 2805 1087 730
92 93 94 98:2749:493 612 1146 498
46 64 65 72 73 74 76 77 83 92 93 94:11705:57 201 423 420 12 52 551 547 7245 1724 121 352
48 65 72 92 93 94 95:5401:221 315 261 2182 433 1312 677
48 72 92 93 94:2671:98 335 977 298 963
37 46 63 92 94:2271:130 124 199 1018 800
70 92 93 94:6393:2478 1536 488 1891
46 47 48 72 73 74 92 93 94:4465:34 36 72 72 35 50 1018 767 2381
46 48 64 65 67 73 74 77 92 93 94:3904:67 82 477 52 282 58 166 23 1888 239 570
72 73 74 92 93 94 95 96 97:8304:88 138 29 1284 1620 2531 370 1695 549
46 47 48 92 93 94:3893:628 118 313 1101 385 1348
46 48 73 92 93 94 96:3908:93 170 56 1198 98 1414 879
65 69 92 93 94:5918:601 4571 507 98 141
48 74 92 93 94:1156:56 40 279 212 569
46 48 92 94:3425:692 162 530 2041
16 46 47 48 72 73 74 82 92 93 94 95 96 98:34070:101 54 146 429 41 65 46 28740 821 552 568 264 1325 918
49 92 93:744:398 178 168
2 48 92 93 94 96:3965:90 41 183 1074 839 1738
46 47 48 63 64 72 73 92 93 94 96 97 98:15760:105 283 57 380 130 392 35 1755 3852 2990 3947 577 1257
92 93 94:1258:343 539 376
46 47 48 72 73 74 92 93 94 95 97:13280:39 77 337 439 221 228 4761 2965 3362 149 702
64 72 73 75 92 93 94 95:3648:295 143 152 431 373 473 1590 191
46 51 72 74 92 93 94 96:8911:48 287 61 182 3862 2007 1959 505
3 48 65 92 93 94:3449:36 60 108 444 803 1998
47 74 76 92 93 94 97:3164:96 45 524 595 232 527 1145
48 64 72 73 92 93 94 95:2125:188 43 69 69 859 182 442 273
37 46 47 48 65 72 73 74 78 92 93 94 95 96 97 98:26940:119 286 95 918 526 559 240 509 363 5999 4356 8827 480 1705 1361 597
48 64 72 73 74 78 92 93 94 97 98:12847:104 201 139 24 238 346 1402 2422 6668 697 606
46 48 64 92 93 94 97 98:5415:50 76 56 539 370 2514 1362 448
48 73 92 93 94:992:41 123 295 325 208
74 92 93 94:2021:120 140 880 881
46 47 48 72 92 93:700:81 89 160 11 168 191
48 74 93 94:639:100 71 219 249
48 73 74 93 94:1015:164 78 101 498 174
48 94:255:81 174
46 48 73 74 92 93 94:2250:60 24 56 13 398 1442 257
63 78 83 92 93:20679:171 274 19970 182 82
83:17930:17930
48 73 74 92 93 94:663:24 20 322 68 107 122
48 72 85 93 94:2572:44 14 157 1183 1174
93:203:203
46 47 48 72 73 74 77 92 93 94 97:14572:225 19 225 61 124 56 206 4884 1292 6742 738
48 92 93 94 97 98:3693:83 442 213 1435 888 632
3 72 92 93 94 96:3152:19 89 122 972 959 991
36 72 76 92 93 94:4258:295 56 684 1368 203 1652
47 48 73 88 92 93 94 96 97 98:8468:54 63 134 771 1870 1109 2252 1156 593 466
21 48 51 65 73 88 92 93 94 96 97 98:10574:23 123 1337 87 143 225 1800 670 2126 1658 1864 518
46 47 48 67 72 73 74 92 93 94 96:15608:342 385 216 333 112 354 106 5327 2445 4991 997
46 48 92 93 94:2037:173 168 165 583 948
74 92 93 94:1634:23 875 142 594
46 92 93 94:2514:60 1479 389 586
92 93 94:3388:1927 796 665
48 92 93 94:1254:101 230 425 498
46 48 74 92 93 94:2802:45 21 14 693 1199 830
47 48 92 93 94 96:4626:37 260 143 1490 1935 761
48 72 74 82 92 94 95 98:7052:226 106 48 943 1081 3314 205 1129
72 92 93 94:2049:345 209 616 879
73 92 93 94 95:2889:150 524 776 1069 370
92 93:1038:478 560
92:444:444
94:548:548
36 46 47 48 74 92 93 94 97:5312:119 301 335 96 53 820 353 2609 626
48 64 73 92 93 94 96:2868:113 167 78 651 439 901 519
4 47 48 92 93 94:2294:33 106 111 517 715 812
46 48 65 73 76 92 93 94 97:3106:60 40 596 36 502 303 394 622 553
46 47 48 72 73 74 92 93 94 98:7720:36 50 259 116 38 54 1349 1046 4164 608
48 92 93 94:1912:40 784 507 581
4 37 48 92 93 94 95:3872:24 101 75 1400 965 1049 258
46 47 48 74 92 93 94:3585:182 50 72 55 1236 516 1474
46 74 92 93 94:1795:112 28 710 531 414
92 94:956:500 456
46 64 74 92 93 94 96:2199:105 68 413 508 327 93 685
48 72 92 93 94:4929:200 21 1234 696 2778
48 72 84 92 93 94:2891:49 103 432 602 931 774
92 93 94:686:198 413 75
36 46 48 64 65 72 73 74 82 92 93 94 96:15851:162 101 90 326 220 613 252 425 216 6244 2265 4325 612
48 74 92 93 94:4289:108 43 1901 506 1731
92 93 94:4081:1921 434 1726
72 74 92 93 94 97:3778:106 38 1639 704 636 655
48 92 93 94:2303:110 342 455 1396
64 65 72 74 92 93 94 95 97:7698:25 817 59 8 2495 312 3019 314 649
48 72 73 74 92 93 94 97:7123:110 32 54 218 2961 1159 2034 555
46 48 92 93 94 95 96:5948:34 117 2544 1301 1140 210 602
48 72 92:849:92 5 752
4 72 74 92 93 94:4354:27 78 108 2752 165 1224
65 92 93 94:4855:315 3341 385 814
72 74 92 93 94 97:3622:204 66 866 360 1447 679
46 48 65 66 72 73 74 92 93 94 95:14936:160 150 602 4322 318 394 792 4030 1177 2827 164
72 73 92 93 94 95:4686:73 46 891 1002 2192 482
72 92 94:2541:42 1362 1137
73 92 93 94:2136:152 1424 362 198
65 92 93 94:2013:168 581 244 1020
46 47 72 74 92 93 94:3596:70 51 34 155 1221 235 1830
65 72 92 93 94:2062:179 42 571 445 825
92 94 96:2970:1869 564 537
48 92 94:1473:70 519 884
36 46 48 64 72 73 74 92 93 94 95:7760:491 158 84 171 91 18 281 3425 983 1769 289
48 65 72 73 74 92 93 94 95:3649:55 139 260 45 16 786 914 950 484
46 92 93 94:1864:61 795 94 914
48 74 82 93 94:2935:111 68 456 439 1861
48 64 92 94:2596:47 99 547 1903
92 93 94:2189:805 607 777
73 92 93 94:2397:15 1168 583 631
48 73 92 93 94:4284:243 9 2226 951 855
48 72 92 93 94:2738:32 73 954 387 1292
92 93 94:2125:278 622 1225
92 93 94:2732:1263 320 1149
73 92 93 94:2075:232 532 198 1113
88 92 93 94:2292:434 853 306 699
46 65 92 93 94:1003:86 104 457 79 277
65 92 93 94:1930:228 747 115 840
47 48 72 74 87 92 93 94 95:3182:77 126 120 55 509 1568 291 172 264
48 92 93 94:1700:126 626 544 404
48 74 92 93 94:4361:55 126 2791 401 988
46 47 72 92 93 94:1123:49 42 24 406 193 409
36 47 48 64 65 92 93 94:4065:155 204 45 56 192 1776 109 1528
48 92 93 94 95 98:6556:294 3976 278 1164 294 550
46 47 48 92 93 94:4732:120 179 171 2299 359 1604
36 48 72 73 74 87 92 93 94 98:12198:84 248 231 248 42 276 6953 849 2810 457
36 48 92 93 94 96 99:6883:326 208 2230 616 2527 549 427
63 64 72 92 93 94 95:6218:126 199 184 3276 133 2087 213
47 48 76 92 93 94:4115:101 143 555 2157 627 532
48 92 93 94:1370:52 908 225 185
5 37 46 47 48 73 74 92 93 94:5229:186 20 59 76 58 62 183 2259 514 1812
47 92 93 94:2047:45 1541 105 356
67 73 92 93 94:6534:631 358 2198 497 2850
72 92 93 94:4170:146 2914 388 722
3 36 38 46 48 64 65 72 73 74 75 76 82 83 87 88 92 93 94 95 97 98:51996:24 138 226 57 227 810 564 2294 79 548 1894 1641 19832 12760 563 1032 3391 1012 2179 1377 575 773
72:227:227
75 92:996:713 283
83:28968:28968
83:4106:4106
48 73:44:32 12
48 73 94:397:56 126 215
38 46 64 65 72 74 87 92 93 94 96:10089:313 20 520 885 455 142 1119 2871 76 2121 1567
92 93 94:1107:685 72 350
65 73 74 82 92 93 94 96 97 98:11211:674 258 26 1203 1682 994 4082 507 941 844
73 93 94:1357:65 105 1187
73 74 78 93 94:1590:102 111 261 785 331
93:51:51
93:200:200
94:174:174
48 93 94:141:35 51 55
93 94:165:79 86
48 94:176:50 126
93:75:75
93:265:265
93:236:236
48 74 93 94:299:45 50 144 60
37 38 46 47 51 64 72 73 74 78 80 92 93 94:9516:94 338 198 188 308 212 421 199 159 546 4262 1150 528 913
93:149:149
93:85:85
48:27:27
46 51 63 65 66 67 68 72 73 74 75 80 82 83 92 93 94 96:78633:132 579 415 458 5732 713 746 228 489 789 2421 3465 44307 14879 257 899 363 1761
83:7243:7243
66 67 74 80:6893:4106 1100 164 1523
92 93 94:1226:535 444 247
70:16003:16003
40 46 63 72 73 74 78 82 92 93 94 95 96 97:17598:881 269 153 122 506 322 318 1037 3991 443 6889 501 680 1486
92 93 94:3198:1182 1239 777
46 66 93:1953:250 1589 114
46 83 92 93 94:17449:47 15390 1199 257 556
64 93 94:460:87 133 240
47 68 97:1767:336 845 586
46 48 73 92 93 94:1954:216 76 28 965 548 121
46 48 49 73 93 94 97 98:6617:56 142 589 119 1739 2103 890 979
46 48 51 72 74 76 93 94:3019:54 33 233 206 61 759 504 1169
51 94:382:276 106
46 48 72 92 93 94:2889:173 396 67 897 193 1163
93:119:119
94:232:232
36 46 47 48 50 65 75 92 93 94 96:8386:186 440 136 70 297 180 2691 72 220 820 3274
94:485:485
46 47 48 64 73 74 82 87 92 93 94 97:16078:52 160 20 61 70 105 8852 1375 899 529 3380 575
78:448:448
37 46 72 74 92 94:3489:85 224 104 182 862 2032
64 69 70 74 76 92 94:52778:55 12083 34748 384 4620 349 539
68:3858:3858
82 83 92 94:3948:192 98 2015 1643
46 72 74 76 82 92 93 94:5570:180 21 78 1763 623 1831 337 737
46 74 75 92 94 95:3689:211 35 335 1963 620 525
46 47 74 82 92 94 95:26035:48 396 73 19663 3052 2615 188
46 64 72 82 92 93 94 99:6570:196 53 25 658 2796 147 2423 272
46 47 74 92 93 94 95:5322:102 267 17 2198 352 2110 276
64 65 68 73 82 92 93 94 95:10483:129 215 1427 153 280 4393 467 2647 772
3 92 94:584:36 181 367
48 73 92 93 94 96:4726:149 31 1156 181 2704 505
38 46 55 57 63 64 65 72 73 74 75 76 77 78 85 92 93 94 95 96:19976:446 50 332 510 339 60 689 2692 371 1159 443 2046 714 1178 374 4102 67 3552 328 524
64 72 73 77 92 93 94 98:3872:606 332 78 435 564 284 546 1027
46 87 92 94:2544:68 825 1229 422
92 94:1405:392 1013
46 48 73 74 92 93 94 95:2732:92 61 172 51 1087 72 975 222
65 72 73 74 75 83 92 93 94:21804:154 119 148 197 472 3142 13537 566 3469
38 72 73 74 92 93 94:4238:87 34 51 186 2050 298 1532
36 83 92 94 96:5435:310 2048 1589 912 576
38 46 48 65 72 73 74 75 78 92 93 94 95:4939:432 212 165 42 21 5 28 728 336 412 430 1903 225
46 64 72 73 74 78 82 88 92 94 95 97:9917:237 141 191 42 84 485 791 367 3038 2893 740 908
64 72 73 74 75 92 93 94:14935:307 303 231 14 495 7675 1022 4888
72 73 92 93 94 95:9563:34 12 2553 90 6715 159
72 74 83 92 94 95:4380:29 314 2048 760 278 951
82 83 92 93 94:8961:70 70 7981 103 737
74 83 92 93 94:8904:16 3772 3556 330 1230
16 38 48 64 65 72 73 74 77 82 92 93 94:13812:14 182 17 212 671 480 234 615 400 1678 3674 1032 4603
73 74 76 88 92 94:1278:108 38 567 184 247 134
3 31 46 55 64 65 68 72 73 74 76 77 92 93 94 96 97:15846:29 229 37 190 127 75 2400 1519 377 671 537 191 2054 904 4487 523 1496
93:89:89
47 73 82 92 93 94 95:9675:50 19 1029 4701 328 2992 556
82 92 93 94:1703:430 526 97 650
74 92 93 94 95:7470:111 4629 724 1565 441
92 94:3433:2223 1210
48 92 94:2114:25 1427 662
86 92 93 94 96:15488:12664 1355 173 773 523
48 72 74 82 92 94 95:7617:45 89 103 701 3628 2818 233
46 47 48 50 72 74 82 92 93 94 95 96:12402:115 256 264 463 40 78 727 3835 1721 3646 730 527
46 74 92 93 94 96:5603:191 36 803 880 3184 509
65 73 75 92 93 94:9170:197 236 370 2706 1567 4094
46 73 92 93 94 97:8430:198 77 2595 1506 3293 761
48 74 92 94 95:2408:154 54 603 1382 215
80 92 94 97:7299:3878 180 2664 577
37 46 47 64 65 82 92 93 94 95 97 100:7587:14 129 348 313 128 1846 1791 176 1289 301 665 587
64 65 73 76 82 92 93 94 95 99:6352:425 138 92 582 1003 1866 136 1440 408 262
46 47 48 73 82 87 92 94 97:10359:267 182 190 194 819 626 4112 2670 1299
46 47 73 92 93 94 96:4506:362 349 52 511 88 2546 598
36 46 47 63 64 65 72 73 74 76 82 83 92 93 94 96:16960:160 43 65 551 96 534 748 97 286 1264 1175 2601 4197 1000 3435 708
46 63 94 96:1611:46 734 335 496
46 92 94:1729:190 1027 512
47 74 82 92 94 97:9959:153 18 2187 3302 3753 546
16 46 64 82 92 93 94 95 96 97:7757:1 161 38 1966 1937 397 1596 157 598 906
46 63 73 74 75 92 93 94 95 96 97:9041:147 273 90 39 1603 3447 194 1674 254 499 821
46 48 74 76 92 94:7147:28 201 126 655 3543 2594
36 46 47 48 63 64 65 72 73 74 83 87 88 92 93 94 95 96:18451:190 308 346 305 446 813 697 545 273 292 51 611 1196 5851 852 4406 586 683
38 46 47 48 64 65 72 73 74 75 78 82 92 93 94 97:16655:229 30 585 156 228 844 573 321 45 782 325 2374 5802 465 3356 540
72 73 92 93 94:2052:351 129 488 339 745
38 46 47 48 64 65 72 73 74 76 78 82 92 93 94 96 97 98:31222:46 51 186 38 375 360 409 200 295 1799 661 2273 9727 1873 7908 2521 620 1880
73 74 92 94 95:1885:214 177 744 542 208
47 92 93 94 98:6218:426 2406 1176 1693 517
48 92 93 94:5469:104 1541 1225 2599
46 48 72 73 74 77 82 87 92 93 94 96 97:16074:471 239 613 186 303 171 1030 631 2004 2552 6487 659 728
47 73 93 94 95:2062:212 28 244 1296 282
16 46 47 74 82 92 93 94 98:8891:11 484 496 72 1253 1391 1825 2708 651
38 48 50 72 73 74 76 78 84 92 93 94 98:17437:220 515 320 1430 955 773 978 248 263 3197 2154 5838 546
5 36 39 46 48 51 64 72 73 74 82 92 93 94 95 96:20169:392 67 658 434 253 555 78 225 133 288 541 6279 1814 7463 359 630
2 36 46 48 72 73 74 78 92 93 94 95 97:10171:177 182 220 561 24 58 171 355 2237 1287 3562 431 906
46 48 82 92 93 94:7310:333 138 902 903 1658 3376
46 72 92 94:1108:40 83 257 728
46 47 92 93 94:5378:163 280 825 1019 3091
46 48 50 73 74 92 93 94 96:10291:85 218 314 64 27 1709 2068 5309 497
73 92 93 94 98:4391:41 1432 1268 1173 477
46 67 72 73 92 93 94:4153:104 191 129 118 2720 192 699
92 93:278:59 219
83:14261:14261
82:3163:3163
36 65 92 93 94:2497:96 574 877 331 619
3 4 46 48 64 67 68 72 73 74 75 92 93 94:9726:97 41 221 33 28 71 1078 76 19 129 681 3339 977 2936
92:89:89
46 64 65 66 67 69 92:5900:27 872 892 1351 869 1690 199
72 74 92 93 94 95:3471:60 102 735 301 2052 221
48 74 92 93 94 95 96 97 98:6338:249 36 864 347 2176 277 1223 686 480
46 48 63 64 65 67 72 73 74 92 93 94 95 96 97 98:14734:73 68 39 487 384 199 74 196 253 4083 1918 4919 315 509 633 584
94:335:335
3 63 64 65 72 73 74 78 83 93 94:10776:13 533 710 844 228 51 228 561 7036 177 395
48 72 73 74 78 92 93 94 96:6069:150 321 20 18 479 1024 586 2956 515
73 74 92 93 94:3034:31 110 1421 75 1397
46 48 72 73 74 92 93 94 96:4903:64 48 80 52 81 1518 184 1645 1231
46 72 73 74 92 93 94 98:4711:207 24 90 89 1542 389 1883 487
36 47 48 64 72 73 74 92 93 94 97:14299:302 131 210 25 207 58 404 5191 1425 5108 1238
46 48 63 72 73 74 82 92 93 94 95 96:11512:82 364 110 136 390 26 1191 3272 1662 3117 647 515
46 48 92 93 94 97:1568:57 36 428 140 190 717
46 64 69 92 93 94 95:8796:102 547 4689 1725 174 1310 249
47 93 94:547:32 96 419
72 73 77 92 93 94:2472:76 194 269 772 246 915
47 63 73 74 92 93 94:3767:219 201 110 54 1157 915 1111
74 92 93 94 96 97:2845:31 886 115 450 564 799
46 65 73 77 87 92 94:5953:240 1318 180 133 1381 649 2052
46 64 72 74 78 92 93 94:3458:61 56 148 204 1377 522 116 974
48 74 92 93 94:1646:47 114 186 440 859
48 64 72 93 94:1408:80 245 190 311 582
93 94:383:108 275
36 92 94:1151:73 700 378
36 47 48 72 73 74 92 93 94 96 98:9657:32 297 165 131 102 292 2173 1264 4184 530 487
74 92 93 94:2589:19 1826 203 541
51 92 94:1417:417 866 134
46 48 65 73 92 93 94:5672:161 143 105 53 1608 408 3194
73 92 93 94:1424:81 809 331 203
46 73 74 92 93 94:6019:128 165 116 1179 1176 3255
46 72 92 93 94 97:3667:58 181 1927 284 624 593
46 50 72 73 75 92 93 94 95 96:7470:18 396 226 56 480 1856 450 3242 237 509
92:411:411
47 48 72 73 92 93 94:2716:24 50 343 146 1387 136 630
48 92 94:1724:59 893 772
93 94 98:1099:180 358 561
49 73 74 92 94 95:2868:394 46 105 1331 568 424
92 94 96:1672:104 714 854
46 48 64 73 74 75 92 93 94 96 98:8692:138 253 495 185 68 592 1685 1185 2280 1283 528
65 72 73 74 75 76 92 93 94 96 97:11253:109 1073 242 1123 475 653 2314 233 3809 662 560
46 73 74 92 93 94 95:1917:81 45 29 170 437 831 324
74 94:248:109 139
46 50 51 64 65 72 73 74 92 93 94 95 96 97:17556:175 383 261 172 165 606 116 239 3857 2355 5400 398 2493 936
38 46 48 64 72 73 74 92 94 95 96:7153:375 133 102 137 134 35 74 2832 2058 266 1007
40 46 48 64 67 70 72 73 74 92 93 94 96 97:15889:651 274 379 261 707 3042 254 439 858 1851 1121 4561 540 951
4 48 63 64 65 66 69 72 73 74 92 93 94 97:21586:26 127 1573 1970 3056 1740 9734 223 482 220 254 263 1197 721
46 48 73 74 92 93 94 97 100:11240:147 78 13 106 3171 877 5629 646 573
36 47 48 51 63 64 65 72 73 74 77 88 92 93 94 95 96 97:21213:150 206 352 245 681 152 2210 539 267 610 494 768 2767 1896 7615 535 1170 556
48 94:1000:62 938
63 64 65:1627:883 360 384
48 92 93 94 97:2041:58 488 262 598 635
48 93 94:1862:229 673 960
30 64 65 92 94:2353:19 261 347 307 1419
48 72 75 92 94:1727:41 462 754 230 240
46 48 72 92 93 94 97:6870:188 193 252 1952 497 3109 679
46 48 65 72 73 92 93 94 95 100:6739:190 98 73 44 40 1592 1780 2124 209 589
38 46 73 74 92 93 94:8850:207 253 31 45 1888 1544 4882
46 47 48 65 72 73 74 92 93 94:8928:325 579 328 487 194 51 130 1582 2443 2809
46 48 56 65 72 74 92 93 94 95 97:10437:244 575 354 194 504 124 2209 714 4707 245 567
46 47 48 72 73 92 93 94 95 96 98:9421:283 462 129 87 44 2163 923 3468 256 1082 524
38 47 51 74 87 92 93 94 95 97:9283:108 648 487 13 560 1489 1825 3043 384 726
76:450:450
38 46 48 51 63 64 65 72 73 74 75 78 92 93 94 95 96:19131:277 198 109 227 144 220 96 138 80 327 370 555 4798 4005 6151 358 1078
47 48 64 72 73 74 75 76 78 92 93 94 96 97 98:13492:114 208 253 1474 397 959 424 724 382 1137 398 4158 1720 595 549
46 72 77 87 88 92 94:2976:256 507 319 841 150 702 201
92 93 94 98:1466:300 97 601 468
46 50 64 92 93 94:3705:104 267 60 713 348 2213
36 48 72 73 92 93 94 95:6962:23 90 90 230 2464 709 3179 177
4 46 48 72 73 74 76 92 93 94 100:7296:32 30 53 357 74 66 634 2161 959 2323 607
48 65 74 92 93 94 95 97 98:10541:321 150 146 3351 844 4493 152 566 518
48 65 72 73 74 75 77 87 92 93 94 96:9188:210 78 938 374 291 475 75 675 1662 511 2812 1087
46 47 51 72 74 92 93 94 97:5950:102 139 234 187 104 299 873 3136 876
46 64 72 87 92 93 94 95 96 97:8853:346 156 328 746 1089 503 3466 790 865 564
46 73 74 87 92 93 94 96 97:7646:228 205 110 455 1415 263 3873 502 595
46 72 73 74 92 94 97 98:7053:203 292 155 72 1513 3517 831 470
36 38 48 63 64 73 74 92 93 94 96 97 98:13729:176 122 50 977 214 388 51 5155 682 2943 567 1838 566
92 94 97:2549:218 1154 1177
47 65 72 73 74 75 92 93 94 96 97:10778:130 776 902 318 605 2534 595 740 2416 799 963
51 64 65 72 73 84 92 93 94:7430:282 332 439 527 397 623 1374 1057 2399
48 74 92 93 94 96 97:6337:132 32 1281 1221 2477 532 662
46 48 72 74 92 93 94 97:12474:75 133 51 197 6900 706 3592 820
46 48 63 73 92 93 94:3962:94 42 81 121 2525 470 629
92 93 94 98:2655:1487 339 95 734
4 73 92 93 94 96:4996:24 82 1076 1114 2147 553
46 47 48 63 64 72 73 74 75 92 93 94 95 97 98:16790:326 137 211 420 193 666 133 108 402 3597 2368 4883 189 2660 497
47 64 72 73 74 92 93 94:2281:94 360 632 36 22 687 70 380
46 92 93 94:978:164 240 126 448
92 94:632:100 532
92 93 94:1453:735 260 458
94:501:501
93 94:374:45 329
93 94:191:130 61
72 74 87 94:1195:305 295 364 231
94:238:238
46 92 93 94:676:75 212 110 279
88 93 94:793:362 300 131
93 94:791:110 681
72 74 92 94:1249:30 35 435 749
72 92 94:211:69 17 125
94:306:306
92 93 94:1256:230 91 935
39 46 47 48 51 64 65 72 73 74 76 77 78 82 92 93 94 95 96 97 98:61459:575 136 91 448 309 59 159 1295 1507 374 2559 86 997 35437 3179 2580 7827 448 2300 599 494
97:552:552
48 64 92 93 94 95 97:7294:89 363 2024 471 3235 438 674
74 83 92 94 96:24923:173 23388 206 565 591
64 72 92 93 94:3960:368 340 756 746 1750
47 48 72 73 74 92 93 94 95:11290:57 160 123 22 108 5683 1036 3590 511
36 46 48 72 73 74 92 93 94 96 97:22823:255 40 145 189 449 485 10257 3430 4286 2660 627
2 48 72 73 92 93 94 95 96:5202:51 145 286 188 1089 528 1972 301 642
48 92 93 94:2556:179 986 287 1104
48 65 73 82 92 93 94:6280:291 79 137 646 1971 362 2794
48 73 82 92 93 94 95 97:7733:35 56 494 1606 1238 3532 233 539
47 72 74 82 92 93 94 95 97 98:8074:33 272 29 760 3015 377 2006 201 931 450
38 72 74 87 92 93 94 97 98:8500:145 34 107 735 4289 555 1594 572 469
47 48 74 92 93 94:6636:174 32 87 3714 1454 1175
63 65 72 73 82 83 92 93 94:60217:26 45 114 80 37497 18040 2225 384 1806
73 92 93 94:1198:39 808 173 178
46 48 72 73 74 92 93 94:6365:93 109 63 74 65 819 1772 3370
46 48 92 93 94 97:3336:130 187 259 240 234 2286
46 48 72 73 74 84 92 93 94 95 98:7167:56 264 135 37 131 261 2078 1310 1630 684 581
46 47 48 65 73 92 93 94 96:4681:139 71 186 275 18 788 1349 1300 555
48:71:71
46 48 93 94:1700:129 469 384 718
46 48 63 73 92 93 94 96 98:13588:412 266 154 54 3200 3400 4653 595 854
48 92 93 94:1622:204 205 694 519
37 46 48 72 74 92 93 94 95:5004:50 57 75 83 112 1231 253 2934 209
47 48 73 74 75 92 93 94 96 97 98:16868:100 310 44 43 353 1884 3828 6196 701 2892 517
51 72 73 92 93 94 97:3691:258 20 18 609 800 1101 885
46 48 92 93 94:11708:187 586 3079 1779 6077
46 47 48 72 74 75 92 93 94 96 97 99:12784:248 267 46 17 176 417 3879 1974 3730 572 1221 237
48 73 74 92 93 94 95 96:8947:119 26 36 1393 1723 4676 375 599
48 73 74 92 93 94 98:8513:321 89 267 426 1578 4668 1164
36 72 76 92 93 94 98:4710:267 85 621 1051 760 1383 543
78 93:551:245 306
46 48 72 73 74 92 93 94 96 97:9812:85 152 79 137 251 1532 1936 3860 1230 550
36 48 92 93 94:3060:100 117 1082 240 1521
46 92 93 94:596:20 205 278 93
48 73 92 93 94 96 97:7233:72 93 1131 1290 3190 775 682
74 92 93 94 95:2739:114 276 1237 702 410
93:65:65
92 93 94 97:2862:157 215 1945 545
92 94:414:225 189
83:53:53
83:21804:21804
46 48 92 93 94 95 96 98:8985:147 144 3640 1047 2838 154 555 460
92 93 94:2529:328 317 1884
65 73 92 93 94 98:5568:305 156 1584 1028 1956 539
46 92 93 94:2414:95 888 612 819
48 72 73 74 75 92 93 94 96:5037:195 256 258 74 356 1351 549 1376 622
3 47 48 72 73 74 92 93 94 95 96 97:17270:52 165 410 212 156 81 4595 3476 5973 363 510 1277
48 92 93 94:1344:275 417 202 450
48 92 94 96:3120:168 655 1771 526
30 36 46 48 64 65 72 73 74 92 93 94:10672:24 117 188 153 137 379 205 401 73 2489 1446 5060
3 46 47 48 51 63 64 65 72 73 74 92 93 94 95 96 98:14544:44 243 357 144 291 165 329 164 476 374 116 2498 1414 5939 203 716 1071
94:110:110
4 48 93:247:16 35 196
94:72:72
94:40:40
93 94:289:65 224
93:307:307
93:177:177
88:360:360
48:76:76
93:60:60
93:220:220
93:60:60
65 92:1055:690 365
39 76:2291:584 1707
94:100:100
72 92 93 94 98:1934:21 196 436 585 696
48 72 73 74 88 92 93 94 96 97 98:6369:58 54 63 66 432 1115 680 1777 696 592 836
94:489:489
94:492:492
92 94:797:396 401
72 74 92 93 94 96:5231:614 555 2000 485 1062 515
92 96:1538:999 539
46 48 74 92 93 94:1361:52 42 80 306 179 702
92:172:172
92:372:372
48:150:150
48:50:50
47 48 93 98:1128:81 180 369 498
3 48 50 63 64 72 73 74 76 87 92 93 94 95 98:10966:47 338 282 106 550 877 379 483 1223 1322 2184 408 1994 310 463
94:180:180
93:125:125
46:36:36
48 92 93:485:140 104 241
46 48:70:35 35
94:146:146
72 92:273:13 260
74 94:532:266 266
46:35:35
93:95:95
48 93:3235:11 3224
48 93 94:5008:295 4626 87
48 93:3961:162 3799
93:2243:2243
93:96:96
92:153:153
94:50:50
92:41:41
92:324:324
92:347:347
72 94:137:47 90
82:809:809
63:36:36
47:30:30
72:81:81
94:482:482
92:464:464
46:40:40
92 94:296:220 76
93:92:92
94:258:258
93:209:209
72 92:741:69 672
93:91:91
72:158:158
46 48 93:220:21 96 103
93:80:80
92:146:146
92:270:270
87:408:408
92:71:71
63 92:629:300 329
48:25:25
46 65:96:46 50
94:421:421
93:174:174
74:41:41
72 94:202:55 147
92:168:168
92:242:242
94:94:94
47:42:42
97:790:790
94:327:327
