76 80:9317:7037 2280
95:74:74
46 48 63 94:597:107 10 346 134
68 94:2457:1712 745
46 47 48 64 65 67 72 73 74 75 76 77 80 82 87 92 93 94 97:32015:172 41 138 1129 4948 610 2580 378 850 702 681 1246 8584 2331 427 2819 105 3385 889
46 48 50 64 65 72 73 74 92 93 94 95 99:9559:94 43 760 497 676 202 283 169 3449 279 2735 256 116
64 72 74 75 83 92 94 95:5807:319 46 252 552 853 2008 1397 380
83 94:440:234 206
94:756:756
36 46 47 50 73 74 92 93 94 97:7549:165 128 118 304 79 244 1297 267 4171 776
36 46 48 55 64 65 73 92 94 96 98:5868:117 204 167 70 957 1293 49 1362 494 518 637
72 74 94 97:1255:533 30 83 609
31 38 46 47 48 64 65 67 72 74 77 82 92 94 95 96 97 100:25706:118 799 427 54 35 251 125 630 1042 72 115 1737 8403 7733 893 1959 531 782
46 48 55 63 64 65 72 74 82 83 86 92 93 94 95 96 97 99:23607:611 91 206 181 168 587 66 398 590 1540 122 8198 469 6640 989 1776 537 438
46 48 49 50 63 64 65 72 73 74 75 77 92 93 94 95 97 99 100:33844:645 138 370 262 1023 569 2983 1808 422 1199 1062 367 9800 831 8181 2491 874 222 597
46 47 57 64 65 72 73 74 76 82 83 87 92 93 94 95 96:30819:135 491 1038 539 805 785 188 284 1384 1845 1616 1982 10772 143 6054 2258 500
2 73 75 83 92 93:2099:32 70 594 936 163 304
38 46 47 48 51 65 72 73 74 82 83 87 88 92 93 94 95 96 97:35707:274 376 286 36 262 970 238 73 710 2980 4881 998 196 10679 1325 5709 1695 998 3021
97:515:515
30 36 42 46 48 64 65 72 73 74 75 76 82 92 93 94 95 96 99 100:21882:48 174 54 541 183 696 788 31 251 129 496 1021 2004 6646 485 5000 1144 1012 457 722
32 64 65 72 73 74 76 82 83 87 88 92 93 94 95:28675:143 521 901 585 263 24 1914 9068 1184 1187 954 4774 154 5697 1306
36 38 46 47 48 63 64 65 72 74 82 83 84 87 92 93 94 95 97:33296:47 381 162 75 199 289 115 127 161 458 11471 4622 63 937 8632 407 3478 1141 531
16 27 36 38 46 47 64 65 72 73 74 76 82 83 87 92 93 94 95 96 97 98:32528:39 48 245 282 311 413 180 1172 860 117 187 726 4269 943 1163 10774 1038 5312 1842 673 1264 670
4 36 46 47 48 66 67 72 73 74 82 84 92 93 94 95 96:22455:19 289 173 65 36 1160 182 695 263 347 956 401 10763 630 4982 309 1185
46 47 48 63 64 65 66 73 74 82 83 92 93 94 96:27079:126 333 155 993 331 365 1854 122 737 8967 496 5702 812 4850 1236
30 65 74 92 94 95:5142:26 43 27 3270 563 1213
82 83:16541:4889 11652
36 46 47 68 72 82 83 92 93 94 97:15091:443 57 192 2100 41 7745 2107 1095 230 528 553
67 72 73 74 83 92 94 95:8329:2288 230 305 266 143 1511 3238 348
4 46 63 68 72 74 82 92 94:6946:33 196 901 727 370 297 2069 1773 580
57 74 82 92 94 97:3695:484 172 865 875 536 763
93 94:557:111 446
65 82 92 93 94 95:16229:687 8196 4534 565 1962 285
36 46 47 55 63 64 65 72 73 74 75 82 83 86 88 92 93 94 95 96 97:43571:536 274 256 174 1721 864 134 918 1067 772 532 3675 1027 15758 303 3507 1468 7497 603 1295 1190
2 36 46 47 49 57 64 65 72 73 74 77 83 92 93 94 95 96:18642:23 143 146 172 346 204 430 460 1075 341 360 1271 1078 7186 281 3152 833 1141
4 46 50 56 63 64 65 72 73 74 76 77 82 83 84 87 92 93 94 97:36548:54 339 306 394 1095 93 2683 514 253 1593 2882 512 8042 3812 180 789 4977 695 5372 1963
46 92 94:718:123 228 367
48 92 93 94:1021:20 203 459 339
48 66 92 93 94 97 98:3340:133 1273 185 228 193 736 592
92 94:2871:2067 804
66 80:5177:1202 3975
38 92:1070:72 998
46 63 65 66 73 92 93 94:5648:43 1052 897 1036 32 989 151 1448
46 47 48 65 92 93 94:2773:78 54 54 660 335 380 1212
46 47 50 64 72 73 74 82 83 87 88 92 93 94 95 96 97:36527:256 58 256 38 104 533 413 15113 3574 827 502 7174 977 4094 798 550 1260
47 65 72 73 82 86 87 92 94:18069:42 201 379 461 9255 1269 1039 4704 719
94:854:854
46 47 64 72 73 74 82 92 93 94 96:7542:10 197 120 318 73 189 560 3378 191 1821 685
72 74 82 83 92 94 95 96:4549:20 187 1770 396 1016 324 364 472
37 38 46 48 64 65 73 74 75 82 83 87 92 93 94 95 96:19978:153 340 36 99 189 901 111 103 1916 838 384 721 6732 536 3244 1820 1855
36 46 73 92 94 95:2410:116 55 254 1090 643 252
92 94:367:274 93
92 94:467:138 329
46 48 88 92 93 94 96:2522:50 187 274 861 144 525 481
46 57 92 93 94 95:4107:88 1123 1771 89 681 355
48 64 65 66 82 83 92 94:7112:39 591 1410 1350 769 1236 1508 209
68 76:4520:925 3595
46 65 72 74 82 92 93 94:6365:119 524 253 120 1063 1766 328 2192
50 66 68 82:17945:799 7934 2534 6678
36 46 65 67 75 92 93 94 97:4971:100 67 738 708 644 333 220 1638 523
46 47 48 63 64 65 72 73 74 82 83 92 93 94 97 98:18902:332 132 86 127 513 194 48 281 72 5973 454 5730 466 3348 562 584
19 38 46 47 48 63 64 65 72 73 74 82 83 92 93 94 95 96 97:30765:62 330 356 296 84 41 586 910 732 397 95 4901 305 9817 561 8939 835 995 523
73 92 94 95:3939:26 2633 1112 168
47 73 92 94:2273:137 47 1374 715
37 92 93 94:3422:194 2161 325 742
46 93:286:153 133
64 92 93 94:1935:69 1030 197 639
36 46 47 72 74 92 93 94 95 97:4918:452 115 205 76 71 1570 232 1088 595 514
64 92 93 94:2171:122 974 89 986
92 94:714:409 305
36 46 92 93 94:1284:72 101 241 438 432
94:182:182
47 65 92 93 94 97:6336:35 322 2178 357 2859 585
2 47 48 63 65 74 92 93 94:9294:16 69 92 2179 4358 115 946 161 1358
36 46 63 66 74 92 94:4698:135 50 714 1280 408 1468 643
93:74:74
55 57 63 64 65 66 68 72 73 74 75 76 80 82 87 92 93 94 95:27414:540 2837 80 80 413 1105 1483 915 82 42 2243 3235 3862 3238 199 3858 279 2529 394
65 92 97:1636:571 494 571
48 93 94:2046:193 550 1303
92:348:348
40 64 65 68 77 80 92 94 97:12300:1187 1351 339 862 386 4356 1905 622 1292
82:7661:7661
77:801:801
41 92:1093:719 374
64 72 92:1085:53 682 350
47 93:311:221 90
82 94 95:1606:1164 100 342
46 47 72 82 92:2349:30 41 564 778 936
93 94 95:446:92 55 299
48 57 92 95 99:3264:70 1847 436 224 687
94:209:209
46 47 48 65 72 73 74 82 83 92 93 94 95:18783:66 232 40 254 92 163 161 200 190 8928 170 7565 722
46 74 92 93 94:4453:50 141 2686 97 1479
72 92 94 95:4419:25 1946 2227 221
46 72 92 93 94:5826:92 24 2119 312 3279
92 94 97:5255:1413 3324 518
73 74 92 93 94:5932:24 27 1860 158 3863
92 94 95:4857:2171 2375 311
92 93 94:2389:1157 139 1093
75:1408:1408
47 72 92 94:2872:99 36 2231 506
2 92 94:3403:53 2267 1083
92 94:4253:3142 1111
92 94 95:1858:1213 500 145
92 93 94:4656:2281 319 2056
46 74 92 93 94 95:5584:257 62 2697 239 2108 221
46 47 73 92 94 95:5785:60 258 40 3822 1202 403
46 73 74 92 93 94 95:5507:149 45 32 2222 195 2692 172
74 92 93 94:5296:72 1769 173 3282
46 72 92 94 95:4575:104 63 1864 2165 379
46 74 92 94 95:2813:33 20 1723 800 237
63 73 92 94 95:5746:73 25 2403 2906 339
38 92 94 95:1930:234 1157 310 229
16 82:2930:163 2767
46 72 76 92 94 95:8017:78 172 2861 2798 1874 234
46 73 74 92 93 94:9743:173 42 18 5215 297 3998
46 47 92 93 94 95 97:11105:126 47 4475 1083 4212 194 968
46 92 94:2510:108 1204 1198
82 83 87 88:13609:10916 1975 417 301
82 86 87 88 89 92 95:18645:13635 1724 520 867 368 1208 323
72 74 82 87 92 97:11885:53 29 8558 623 2078 544
74 82 83 86 87 89 92 94:24668:67 11673 2128 5729 1193 673 2921 284
17 38 72 74 76 77 82 83 86 87 88 92 95:31515:53 355 2278 206 956 4677 15774 337 3676 622 1801 478 302
36 65 72 74 82 83 84 86 88 92 94 99:28610:247 934 708 508 16884 2171 713 2945 733 1551 589 627
56:981:981
77 82:817:454 363
36 38 64 77 82 83 84 86 87 89 91 92:31218:170 296 74 2701 18702 725 224 1254 2338 371 2960 1403
36 38 65 66 72 82 83 87 92 94 95:21926:421 554 382 1769 767 11566 531 3834 799 440 863
40 53 79 82 86 92 94 95 97:20991:565 459 794 10891 3626 3252 223 532 649
4 42 65 66 72 82 86 87 88 89 92 95:22334:54 322 189 4443 1070 7127 4043 1174 963 376 2051 522
46 54 64 65 68 72 73 74 82 87 92 93 94 95:17839:42 222 281 850 1037 393 130 99 10880 456 1788 601 404 656
36 65 72 82 92:5968:154 322 57 5113 322
55 63 72 77 82 86 87 88 92 94:9893:288 446 307 339 3675 3140 198 592 713 195
67 98:2403:1917 486
82:1717:1717
93 94:399:189 210
94:77:77
16 36 38 46 65 67 70 72 82 87 92 94:46696:180 491 983 100 1222 1263 2355 230 33970 1545 4226 131
83 88 92 94:1645:217 202 147 1079
46 51 66 94 97:3980:113 1697 1417 214 539
17 29 36 42 56 64 72 73 74 75 77 82 83 86 87 88 92 94 95 96 99:67327:14 2566 199 592 936 1051 1832 99 107 491 1886 35110 2787 7198 5732 769 3975 512 327 488 656
36 38 47 55 64 72 74 82 83 86 87 88 89 92 93 94 95 97:72763:549 951 201 653 426 2839 296 41151 1844 6833 6349 1921 1154 4758 215 1561 331 731
16 17 18 22 36 38 54 65 72 73 77 82 86 87 88 89 92 94 95 99 100:93008:2309 7 26 51 590 318 168 146 184 22 359 51272 15564 5214 2913 1497 7416 752 2195 472 1533
36 72 75 76 82 86 87 92 94 97:29622:241 95 9617 4884 6121 3070 2662 715 1634 583
97:3250:3250
56 57:1560:780 780
74 82 86 87 92 94:6294:27 3480 1124 491 699 473
17 86 92:6397:30 6003 364
37 56 72 73 78 86 92 93:7017:90 892 278 59 344 4774 415 165
13 72 82 86 87 88 89 92:7673:315 116 2326 1973 879 641 360 1063
76:78862:78862
75:798:798
74:119:119
39 46 53 63 64 65 72 73 74 75 76 77 80 83 84 92 94:24325:607 64 1070 1672 941 5296 3222 746 1253 442 754 667 5500 1001 393 405 292
31 46 48 54 56 63 64 65 72 73 74 75 76 77 78 80 93 94:22871:288 24 62 130 1178 1129 815 902 3391 335 578 5375 3657 524 401 2588 528 966
75:424:424
57 63 65 67 73 74 94:5257:2278 600 400 305 343 873 458
36 46 49 56 63 64 65 67 69 72 73 74 75 76 80 82 92 93 94:54426:420 36 741 6305 1212 393 2652 5187 1667 1137 389 909 1249 2177 5851 22201 302 701 897
63 65:891:689 202
36 39 40 46 47 48 56 72 75 92 93 94 97:11255:711 573 592 12 176 30 1026 562 471 2152 202 3912 836
63 65 94:564:180 275 109
49 63 64 65 72 76 78 88 94:7967:441 2693 377 1155 492 1244 676 792 97
16 36 47 63 65 72 73 75 77 82 83 92 93 94:20613:754 149 74 579 1629 968 44 780 353 12081 730 1112 355 1005
36 38 46 47 63 64 65 69 72 74 76 82 83 88 92 94 95:15207:243 350 81 60 522 131 1033 3449 429 647 2206 885 815 395 2785 903 273
92 93 94 95:4273:2521 257 1263 232
82 83 92 94:6582:3794 1899 282 607
46 65 82 92 94:7436:115 1118 1459 2465 2279
3 36 37 47 48 51 54 63 64 65 72 73 74 75 76 77 82 83 86 92 93 94:29269:27 603 117 57 144 837 420 242 1981 1539 1555 414 1275 1022 2222 639 4082 407 5320 2235 139 3992
57 63 65 66 68 76 93 94 97:10976:524 680 847 2621 2669 2299 359 160 817
16 29 46 54 55 57 64 65 66 72 73 74 75 82 92 94 95:26087:317 18 159 707 186 249 218 1145 1030 1798 794 884 2586 8871 3344 3613 168
16 36 46 47 58 63 64 65 67 72 73 74 77 82 92 93 94:12765:336 107 49 43 1986 349 289 1500 759 775 451 576 598 2453 1060 456 978
47 48 64 65 72 73 74 76 77 78 82 83 88 92 93 94 95 96 97:26639:151 68 192 1347 985 317 70 1422 65 1335 3411 631 300 7229 1458 5489 977 648 544
46 64 65 73 75 76 82 83 92 93 94 96 97:16589:203 288 178 209 564 2798 562 391 4608 587 2428 2314 1459
38 83 93 94:1259:213 601 356 89
46 92 93 94:1549:124 369 631 425
38 46 56 63 64 65 67 72 74 75 78 82 83 84 86 87 92 93 94 95 97:38847:172 200 656 603 431 1639 841 821 182 964 395 12091 644 187 804 1041 7708 770 7865 188 645
36 38 46 48 64 65 72 74 82 83 87 92 93 94 95 96:23676:467 286 392 118 202 597 28 561 4436 867 647 6044 246 6177 612 1996
36 46 64 65 72 74 82 87 92 93 94 95:13894:229 165 343 103 13 235 1113 867 5696 91 4536 503
16 36 47 55 65 67 72 74 82 83 87 92 93 94 95 96 97:28331:6 454 231 73 1253 1926 268 1142 9665 761 408 5741 294 4294 448 705 662
36 38 58 65 73 74 82 86 87 92 93 94 96:13467:187 175 498 239 307 307 387 2692 200 5076 230 2615 554
20 36 38 65 72 78 82 92 93 94 97:21109:67 249 124 2951 480 606 4888 6367 158 4684 535
36 38 47 63 65 72 73 78 82 87 92 93 94 95 96:14264:201 189 98 257 416 75 245 598 1853 412 5649 273 2498 944 556
46 47 57 65 67 82 83 87 92 94 96 97:16523:209 43 323 1589 266 1904 618 221 4797 5344 555 654
83 92 93 94:7914:190 3767 89 3868
2 19 46 47 48 51 63 64 65 72 73 74 76 82 92 93 94 97 98:14294:25 45 52 70 98 230 214 787 832 197 90 66 861 720 1907 1159 4420 1920 601
50:360:360
93:53:53
93:84:84
36 47 63 64 65 67 72 74 75 82 84 87 92 94 95:18800:428 121 642 96 145 307 843 173 1860 3576 216 616 7311 1731 735
42 63 65 72 73 74 76 77 82 83 88 92 93 94 95:9860:176 378 210 273 25 26 1255 900 2124 602 167 2950 122 327 325
64 72 74 75 82 83 87 88 92 94:4041:262 71 169 997 325 117 235 436 331 1098
55 63 65 72 73 82 83 87 88 92 94:8154:99 145 227 652 46 822 187 200 173 3418 2185
57 75 78 92 94:3521:148 1214 316 647 1196
82 87 88 92 93 94 95 96:15195:7686 435 409 1145 241 3065 481 1733
36 50 63 65 66 69 72 82 92 94:21238:878 352 2173 2707 1806 3481 664 7873 184 1120
36 46 55 63 65 73 74 82 87 92 94 95 97:6655:402 60 30 591 300 38 443 623 288 1744 1317 288 531
2 38 46 47 50 63 65 66 68 82 83 92 93 94:20160:13 39 129 92 846 792 1139 4629 1101 4014 839 2305 257 3965
38 63 65 68 72 73 74 77 83 84 92 94 97:17050:212 854 1933 724 1211 123 60 746 586 227 5569 3565 1240
47 48 65 72 74 92 93 94 95:4738:32 127 300 59 229 1946 257 1088 700
65 72 73 74 75 82 92 94 97:5671:432 601 63 537 544 260 1436 1271 527
4 38 46 47 63 64 65 74 82 87 92 94:22533:58 242 67 62 1503 822 1771 156 4381 2681 5805 4985
46 47 65 72 73 74 78 82 83 84 87 88 92 93 94 95 97:26610:166 138 1373 1059 141 395 331 2961 419 906 726 585 9315 316 6487 688 604
2 32 38 41 47 48 63 65 67 70 72 73 74 76 77 80 82 88 92 93 94 95 96 97:27185:25 155 320 438 330 71 292 968 636 5993 708 337 355 1114 1056 2498 3201 545 2780 142 3881 208 598 534
47 55 64 72 74 82 83 88 92 93 94:5088:73 242 30 386 230 598 289 575 1026 222 1417
38 65 76 82 83 88 92 94 96 97:21631:255 1833 2580 4859 3648 528 5010 1589 487 842
36 38 47 63 65 72 73 82 83 92 94 95:5983:171 353 48 570 382 98 44 603 225 1530 1213 746
46 57 63 64 65 67 73 76 82 83 87 88 92 94:22152:180 138 287 153 209 367 127 2816 11649 812 225 137 4299 753
36 47 64 65 74 92 93 94:3567:210 152 76 321 51 1286 79 1392
72 73 74 82 83 92 93 94:7395:98 81 256 1211 83 4018 553 1095
46 47 48 50 57 65 67 72 73 74 75 79 82 83 92 93 94 95:13675:81 213 85 270 1719 286 101 597 319 197 1422 783 526 684 2833 373 2935 251
36 38 72 73 82 83 84 88 92 94:5967:292 196 145 59 450 687 348 144 2778 868
37 46 57 63 64 65 67 69 72 73 74 75 77 78 92 94:24455:87 33 560 1819 446 5059 703 1814 5371 251 894 2560 1770 1897 458 733
4 19 31 36 38 46 47 57 64 65 66 67 72 73 74 82 83 87 92 93 94 95:32304:20 46 609 217 105 103 35 830 146 1905 1616 248 517 331 625 9007 315 649 6661 223 7688 408
36 48 63 64 65 67 72 74 75 76 77 88 93 94 97:17857:155 154 722 884 1566 821 3307 926 1136 6017 904 156 374 112 623
36 38 42 46 47 63 64 65 72 73 82 83 86 87 92 93 94 95:27394:91 783 400 118 73 410 469 1350 1182 32 2077 377 9361 1844 3649 322 4266 590
36 38 46 47 48 57 63 64 65 72 73 74 75 76 77 82 83 84 87 92 93 94 95 96:48466:905 919 467 243 162 655 469 40 2953 1547 168 1147 2090 1635 490 6688 1484 294 858 11721 861 11197 1004 469
36 46 47 64 65 68 73 74 75 76 82 86 92 93 94 95 97:21246:113 60 48 164 391 938 150 122 3088 885 981 3902 5064 52 3803 289 1196
3 38 46 48 65 72 76 78 82 83 88 92 93 94 95:18439:48 613 81 108 646 107 1611 563 3746 1502 178 5868 103 2688 577
29 36 37 38 46 47 48 50 51 54 55 56 57 63 64 65 66 67 72 73 74 75 76 77 78 82 83 87 88 92 93 94 95 96 97:96380:58 687 75 277 309 58 171 404 637 1063 840 220 1264 3471 815 3449 4132 1417 8141 1392 3912 2776 3163 1082 1770 27933 641 198 1299 5204 883 16756 199 1075 609
74 92 94:942:225 398 319
65 82 83 87 92 93 94:7119:204 4194 246 406 473 174 1422
38 46 48 50 65 73 74 82 92 93 94 95 97:17550:366 388 384 267 278 293 67 4565 3834 556 4412 936 1204
46 48 63 64 65 74 75 82 87 88 92 93 94 96:9632:197 46 140 210 222 101 420 4184 417 167 1877 224 932 495
38 65 87 92 93 94:3769:214 439 981 1560 184 391
64 65 66:3199:351 1384 1464
63 64 65 66 67 69 72 73 74 77 80 92:33163:2949 1224 5072 9966 1963 6932 1099 367 103 269 2444 775
64 74 75 76 87 92 93 94:4590:347 43 559 1526 1580 169 256 110
3 26 38 46 48 54 56 63 64 65 66 68 72 73 74 75 76 77 78 80 82 83 92 93 94 96 98 99:28535:106 64 373 140 42 304 806 383 1319 1594 3186 853 2438 1074 953 1853 2067 1574 339 3663 183 887 242 216 2145 614 494 623
3 36 38 46 64 72 74 75 83 84 88 92 93 94 95 96 97:14988:63 636 367 91 136 546 401 487 630 300 177 3791 308 4984 338 565 1168
36 64 72 73 74 82 83 92 93 94:37355:294 512 19 61 78 25691 5547 2860 93 2200
82:1974:1974
82:2528:2528
46 82 92 94 95 97:5602:124 2464 1212 804 442 556
82:6080:6080
16 36 38 46 47 55 64 65 69 72 73 74 75 76 82 83 86 87 92 93 94 95:48417:7 562 327 670 522 238 112 49 1477 439 76 325 3678 2343 17717 522 2456 2717 9996 383 3114 687
36 65 72 74 76 82 87 92 93 94 95 97:8716:342 248 345 330 756 1251 490 2252 615 1340 227 520
82:4992:4992
82:5328:5328
8 36 38 46 47 48 53 54 55 56 63 64 65 67 68 69 72 73 74 75 76 77 78 80 82 83 87 88 92 93 94 95:69481:116 1773 1065 452 17 69 404 2866 695 519 944 1063 1669 260 748 2000 10873 822 2208 13072 8528 3186 2619 1678 146 1510 1010 718 3121 1560 3652 118
46 64 65 72 74 78 82 92 94:4538:20 127 294 521 546 600 260 1406 764
64 65 72 73 74 82 84 87 92 94 95:11409:704 3536 300 206 409 2506 221 433 2176 619 299
4 63 64 65 72 73 74 82 92 94:7902:75 346 658 322 31 95 266 4653 761 695
36 38 46 47 64 65 72 74 82 83 87 88 92 93 94 95 96 99:21644:54 84 351 45 286 2970 243 708 7489 54 947 510 3509 145 1978 832 1187 252
46 47 65 74 82 87 92 93 94 95 97:13276:36 205 209 76 4328 406 3747 519 1795 264 1691
36 72 74 82 87 92 94:7499:358 84 86 2834 583 3224 330
36 64 72 82 87 92 93 94 95 96:13315:340 129 875 2294 416 6662 237 1680 204 478
67 72 82 87 92 94:3385:285 478 1818 206 517 81
36 42 46 54 72 73 82 83 84 86 87 92 93 94 95:25820:242 298 47 350 397 51 5242 268 339 4727 739 6255 606 5913 346
9 13 36 38 63 65 67 72 74 78 82 83 86 87 88 92 94 95 96 98:36890:805 676 292 394 267 963 1038 780 335 414 8266 2363 6367 2194 1022 4072 4847 498 515 782
36 63 64 65 66 67 72 74 77 78 80 93 97:13101:254 342 706 205 4468 1468 1071 229 781 649 2142 229 557
64 72 76 82 86 92 94 96 97:12690:864 73 880 3469 3808 1950 566 475 605
18 46 64 67 74 82 83 86 87 89 92 94 95 99 100:28093:129 102 713 527 146 6938 1894 5255 1579 677 5135 2940 855 562 641
6 16 20 38 46 47 63 65 67 69 72 73 74 75 76 82 83 86 87 88 89 92 94 95 97:58997:262 495 127 206 146 201 258 620 714 1617 1252 60 1545 748 6913 11044 1489 13149 2719 291 364 7729 4879 1561 608
28 36 38 47 54 56 58 63 64 65 66 67 68 72 73 74 76 77 78 80 92 93 94:35479:503 1057 212 43 91 145 3450 2387 1880 3727 3491 375 1024 5368 268 870 4286 709 354 2195 1964 180 900
38 39 63 64 72 73 82 92 93 94 95 97 98:22148:612 934 235 117 299 14 2812 10898 118 2822 2175 514 598
3 36 38 46 47 49 50 58 63 64 65 72 73 74 75 76 77 82 83 88 92 93 94 95 96 97:50848:50 614 723 53 36 720 273 479 611 540 373 449 356 927 457 2988 1318 9262 105 785 16863 606 10486 446 765 563
38 92 94 95 97:14848:549 8229 3514 1401 1155
38 47 57 63 72 73 74 82 83 87 92 94 95:25741:424 183 370 144 728 190 537 8454 1866 2148 5680 3259 1758
3 36 38 46 63 64 65 72 74 76 77 82 86 87 88 92 93 94 95:30084:18 842 450 58 377 459 1091 1100 417 710 581 5623 6222 1451 171 6196 845 2129 1344
77:255:255
47:39:39
36 38 42 49 63 64 72 75 76 82 83 86 87 88 92 93 94 95 96:27959:173 182 321 355 364 358 1336 713 2574 5341 288 4227 1076 612 5063 247 3516 702 511
30 36 38 47 63 64 65 72 73 76 77 82 83 86 88 92 94 95:29013:76 40 461 166 370 547 413 481 58 3208 1111 4296 6530 2138 465 6326 1936 391
16 38 46 63 64 65 72 74 82 83 86 87 92 93 94 97:37127:7 758 19 608 167 294 12 602 15902 5483 3240 410 3901 155 3746 1823
16 38 46 55 66 67 68 73 75 78 82 83 87 92 94 95 97:27560:8 229 36 24 1052 1014 1224 131 633 1500 10606 540 1769 4627 2059 1567 541
47 55 63 65 76 82 87 92 94 95 96:9380:12 31 376 517 856 2598 1052 1970 1096 270 602
73:67:67
17 38 46 47 63 64 65 66 67 69 72 73 74 75 77 82 83 86 92 93 94 95 97:44569:29 441 292 48 446 96 2474 1378 476 3750 575 129 394 496 326 16468 1219 3816 5996 642 3485 1079 514
39 46 47 57 63 64 65 73 74 75 77 82 86 87 89 92 94 95:28476:911 117 228 760 150 357 482 211 53 707 978 7212 5393 1145 333 4671 4235 533
46 55 65 72 74 75 76 78 82 83 86 87 88 92 94 95 96 97 99 100:30688:201 261 735 2309 790 416 1053 373 5219 113 8538 677 149 3748 2522 730 564 1349 378 563
16 19 38 46 47 63 65 72 73 74 75 76 77 82 83 87 92 93 94 95 99:58641:190 120 723 314 147 1473 3080 1060 251 626 738 1207 500 29616 3093 1422 6951 885 4615 1258 372
93:182:182
36 38 42 46 54 63 64 65 72 73 74 76 82 83 86 87 92 93 94 95:61870:487 467 532 264 27 1130 101 583 698 26 175 1112 26975 586 7743 2016 11832 171 4895 2050
38 46 51 63 73 74 82 83 86 87 92 94 95:32361:454 142 231 197 64 122 17834 595 869 1615 6290 3512 436
47 50 64 65 67 72 74 75 76 77 78 82 83 87 92 94 95:29620:296 490 525 755 734 1032 659 495 5826 413 1396 13460 501 425 496 1902 215
38 46 47 50 63 65 67 72 73 74 75 82 83 86 87 88 92 94 95 96 99:55712:896 248 154 378 214 1221 384 1668 413 1870 459 19556 696 5298 215 1503 11966 6993 768 519 293
38 46 47 63 64 65 72 73 74 75 76 77 78 82 86 87 89 92 93 94 95 96:71156:1083 202 528 306 701 88 218 351 907 555 865 1018 322 24196 12194 2159 469 13296 806 6331 3909 652
4 27 36 46 47 49 63 64 72 73 74 82 83 86 87 89 92 93 94 95 97:60765:46 22 515 176 52 335 815 162 252 30 428 16297 918 15860 2739 675 14513 820 3451 2072 587
38 47 55 64 65 72 73 74 82 83 86 87 88 89 92 93 94 95 96 97:60100:605 45 36 182 108 458 58 108 23431 3154 6189 6054 348 680 11759 157 3879 1331 937 581
54 63 64 65 67 68 70 72 73 74 75 77 78 82 84 96:24116:474 1429 876 5834 1235 1034 3820 1588 265 167 1114 1337 464 3295 190 994
17 36 63 64 69 74 77 82 83 86 87 88 92 93 94 95 97:25643:13 198 1775 410 1403 191 791 7695 853 1253 1077 150 5292 720 2959 284 579
46 47 64 65 73 74 92 94 95:4787:37 286 444 1729 76 23 1093 732 367
38 47 56 64 65 72 73 74 77 82 83 87 88 92 93 94 96 97 99:28147:475 150 414 208 1549 710 10 108 985 11983 561 1258 671 4291 291 1947 1397 599 540
38 46 57 63 64 65 72 73 74 76 82 87 92 94 95:19587:207 60 221 1076 333 143 238 92 90 738 9478 409 2439 3695 368
16 64 65 72 73 74 80 82 83 87 92 93 94 95 97:38065:39 670 1637 1289 193 195 2700 17542 1258 2348 4547 420 3213 1376 638
46 49 66 69 72 73 74 82 83 92 94:14278:74 335 1051 2493 60 30 472 4331 1010 1802 2620
64 65 73 74 82 83 87 88 92 93 94 97:34520:93 765 280 343 23351 2355 1069 133 2986 64 2370 711
16 46 63 65 72 73 74 82 83 87 92 94 95 97:29860:136 54 744 869 25 47 104 17439 207 462 5378 2251 1014 1130
46 65 72 74 82 87 88 92 93 94 95:9270:76 614 650 132 2361 201 289 2928 336 1351 332
46 47 49 63 64 65 72 74 82 83 87 92 93 94 95 96:23445:217 539 446 211 1311 568 181 101 9778 1251 199 5002 99 2784 214 544
4 36 38 48 63 64 65 72 74 76 82 83 92 94 95:13345:60 57 351 40 790 189 774 699 29 1318 1759 532 4017 2347 383
4 46 64 65 66 68 72 73 74 77 82 83 86 87 88 92 93 94 95:20672:19 65 444 575 1191 728 1059 340 415 280 9060 361 3263 744 159 912 243 380 434
46 64 72 82 83 86 87 89 92 95:36132:222 46 311 19306 374 7941 4545 2444 670 273
77 82 87 92:13388:92 11824 1396 76
36 46 73 82 83 87 92 94 95:34346:197 87 36 27968 3394 855 1220 76 513
46 55 67 72 73 74 75 82 88 92 94 95:7515:126 190 315 1293 146 622 444 2708 149 360 767 395
82 87 95:2137:1444 418 275
92 94:2474:2083 391
19 38 46 64 73 74 82 83 88 92 94 97:6321:10 255 197 107 78 362 972 316 220 1139 1936 729
36 55 64 65 72 73 74 82 83 87 92 95:25908:97 97 564 31 454 302 371 19099 792 1177 2450 474
36 38 46 47 54 65 72 73 77 82 86 87 89 92 94 95:37710:135 201 179 199 97 398 1024 58 310 8051 8165 5162 368 9454 2274 1635
17 36 46 64 65 72 73 74 82 83 86 87 88 92 93 94 95:26515:33 157 168 345 410 650 34 140 5406 535 3229 1333 233 10016 80 1390 2356
72 74 82 92 95:9403:120 721 7548 872 142
72:283:283
38 46 75 82 87 92 94 95 97 99:13512:313 84 558 5939 1313 2734 1299 355 538 379
46 64 73 74 92 93 94 95 96:6089:179 459 187 38 1918 610 655 678 1365
36 46 47 64 72 73 74 82 92 93 94 96 97:9234:171 127 37 258 158 109 45 2061 1456 765 2576 640 831
48 65 84 93 94:753:50 200 50 403 50
48:59:59
48 93 94:329:36 201 92
65:403:403
77 78 82 87:2670:547 794 1114 215
46 63 65 72 74 76 82 92 93 94 95 97:7066:32 318 834 134 140 1071 1184 538 260 1629 401 525
46 47 63 64 67 72 74 82 83 86 92 93 94 95 96:15381:243 77 799 461 100 256 104 4022 629 1219 3293 701 2002 285 1190
47 64 67 72 82 92 93 94 96:10994:72 58 141 145 1981 3756 393 3772 676
46 55 82 92 93 94 97:4071:54 94 689 1693 549 357 635
46 50 82 87 92 94 97:9415:73 354 2028 1045 1135 1440 3340
48 64 82 87 92 94:4238:48 97 1608 527 1806 152
16 37 38 46 47 63 64 65 72 73 74 77 82 83 86 87 92 93 94 95 97:36630:26 164 234 39 243 148 480 797 439 145 169 178 10023 382 6689 464 8750 1162 4450 1105 543
26 82 86 89 92 96:20722:13 4022 13148 670 2312 557
95:450:450
82 92 95:6809:5924 436 449
46 47 48 82 92 93 94 96:6617:49 128 321 2715 854 894 1120 536
16 37 38 47 48 50 51 63 64 65 72 74 76 82 83 87 88 92 93 94 95 97 98:34681:18 446 309 283 116 299 254 345 278 795 208 257 758 5312 3045 208 496 8339 1542 8560 1736 582 495
64 72 82 87 92 94 95 96 97:9525:236 37 4117 558 1021 545 909 515 1587
82 92 94 95 96 97:4930:1008 853 1470 238 727 634
40 46 73 74 82 86 87 88 92 93 94 95 97 99:23077:591 54 64 89 6284 3732 2932 942 4561 255 1328 1280 528 437
46 82 86 87 92 94 95 97:13164:13 4339 668 1130 3808 1503 938 765
46 48 72 82 86 87 92 94 95:22725:57 32 82 4597 2873 3301 7499 2162 2122
17 38 46 53 63 72 82 83 86 87 92 93 94 95 96 97:34167:12 292 139 67 113 477 11940 997 3287 2910 9601 47 1548 999 601 1137
3 36 65 74 82 83 86 87 88 89 92 94 95:18289:39 545 123 193 7210 831 2128 1046 146 371 3545 1823 289
67 77 82:7052:191 943 5918
48 55 57 72 73 74 77 82 84 86 88 92 93 94:18415:90 174 1417 1359 348 361 3206 2980 234 5653 190 979 422 1002
73 76 83 93:2039:32 793 853 361
46 82 86 88 92 94 96 97:8459:47 3622 1481 679 1148 191 543 748
94:92:92
72 74 75 82 94:3521:362 90 1103 1652 314
92 94:1724:587 1137
65 92 93 94:4186:851 2130 248 957
63 75 82 92 94 96:6830:199 1143 607 2091 2046 744
46 48 51 64 65 72 73 74 76 77 78 82 87 92 93 94 95 96 97:18221:38 173 238 635 142 185 27 323 900 577 321 6715 269 2258 589 2114 250 566 1901
47 48 73 75 77 78 82 83 88 92 93 94 95:12926:190 12 27 510 575 825 4708 955 306 2309 129 1544 836
36 38 39 64 65 69 72 73 74 82 83 86 87 88 92 93 94 95 97:38221:150 299 597 358 1004 3939 684 215 64 11314 4041 2878 2632 221 6190 156 1241 1055 1183
20 31 38 46 63 64 65 67 68 72 73 74 75 77 82 83 86 87 92 93 94 95 96 97:40541:303 296 317 184 111 1386 1722 588 857 648 303 772 1874 753 17306 434 2002 1074 4648 234 2250 953 980 546
27 36 38 42 46 47 48 55 57 60 63 64 65 66 68 72 73 74 75 76 77 78 82 83 88 92 93 94 95 96:71316:402 301 131 217 212 46 145 347 543 300 338 2249 2163 6942 1883 7886 1196 3876 3527 10452 6684 1368 6093 947 1602 2133 852 7670 338 473
48 63 64 65 72 73 74 76 82 83 86 87 92 93 94:10429:107 455 500 702 40 11 544 913 2114 213 791 252 2473 194 1120
57 72 73 74 83 88 94:3672:720 624 284 527 338 360 819
38 64 65 74 75 82 92 93 94:9518:142 103 74 221 574 4440 2897 100 967
47 72 74 82 92 94 95:6564:90 30 60 2112 2324 975 973
36 38 46 47 48 57 64 65 72 73 74 75 76 78 82 83 92 94 95 97 100:21088:142 116 78 296 33 444 1463 422 718 239 482 489 686 508 2480 1212 5241 4565 396 523 555
36 46 64 73 74 83 92 94 95:5228:469 194 183 5 121 540 1187 2170 359
36 47 48 55 63 64 65 67 72 73 74 76 77 82 83 87 88 92 93 94 95 96 97:47330:1102 462 158 18 1684 309 4582 1087 1329 1241 806 1200 273 6244 2959 477 364 8247 683 10717 314 524 2550
78:375:375
64 72 73 74 92 94:1988:489 103 23 47 595 731
65 73 74 92 93 94:2905:363 135 401 722 669 615
36 38 46 63 64 65 72 73 74 76 82 92 93 94 95:16902:343 53 223 669 810 1791 108 103 37 1100 978 5101 193 4379 1014
65 72 92 93 94:2711:716 477 720 350 448
46 48 63 65 74 76 80 82 83 92 93 94 95:25107:177 106 296 1160 195 5728 5547 1042 1740 4932 102 3810 272
46 87 94 95:2387:171 707 920 589
70 83 88 92:19064:17616 515 136 797
38 46 48 72 73 77 82 87 92 93 94 95 100:26531:88 75 54 507 270 204 16464 684 4394 148 2537 559 547
3 36 38 47 48 63 64 65 66 72 74 82 83 88 92 94:13118:51 206 201 310 70 747 736 312 1804 1072 187 704 111 523 2787 3297
3 38 46 47 63 64 65 82 87 92 93 94 97:6191:127 194 116 99 169 244 600 1250 222 1124 164 1047 835
37 38 63 64 65 72 74 76 77 82 83 88 92 94:22728:153 450 266 1015 1581 167 137 1053 74 8816 6157 132 1456 1271
64 65 72 73 75 92 94 97:10167:251 3942 683 208 897 3134 418 634
63 64 65 82 92:5115:680 908 760 2179 588
92 94:706:151 555
46 48 64 94:1422:91 86 146 1099
36 46 47 64 65 72 73 74 88 92 93 94:7006:247 26 96 2021 202 219 247 58 539 1586 180 1585
4 46 65 72 73 74 92 93 94:7148:31 44 2596 64 37 43 2410 226 1697
48 57 63 64 65 72 73 74 76 77 78 93 94:11082:76 238 4280 386 1628 899 95 81 1733 746 556 61 303
4 46 64 65 92 93 94 95:6498:90 224 123 421 3521 154 1551 414
46 65 72 76 92 94 96:5888:187 330 528 1061 1339 1481 962
46 55 63 72 92 93 94:2864:180 15 380 78 1407 271 533
36 63 64 65 67 68 69 72 73 77 92 93 94 95 96 97 98:15082:119 1395 1148 1999 225 1363 1969 115 241 1152 680 136 1519 464 740 1259 558
65 68 94:2552:939 1419 194
63 64 65 72 73 74 75 76 77 78 92 93 94:27853:2128 2556 6270 1213 454 1070 970 8204 352 3251 270 111 1004
66:1093:1093
36 37 46 48 63 64 65 67 68 72 73 74 75 78 82 83 87 92 93 94 96 97 100:36342:197 232 609 278 3589 2446 3949 2619 734 848 331 1222 1150 1200 822 2880 1038 5716 667 3814 540 791 670
72:304:304
38 48 63 64 65 72 73 74 75 82 84 92 93 94 95 97:10475:241 38 360 341 444 390 46 592 441 1720 230 2504 118 2074 276 660
3 38 46 47 64 65 72 73 74 82 83 92 94 97:17039:93 790 332 190 1129 789 58 56 399 1418 1674 4601 4360 1150
16 36 46 47 64 65 72 73 74 82 87 92 94 95:9257:8 133 274 278 117 987 147 45 51 807 401 2176 3606 227
47 72 74 75 82 92 94 95:7306:253 338 56 1713 2716 534 1278 418
38 46 63 72 75 92 94 95:5055:315 47 933 51 488 1859 990 372
65 93 94:554:295 40 219
46 65 92 93 94 97:2083:188 669 167 217 305 537
36 46 48 64 73 74 92 93 94 97:7623:432 167 32 102 23 627 2889 297 1580 1474
92 94 97:1569:488 191 890
63 72 77 92 93 94:2703:528 325 15 1429 79 327
27 36 48 57 63 64 65 67 92 93 94 96 97:9058:66 119 411 304 602 561 784 494 125 516 1953 1416 1707
48 63 74 82 92 93 94 95 96:9042:101 138 38 1414 3628 187 2843 216 477
63 65 73 82 83 92 93 94 95:11467:455 127 71 3838 3569 1505 169 1307 426
36 46 48 51 92 94 97 99:7994:122 188 39 420 2563 2235 1877 550
76 82 83 87 89 92 94 95:20560:842 11373 5372 199 923 1357 61 433
16 46 82 83 87 92:15538:16 87 12555 1893 445 542
63 72 74 82 92:2505:329 666 183 907 420
63 82 87 92 93 94:9650:1093 5833 578 1901 97 148
65:373:373
63 72 92 94:2167:456 372 1126 213
3 38 48 64 65 66 92 94:5946:46 405 138 523 2170 1260 846 558
76 93:839:703 136
92 94 96:1556:556 344 656
30 36 48 64 65 67 68 72 73 74 78 82 92 93 94 95 98:11558:110 153 162 398 989 71 988 358 25 188 448 1461 2342 241 2824 302 498
65 66 68 69 76:24333:1816 3777 1267 6149 11324
46 50 64 74 94 98:2337:132 927 127 241 358 552
46 48 51 65 92 93 94 96:5730:130 88 223 568 1951 649 1528 593
72 74 82 92 94 97:8196:27 22 4358 2180 1031 578
46 48 67 82 87 92 93 94 96:6262:235 127 209 984 760 1320 304 1857 466
46 48 63 65 66 69 73 74 82 92 94 95 96 98 100:21659:58 95 901 782 4630 2100 169 190 7161 2690 196 674 503 738 772
48 82 96:2499:84 1903 512
48 72 92:474:178 73 223
92 94:1513:955 558
3 46 48 55 65 73 74 92 93 94 96 97:3871:45 161 124 52 438 129 119 284 571 926 502 520
46 47 48 87 92 93 94:4753:95 187 102 576 2272 170 1351
92 94:1805:743 1062
82 83 87 92 94 95 99:18597:9496 1173 2845 3617 96 1018 352
92 94 99:2079:1193 389 497
46 64 73 82 86 88 92 94 95:14276:60 590 144 3424 3136 1586 3531 1083 722
82 83 92 94 95 97:9493:5317 504 1642 576 253 1201
46 65 72 82:677:70 94 224 289
72 82 83 87 92 93 94:2424:78 583 480 429 490 102 262
72 74 82 83 87 92:10122:901 46 4054 4201 300 620
19 82 83 87:13457:79 9219 2668 1491
54 72 77 82 87 88 92 94 95:19539:247 959 245 10532 1451 173 4162 690 1080
46 74 82 92 93 94 95 96 97:11120:75 50 1367 5043 640 1014 1749 646 536
47 64 72 92 94:6120:55 185 714 2653 2513
73 92 93 94 95 97:4798:74 2621 310 888 297 608
46 82 86 87 92 93 94 95:7745:117 1017 1056 1169 2843 77 349 1117
46 48 72 73 82 88 92 94 95 96:8687:42 39 18 49 611 871 4883 1023 567 584
88 92 93 94 96 97:7902:739 4205 107 1606 485 760
72 73 92 94 95 97:4128:14 70 1578 1072 187 1207
46 48 65 72 73 84 92 94 95 96 97 100:9848:45 153 30 323 58 705 3721 1468 1353 743 656 593
92 94 97:1938:696 104 1138
46 65 72 82 87 92 93 94 95 97:10113:64 135 24 1603 364 4050 145 1285 1357 1086
46 47 82 86 92 95 97 99:10260:75 65 884 837 3227 3479 1219 474
82 92 95:1675:528 502 645
42 46 67 72 77 82 83 84 86 87 92 93 94 95 97:26386:275 44 435 644 387 11186 6889 71 699 1774 1824 232 835 552 539
72 82 87 92 95 99 100:13003:112 4697 1167 3883 1754 593 797
92 95:3837:2987 850
82 92 95 100:6464:985 3990 941 548
68:3559:3559
38 82 86 92 94 95 100:12722:160 1986 542 6614 92 2720 608
92 95:1981:966 1015
42 82 86 87 92 95 99:14469:260 2013 93 538 5301 5782 482
36 46 48 63 64 65 66 69 70 72 73 74 77 92 93 94 95:18542:172 272 175 2265 404 1749 4174 1900 2936 450 105 98 107 1362 543 1508 322
82 92:1538:256 1282
80:5614:5614
72:359:359
63 65 66 67 72 74 75 76 77 78 88 92 94:18744:527 1156 5182 306 1028 835 1731 2437 2778 355 386 545 1478
38 46 47 65 67 72 74 75 92 93 94:8437:314 251 275 1258 490 928 690 815 1593 213 1610
31 47 65 72 73 82 87 92 93 94:6509:103 49 974 527 37 552 403 2932 111 821
36 38 42 65 72 73 74 82 87 92 94 95 97:15013:147 474 324 177 274 287 413 1698 395 4804 3121 1022 1877
19 38 65 72 74 82 83 84 87 92 94 95:12273:43 438 503 74 167 4259 405 236 903 1870 2589 786
18 46 55 63 64 65 72 73 75 76 83 92 94 95 96:17275:69 101 98 941 428 181 44 51 771 1529 1464 6736 2426 396 2040
19 72 82 87 92 94 95:15301:40 30 7722 1427 3150 1940 992
82 84 85 86 87 92 93 94 99:12199:3377 69 48 2613 692 3833 145 684 738
93 94 95 96:992:82 207 186 517
64 65 82 92 94 99:4232:174 238 1167 1838 533 282
46 82 83 92 94:3748:200 858 628 1975 87
17 46 64 65 73 74 82 83 86 87 88 92 93 94 95:38163:4 224 466 821 171 471 7025 1453 10695 2585 140 7683 265 5468 692
46 63 65 72 73 74 78 82 83 87 88 92 94 96:16107:122 449 216 53 110 427 370 3077 610 801 148 4265 4993 466
46 65 72 73 74 78 82 84 87 92 93 94 95 96 97 99 100:24121:116 207 230 108 524 4806 4085 575 839 6964 259 3036 170 503 564 540 595
65 72 82 92 94:3104:138 40 736 1344 846
47 48 64 72 74 92 93 94:4981:60 64 107 593 60 1972 77 2048
46 74 82 92 94 95:4464:167 12 2061 880 1134 210
46 47 63 65 72 73 74 75 77 82 86 87 92 94 96:31064:172 245 792 2224 114 29 129 433 1704 5041 7720 2165 5870 3879 547
29 54 56 57 63 64 65 66 67 68 70 72 74 75 76 77 78 84 88 93 94 96:31212:779 630 341 601 873 233 3097 6929 887 763 3606 3666 886 646 3542 665 313 640 1122 162 299 532
46 47 50 63 65 72 73 74 76 82 88 92 93 94 96:19631:122 149 262 259 2344 507 26 320 931 4185 456 4731 442 4322 575
46 63 65 67 72 73 74 77 82 87 92 93 94 95 96 100:25920:365 934 3187 635 143 162 45 576 5352 815 4316 618 6112 1313 649 698
17 27 46 57 65 67 72 73 74 79 82 83 86 87 89 92 93 94 95:46927:32 55 180 158 690 354 773 19 1025 1912 7913 578 18046 454 448 8485 168 5109 528
64 65 78 92 94 96 98:6027:110 352 1866 807 1651 661 580
64 72 74 82 87 92 94 96:14096:206 59 13 1114 1238 5757 5151 558
72 74 82 92 94:4922:168 23 815 2987 929
36 67 92 94 97:5157:392 320 2417 1481 547
46 64 65 72 73 74 82 92 93 94 96 97:14011:113 256 398 205 27 325 727 4610 313 5936 519 582
39 46 63 92 94 95:8600:738 55 980 2937 3689 201
72 74 92 94 95:9859:23 24 3862 5748 202
38 48 55 72 73 74 77 92 93 94 95:19098:604 44 14 33 38 89 63 12322 393 5374 124
3 82 92 94 95:1865:33 1031 154 403 244
46 47 55 92 93 94 95:18075:40 147 12 10367 114 6900 495
36 46 47 65 72 74 76 77 82 87 92 93 94 95:10479:426 135 89 106 602 278 2575 404 1466 249 1540 548 1901 160
74 83 94:4476:40 4002 434
46 74 92 93 94 95 97:6012:71 49 3440 184 1118 512 638
73 92 94:2439:58 871 1510
47 72 74 92 93 94 95 96:5258:117 12 89 2308 201 1616 428 487
46 73 92 93 94:4346:145 48 1065 183 2905
92 94 95:4328:2192 1971 165
17 29 46 82 86 89 92 93 94:6791:28 62 88 66 2136 364 2740 98 1209
36 38 46 47 65 72 82 86 87 92 94 95:19874:363 382 67 116 62 998 1907 2002 1128 7630 1373 3846
36 38 47 65 72 77 82 92 94 95:13293:121 136 133 193 1679 511 4464 4457 522 1077
36 53 63 64 65 67 72 74 75 76 77 82 87 92 94 95:39542:287 135 287 438 1481 317 3188 1094 540 2421 1199 19072 837 5665 907 1674
16 47 69 72 74 82 87 92 94 95:22915:25 87 1959 73 17 4999 1279 8569 1084 4823
46 47 65 72 75 77 82 87 92 93 94 95 96 97 99:21096:106 383 1580 297 900 742 1915 449 8072 382 916 3614 478 610 652
2 47 48 63 64 65 74 77 82 83 87 92 94 95:19680:76 13 40 600 436 300 40 472 3491 303 359 9140 2132 2278
46 47 64 77 82 83 86 87 89 92 93 94 95:32096:55 209 320 53 1384 98 14927 254 1104 6699 275 751 5967
3 36 46 72 77 82 87 92 94 95 101:7953:26 335 95 635 641 1172 511 1418 1014 897 1209
17 36 63 64 66 72 82 86 87 89 91 92 93 94 95:33126:24 123 288 204 3623 559 8676 10916 1485 758 2188 2606 56 105 1515
38 72 82 86 87 89 92 94:7373:247 60 3338 1432 631 425 1098 142
36 38 75 82 83 86 87 89 92 94 95:9838:248 314 627 1048 463 2861 1280 1299 1121 58 519
38 82 83 87 92 94 95:11406:403 3195 102 568 6433 189 516
26 54 72 73 82 83 86 87 88 92 93 94 95:23931:53 204 337 57 10523 2928 711 1509 1187 4739 478 506 699
64 69 72 73 82 87 92 94 95:14404:330 3524 607 70 4335 722 2827 1603 386
36 64 72 77 83 86 92 94 95:8144:418 180 524 55 652 693 4033 1120 469
63 64 66 73 74 82 87 92 94 95 96:14175:976 95 2051 46 54 4467 656 3040 1796 240 754
46 66 82 86 87 92 94 95:10892:72 1420 1026 5604 477 1622 101 570
65 74 82 87 92 93 94:3943:351 30 2604 199 400 180 179
57 65 72 74 78 83 89 92 94:4225:734 359 173 559 312 151 559 806 572
18 36 38 46 53 55 64 65 72 73 74 75 76 82 83 87 88 92 94 95 96:24015:27 523 415 58 847 590 416 736 3224 102 857 456 735 5315 154 1341 616 3468 2213 1137 785
36 38 46 65 66 72 73 74 77 82 83 86 92 93 94 95:25932:147 350 40 220 2291 86 412 199 516 9469 650 3253 5248 241 1781 1029
38 57 64 68 82 92 95:8632:279 1054 560 3025 2721 598 395
46 65 72 73 74 76 77 87 88 89 92 94 95:16204:58 298 148 193 720 1912 534 861 780 3208 4678 2517 297
57 73:770:690 80
72 73 77 82 83 92 94 95:18469:330 76 498 9793 1025 4679 1040 1028
38 72 73 74 76 82 83 92 94:8398:40 132 46 44 680 4346 424 1885 801
82:1447:1447
38 47 92 94 95 96:4807:205 155 1705 1286 920 536
36 46 73 92 94:4875:144 39 39 2239 2414
47 48 64 65 72 82 92 94 95 96 97:17433:156 135 93 391 55 3701 5220 5171 229 526 1756
3 19 36 46 64 65 72 73 74 82 92 93 94 95:15061:48 55 230 83 85 311 359 47 76 1184 6422 579 3705 1877
46 47 48 65 72 73 74 82 86 92 93 94 95:19368:361 246 54 390 222 265 788 244 471 7352 840 7019 1116
48 63 74 82 92 93 94 95 96:11281:26 448 70 834 4829 333 2523 1746 472
13 92 94 100:3623:90 1284 289 1960
25 46 48 65 73 82 92 94 95:15543:178 318 137 400 231 3106 6597 3130 1446
46 47 63 65 73 74 82 83 92 93 94 95 96 97:20474:60 215 152 342 103 393 1120 400 7320 626 5536 1347 506 2354
47 72 73 74 82 92 94 95 96 97:13117:488 436 132 248 719 5676 1884 2489 465 580
92:778:778
36 46 55 64 92 95 97:1705:11 91 34 229 435 271 634
36 40 46 48 50 64 72 73 74 76 82 83 86 87 92 93 94 95 96 97:36794:443 774 45 72 323 162 1230 109 579 882 5660 400 67 740 13185 893 4858 3377 981 2014
36 38 46 65 72 73 92 93 94 95 96 97:17892:110 397 143 190 407 59 8830 641 3805 353 934 2023
64 92 94 95:2606:90 1339 925 252
76 92 94 96 97:5122:737 920 2454 494 517
48 65 72 73 92 93 94:5051:40 145 30 53 2818 166 1799
92 94:1365:618 747
72 73 74 92 94 96:6811:87 73 56 2887 3024 684
46 50 82 92 93 94 95 97:8437:70 340 1149 3182 209 1911 219 1357
47 48 63 64 65 73 92 93 94 95 96 97 98:12320:146 115 405 365 634 259 4005 558 2648 639 1450 595 501
74 92 94 97:2931:263 612 1346 710
46 64 65 72 73 74 82 83 92 93 94 95 96:11918:215 111 520 1400 67 232 521 172 3710 337 3097 922 614
64 69 76:2472:43 1420 1009
9 13 26 54 72:34066:6769 384 200 23539 3174
36 46 48 64 65 72 73 74 75 77 82 83 87 88 92 93 94 95 97:27845:205 113 21 508 1066 2118 83 581 600 686 2436 1311 385 429 6313 873 6111 615 3391
36 46 47 64 82 92 93 94 95 96 97:9049:67 192 134 157 2429 1771 193 2580 344 529 653
63 65 92 94 95 97:3589:183 87 1926 257 194 942
46 48 64 65 67 72 73 74 76 82 87 92 93 94 96 97:15630:54 219 94 160 105 336 91 55 890 1350 1439 4582 654 3066 2003 532
36 65 74 92 94 96:2932:224 678 23 783 573 651
36 46 47 64 65 66 67 73 74 92 94 95:7963:86 181 81 120 1070 2150 1517 66 64 1649 585 394
47 65 68 94:1399:56 155 797 391
16 82:9025:9 9016
16 63 64 65 66 67 68 76 82 92 93 94 96:20550:44 1321 194 4299 5313 358 811 1063 1087 2953 465 1954 688
69 72 92 94 98:5383:3402 360 426 669 526
65 67 80:2573:564 343 1666
2 46 67 74 92 93 94:5286:22 79 260 180 1776 88 2881
72 78 92 94:2234:135 563 999 537
63 65 70 74 94:11972:539 1590 7975 20 1848
17 86:8674:96 8578
13 17 46 63 78 82 86 92 94 95 100:26196:806 53 107 142 366 2296 18270 1391 1358 697 710
82 87 92 94 95:8241:2823 857 2339 1715 507
36 53 57 72 73 74 77 82 83 86 87 88 92 93 94:26899:93 288 846 2822 203 279 322 14418 2737 2917 200 292 760 200 522
65 72 73 74 78 82 86 92 93 94:5773:112 322 348 287 342 1622 397 1293 276 774
72 92 95:1290:102 533 655
74 82 92:2267:180 1902 185
17 38 42 46 57 72 73 74 77 82 86 87 89 90 91 92 94 95 96 97:71976:19 355 355 83 168 362 291 880 64 11468 7909 1012 884 31544 1285 9703 1998 2556 501 539
54 56 72 74 77 87 92 95:4959:210 803 108 331 359 813 1793 542
38 55 73 74 82 83 86 87 88 89 92 94 95:17063:164 61 126 76 3873 387 1501 1544 406 440 6452 1083 950
46 47 92 93 94 96:1561:84 82 523 131 183 558
36 65 72 73 74 75 77 82 92 94 95:9852:96 186 1148 91 38 553 1871 2683 2319 460 407
82 92 94 95:4270:1855 1890 311 214
47 97:760:82 678
92 94:2756:929 1827
47 55 92 93 94 95 96:6035:42 22 1799 775 2280 555 562
46 47 50 63 65 72 73 74 87 92 94 96 97:11739:248 388 621 118 1037 28 52 57 1905 1440 3856 1424 565
46 47 63 65 72 73 92 93 94:5636:205 91 549 640 35 31 1475 1219 1391
46 47 64 72 73 92 93 94 96 97:5828:134 560 32 98 37 1441 663 1650 676 537
72 82 92 94:2264:48 817 184 1215
27 36 53 55 63 64 65 67 72 73 74 75 76 77 78 88 92 94 96:27975:701 348 2886 1653 1503 793 2218 291 4090 113 962 779 2299 1907 2937 227 1556 1685 1027
36 38 39 46 47 64 72 73 87 92 93 94 95 96 97:15069:273 845 544 47 327 57 13 43 643 6430 1288 1930 446 1614 569
78 92 94:1683:382 239 1062
46 73 93 94:2120:180 81 167 1692
67 92 94:790:48 529 213
92 94:581:287 294
47 48 64 65 72 73 74 76 83 92 94 96:6462:200 60 1335 331 218 259 83 701 197 635 1124 1319
37 46 50 65 72 73 74 83 92 93 94 95 96 97:16080:247 99 266 96 449 42 105 376 5782 441 4182 561 1646 1788
17 46 47 64 72 74 75 86 92 93 94 100:5302:36 42 69 129 605 210 418 2089 183 105 837 579
38 46 65 82 92 94 95 96 97:6797:74 49 160 725 2023 1285 253 1018 1210
74 92 93 94:2435:52 627 111 1645
36 72 73 74 77 87 92 94 98:3677:274 507 213 45 477 326 613 673 549
72 92 93 95:2753:173 2421 66 93
74 92 93 94:2993:42 1733 175 1043
73 93:550:180 370
46 94:254:88 166
65 92 93 94 95 97:7974:508 3978 217 2402 284 585
73 88 92 93 94 96:3472:74 313 1013 406 1109 557
63 64 73 74 92 93 94 97:3852:355 215 22 161 849 526 1008 716
36 37 46 48 65 68 72 73 82 92 93 94 95:26926:433 55 391 244 707 1625 150 195 2882 8648 765 10279 552
46 48 65 73 82 92 93 94:14748:202 96 203 242 5233 3325 984 4463
46 92 93 94:4252:158 1186 952 1956
46 47 65 73 74 92 93 94 95 97:9462:54 166 370 49 128 4511 427 2437 142 1178
38 46 47 48 64 73 74 82 92 93 94 95:13624:68 144 408 72 98 25 365 225 4765 231 6827 396
4 36 46 47 48 63 64 65 67 69 72 73 74 78 87 88 92 93 94:13033:87 215 130 77 32 777 1220 3060 323 1352 1788 473 476 376 886 221 266 358 916
36 46 47 73 75 78 83 92 93 94 95:11306:305 228 90 51 550 465 77 4723 425 4145 247
47 65 72 73 74 84 92 93 94 95 96 97:9693:42 45 82 239 320 100 4069 473 2799 475 517 532
16 36 46 47 63 72 82 84 92 93 94 95:10471:66 80 194 172 120 44 134 210 5698 237 2991 525
46 47 48 64 72 73 74 82 83 88 92 93 94 95 96:12988:202 202 24 109 22 134 180 738 517 143 6711 598 2643 286 479
37 48 73 82 92 93 94 95 97:14558:38 157 44 1862 5729 101 4935 217 1475
72 73 82 83 92 93 94 97:11050:376 27 1461 1200 3009 618 3778 581
48 64 72 73 92 93 94 97:4765:111 242 44 26 2445 270 1101 526
63 72 74 82 92 93 94 95:6115:381 48 103 432 2742 238 1493 678
46 73 74 76 92 93 94 95 97:6844:145 170 250 677 1532 261 2754 501 554
47 72 73 74 92 93 94 96:4861:206 80 104 156 1911 340 1577 487
2 92 93 94:3615:55 626 191 2743
48 73 92 93 94 95:4132:42 153 815 145 2611 366
36 92 93 94:1725:119 167 208 1231
92 93 94 97:1529:382 446 87 614
31 55 63 65 67 68 72 73 74 76 77 92 93 94 96 98:17263:106 695 240 317 1266 1136 2045 330 1497 3619 2538 658 126 1528 580 582
74 92 94 95:3082:204 1974 715 189
92 94:850:225 625
74 92 94 97:3668:13 667 1742 1246
49 72 92 93 94 95:4115:432 13 1497 56 1844 273
74 83 92 93 94 98:7693:53 3291 3069 140 612 528
38 46 47 48 65 73 74 82 92 94 96 97:13439:25 383 18 93 262 93 143 746 4715 3883 1113 1965
73 82 92 94:2586:75 960 839 712
3 64 65 74 82 92 93 94 96:4422:152 119 465 16 672 1048 88 1317 545
36 48 65 92 93 94 97:1912:27 28 107 298 287 544 621
47 48 50 67 72 92 94 95 96 97:6742:99 248 351 202 54 2086 2337 312 468 585
36 46 64 72 73 77 88 92 93 94 95:6321:142 101 205 554 89 609 453 720 154 2572 722
69:1519:1519
67 72 92 93 94 95:4218:308 103 1017 528 1991 271
37 72 73 74 82 87 92 93 94 97:7205:241 172 54 633 992 310 755 553 2101 1394
46 56 72 73 92 94 95 96 97:4952:114 532 105 34 1068 1527 391 505 676
8 46 53 54 55 56 63 64 66 67 72 73 74 75 76 77 78 79 92:17212:84 75 670 60 434 3078 1236 671 1188 525 2848 402 302 660 2928 343 595 808 305
64 73 74 82 92 94 95 96 97 100:6244:340 308 284 1224 1168 214 251 954 533 968
46 64 72 92 94:2504:36 118 215 1555 580
82 87 92 94 96:4044:2150 420 170 757 547
47 48 64 65 92 94 97 98:4695:27 63 103 49 1253 1800 730 670
47 65 92 94 96:2916:110 438 975 898 495
46 47 72 92 94 95:4635:84 119 372 1994 1753 313
63 64 65 67 70 72 73 75 76 77 80 92 93 95:21174:667 525 1733 326 3625 1110 20 637 7963 1556 2377 220 143 272
65 72 82 83 92 94:9765:386 44 424 7588 258 1065
8 13 36 38 46 63 72 76 77 82 92 94:5917:96 96 233 288 69 282 275 1147 185 467 2017 762
36 38 46 57 63 64 65 67 72 73 74 75 76 92 93 94 95 96 97:39739:170 461 275 5967 1575 1650 3119 1222 3348 812 462 2148 1821 2774 374 8178 562 518 4303
46 64 73 74 75 92 93 94 96 97:8533:50 126 232 343 1765 1562 649 1846 1330 630
47 48 65 72 73 92 93 94 96:3104:127 47 172 114 161 148 481 1337 517
46 48 64 68 72 73 74 82 92 93 94 97:7275:47 103 670 744 284 269 60 458 1840 338 1934 528
36 72 92 93 94 96 97:4366:547 180 615 172 1612 572 668
74 94 98:1092:181 301 610
48 51 64 65 72 73 74 78 92 93 94 96 97 98:14307:99 337 671 177 1772 74 48 322 3622 125 3855 981 1736 488
48 49 72 73 74 92 93 94 95 96 97:5568:113 383 120 31 63 1445 302 1690 241 484 696
65 74 92 93 94:4203:417 98 2216 332 1140
72 82 83 92 94 95:5283:319 145 398 2154 1709 558
47 92 94 96 98 100:5211:240 1686 565 538 512 1670
92 94 95 97:3439:1212 1303 293 631
47 73 92 93 94 95 97:4148:230 107 1925 309 765 261 551
64 72 74 78 92 93 97 98:3266:136 459 72 325 1119 112 562 481
46 47 63 72 73 74 75 92 93 94 95 96 97:21562:115 138 282 95 154 21 617 9221 312 3414 2024 1452 3717
47 92 94:1450:130 772 548
72 92 94:2222:24 661 1537
64 72 74 92 93 94 95:2302:137 23 214 581 466 535 346
30 65 72 77 94:882:54 181 137 338 172
3 4 46 48 50 63 64 65 67 72 73 74 75 77 87 92 93 94 97:21717:38 99 101 228 299 905 656 2064 775 1173 236 823 500 627 200 5934 742 5653 664
36 46 47 48 63 64 72 73 74 83 92 93 94:10218:195 60 50 212 290 486 148 49 235 4898 1400 703 1492
94:100:100
46 72 73 74 92 93 94 97:11205:116 27 59 82 5814 554 3325 1228
48 64 73 74 92 93 94 95 97 99:8034:9 167 388 183 3392 279 1980 427 635 574
48 63 64 73 74 82 92 93 94:10723:45 926 1190 28 137 606 5340 513 1938
36 64 65 78 93 94:1715:126 193 182 330 122 762
48 65 92 94 97:4139:23 261 2589 576 690
92 94 95 100:2324:1080 148 430 666
63 64 65 72 73 92 93 94 97 100:13273:1900 852 1047 19 65 3703 331 1692 2917 747
48 65 73 74 92 94:2828:38 390 91 52 1932 325
46 72 92 93 94:2414:71 65 1811 164 303
48 93 94:281:62 121 98
38:221:221
94:121:121
92 93 94:3498:1475 203 1820
48:49:49
46 48 63 64 65 73 74 82 83 87 88 92 93 94 95 96 97:29200:455 71 150 550 2012 765 996 3458 115 1893 145 7269 974 8380 257 1170 540
46 73 74 92 93 94 97:5396:78 59 24 1211 344 3041 639
46 47 65 72 73 74 92 93 94 96:9435:146 60 150 182 36 95 4601 102 3587 476
94:181:181
46 63 65 73 92 93 94 95 97:10000:523 600 725 56 4399 315 2545 173 664
46 50 64 92 93 94 96 97 99:8291:199 265 89 2295 439 3617 489 585 313
46 92 94:4702:121 1459 3122
72 73 92 93 94:11220:314 246 5072 480 5108
3 37 38 46 64 65 72 73 74 92 94 97:9784:68 366 210 42 297 788 30 80 569 3096 3717 521
65 93:859:770 89
74 92 93 94 95:4991:47 3168 268 1258 250
47 63 67 72 74 76 82 84 92 94:44356:54 488 109 727 89 4746 36463 186 1298 196
92:141:141
94:70:70
72 93 94:680:65 436 179
38 74 78 82 92 94 95:11830:292 121 716 3740 4551 1676 734
73 92 94 95:4135:60 2526 1271 278
36 73 92 94 95:4705:296 60 2662 1375 312
82 83 84:2804:2629 58 117
83 88:9713:9427 286
36 46 47 63 65 72 73 74 78 87 92 93 94 95 96:23316:105 82 38 147 544 516 248 101 363 554 9623 1083 8041 610 1261
76 82:19977:702 19275
82 84:3278:3220 58
38 46 47 48 50 64 65 72 73 74 77 92 93 94 95 96 97:30042:147 169 109 106 316 184 411 566 204 258 186 10917 908 12686 595 1670 610
63 64 65 74 92 94 95:3338:537 626 959 51 425 268 472
64 65 74 92 93 94:2453:435 651 139 714 191 323
75 79:5703:1625 4078
63 65 73 82 88 92 93 94:3036:147 235 146 433 283 1002 285 505
72 82 83:11941:96 8572 3273
74 92 94:2649:40 2369 240
82:614:614
92 94:2241:1605 636
82:1058:1058
75 82 86:36337:2469 1075 32793
72 74 88 92 94:1793:116 335 644 435 263
65 72 73 74 78 82 87 92 94:6057:1498 551 93 120 355 1287 202 1079 872
38 74 92 93 94:2666:391 97 1411 155 612
67 74 80 92 94:8071:258 20 6656 371 766
48 50 67 92 94:1557:17 317 170 129 924
36 46 50 65 92 93 94 96:5698:313 165 260 88 1440 237 2691 504
48 63 65 92 94:3519:93 323 1017 1230 856
46 48 73 92 93 94:3093:244 72 43 308 714 1712
66:2947:2947
65 94:1228:919 309
47 73 76 92 93 94:5091:181 127 1436 672 598 2077
4 21 36 49 64 65 68 69 72 73 74 80 88 92 93 94 95 96 97:32942:36 50 36 371 330 606 2971 10082 174 290 90 5145 717 3305 205 5041 258 1039 2196
4 63 64 65 66 67 68 69 70 94:40855:66 6419 852 5935 1037 10145 1634 6977 6613 1177
69:12918:12918
46 48 92 93 94 95:7390:170 81 3306 153 2644 1036
69 92 94 96:2320:1429 145 257 489
72 74 83 92 94:4354:254 87 179 1536 2298
46 48 65 72 73 74 82 92 93 94 96 97:13341:162 87 162 308 108 126 598 3902 708 5952 507 721
48 92 93 94 96:8788:121 2102 667 5403 495
3 47 50 92 93 94 96:7248:82 97 520 1682 410 3940 517
46 48 92 93 94 95 97:6036:110 21 1117 779 2499 780 730
46 74 92 93 94 96:5647:44 695 2168 408 1796 536
66 76:3659:2020 1639
82:38125:38125
56 78 92 94:5042:481 2411 1825 325
82 92 93 94 97:14776:10621 1211 170 2211 563
46 64 72 73 78 92 93 94 96 97 98:14039:175 186 458 34 1100 5001 275 3501 643 863 1803
46 47 48 64 73 74 88 92 94 96 97:8221:60 384 88 94 26 128 400 2620 2117 735 1569
46 94:550:114 436
48 66 70 92 94 98:14660:177 6326 3291 1469 2891 506
47 72 73 74 92 93 94 96 97:7477:42 258 50 146 3309 241 1609 644 1178
30 46 64 72 73 74 92 93 94 96 97:10780:30 177 108 250 80 16 2519 357 5316 611 1316
67 72 73 74 92 93 94 96 97 98:11482:63 682 72 118 1936 1960 4383 1171 569 528
46 72 73 74 92 93 94 97:7400:354 221 209 131 584 1494 3476 931
64 65 92 94:2912:181 336 904 1491
46 64 72 73 74 83 92 93 94 96 97:12944:197 558 56 572 347 92 4038 941 3854 1718 571
93:490:490
46 48 65 92 93 94 97:4787:44 115 371 1157 622 1949 529
82 83:39045:18934 20111
82 83:9561:9496 65
67 70 92 94:9546:341 8798 153 254
80:3500:3500
66:3813:3813
63 65 83 96:9794:1824 1459 6013 498
63 65 67 68 72 75 77 80 83 85 92 97:211385:713 360 3750 1171 545 670 1953 179486 5296 16193 288 960
63 65 69 70 77 82 83 85:22410:557 532 2284 3268 393 8226 5610 1540
64 66 70 80 82:18532:600 2350 10122 4700 760
46 64 66 73 76 95:37267:12 143 11638 148 25140 186
47 92 94 95:4229:321 1457 429 2022
48 93:98:30 68
82 87 92 94 95:8864:1565 935 3621 562 2181
82 87 92 94 95 99:9101:600 901 3443 354 3451 352
47 87 92 95 99 100:6733:217 744 2351 2648 219 554
82 87 92 94 95 97:11853:1527 202 5009 298 4055 762
36 46 47 87 92 94 95 100:9512:189 152 109 1448 3134 247 3666 567
65 73 92 94 95:3769:148 187 1363 284 1787
38 47 72 82 86 87 92 93 94 95 96:23058:155 70 447 2111 1200 1122 10410 299 1440 5245 559
72 83 87 92 94 95 99:5992:143 429 2572 1281 261 944 362
3 46 47 48 74 82 83 92 94 95 97 99:12963:15 128 52 40 164 372 491 3271 1144 5696 1291 299
48:42:42
92 93 94 97 98:3610:72 194 1438 1278 628
48:109:109
93:160:160
48 94:220:70 150
47 92 94:1975:218 1046 711
48 93:416:59 357
92:141:141
46 47 48 64 72 73 74 92 93 94 95 96 97:16774:160 121 170 102 47 90 343 6720 1854 5655 333 614 565
48:60:60
93:134:134
46 47 63 64 65 72 73 74 75 78 92 93 94 96:20945:299 178 334 416 108 1608 2014 1942 670 1250 2857 1447 7228 594
37 46 48 64 74 82 92 93 94 97:10200:308 82 60 26 60 512 4602 243 3172 1135
48 65 73 74 92 93 94:4541:55 481 52 524 1134 128 2167
82 92 94 96:4020:787 1243 1381 609
3 48 64 72 73 74 92 93 94 96 97 100:22773:22 471 315 506 801 719 4984 2291 9872 1135 1091 566
46 47 73 74 76 92 93 94 95 96 97 98:20385:111 409 47 200 698 6809 1175 8603 219 670 768 676
46 92 93 94:2344:90 545 318 1391
46 47 48 65 73 74 92 93 94 95 97:20397:467 97 353 863 241 764 5211 799 10103 273 1226
38 46 47 73 74 92 93 94 95:5951:323 57 226 55 180 1557 241 3010 302
46 47 48 51 63 65 72 73 74 82 92 93 94 95 96 97:23384:1140 259 46 676 190 180 235 48 173 1511 9685 1349 6542 293 470 587
46 47 65 72 73 87 92 93 94 96 97:14230:161 354 262 59 161 473 4804 1362 5006 516 1072
46 48 64 73 74 82 83 92 93 94 95 96 97:14401:90 157 403 62 631 212 106 4218 1387 5122 257 1016 740
46 48 73 74 92 93 94 95 96:13247:110 101 15 101 2831 2032 7218 272 567
46 48 64 72 74 92 93 94 96:12610:71 112 121 26 503 3290 1406 6285 796
46 47 92 93 94 98:5421:111 117 2292 755 1555 591
47 73 92 93 94 95 97:10877:103 140 3015 1750 4459 197 1213
48 51 63 72 73 74 92 93 94 96 97 98:17665:124 288 102 24 87 32 5268 527 6694 1281 2480 758
74 92 93 94 97:2248:49 438 202 776 783
51 73 74 92 93 94 96:4922:265 124 48 542 370 3068 505
46 48 72 92 93 94 96 97:6280:88 337 16 637 2007 2102 480 613
48 64 92 93 94 95 97:4714:56 87 812 445 2414 234 666
2 37 46 48 64 73 74 92 93 94 97:20570:56 81 124 71 100 315 507 9200 737 8836 543
46 48 73 74 92 93 94 95 96 97:12368:241 377 57 80 3155 1965 3744 353 1132 1264
2 27 46 63 64 65 67 72 73 74 92 93 94 96 97:17807:56 72 167 2728 1260 1303 331 131 420 286 4242 1254 4204 549 804
48:69:69
73 92 93 94 95:3026:55 567 588 1380 436
46 48 51 65 72 73 74 78 92 93 94 96 97 98:14822:179 552 340 104 80 398 452 410 2756 2558 4156 568 1135 1134
36 63 64 67 92 94:2473:264 302 784 205 631 287
46 63 64 65 74 80 92 94:5495:56 360 660 2083 38 1835 265 198
92 93 94:1369:647 154 568
64 65 73 93 94 97:5306:71 451 148 759 1490 2387
2 46 48 64 72 73 74 92 93 94 96 97:13813:47 76 98 785 102 113 459 4616 1210 3408 2238 661
47 48 49 63 64 65 72 74 92 93 94:5533:201 70 550 224 196 446 74 485 1227 948 1112
48 73 92 93 94 96 97:6216:56 20 2193 1221 986 619 1121
46 48 63 64 72 73 92 93 94 96 97 98:13443:59 182 84 35 97 92 3002 999 5379 1830 1150 534
48 73 74 92 93 94 95 96:4600:89 168 62 1736 163 1186 220 976
73 92 93 94 97:4257:77 1365 384 1879 552
47 48 72 73 74 92 93 94 96 97:10145:58 272 290 49 108 2239 982 4877 473 797
36 48 73 92 93 94:3800:93 45 49 771 395 2447
4 46 47 48 64 73 74 92 93 94 96 97 98:24010:17 226 226 245 36 489 531 4940 2741 9061 4429 535 534
46 47 48 73 74 92 93 94 96 97:6993:72 27 144 20 65 1226 909 2035 1925 570
46 48 73 92 93 94 97:7771:164 223 38 903 1758 4127 558
48 92 94:1440:106 397 937
48 73 74 92 93 94 96 98:4388:76 87 27 637 597 1679 715 570
46 48 72 74 92 93 94 97:8015:60 60 74 66 1275 316 3871 2293
46 48 73 92 93 94:3071:216 104 108 308 555 1780
46 48 64 65 74 82 92 93 94 97:12023:142 127 258 192 74 750 2519 1434 4777 1750
48 92 93 94 96:12295:129 4732 1089 5034 1311
47 48 64 92 93 94 95 97:6662:84 114 57 1968 381 3190 213 655
48 72 92 93 94 96:4301:134 127 1385 802 1239 614
72 73 74 76 92 93 94 96:4600:328 57 350 835 559 138 1179 1154
92 94:2380:690 1690
36 46 47 92 94 97:3189:149 52 115 924 985 964
92:271:271
31 46 48 72 92 93 94 96 97:12014:94 71 26 641 4878 267 4623 647 767
92 94:432:175 257
92:662:662
73 76:872:149 723
36 46 72 73 74 77 82 83 92 93 94 95 97:17990:642 158 262 126 191 159 369 533 9089 79 4647 558 1177
3 46 47 64 72 74 82 92 93 94 95 96 97:19338:9 166 233 400 96 145 1094 5961 1360 7117 307 1291 1159
36 37 38 46 47 50 63 64 65 66 72 73 74 75 76 77 78 88 92 93 94 96:35866:102 185 202 208 80 353 755 988 2609 2459 3519 751 2541 954 2405 863 993 174 7812 605 6799 509
47 50 64 73 74 92 93 94 96:7946:240 317 189 109 95 3203 105 2561 1127
16 36 38 46 47 48 51 64 72 73 74 82 92 93 94 95 97 98 100:22321:21 76 359 139 60 105 250 183 535 158 230 3727 6661 509 7363 205 571 528 641
46 47 48 65 92 93 94 96 97:7134:315 239 103 398 2253 297 2020 844 665
46 64 74 92 93 94 95 96 97:11444:59 511 212 3808 382 4583 173 625 1091
73 92 94:606:161 292 153
46 73 92 93 94 96 97:5542:114 28 2252 210 1753 476 709
64 65 73 74 92 94:8269:142 462 37 524 3920 3184
36 37 38 46 47 48 55 56 63 64 65 66 67 68 69 70 72 73 74 75 76 77 78 80 83 88 92 93 94 95 96:82921:307 63 340 344 297 58 78 1980 6374 919 8083 1242 6062 6966 1474 5242 8522 922 2626 1161 2831 1147 314 3796 6577 209 5365 997 7760 230 635
2 46 47 64 65 73 74 92 93 94 97:14919:24 210 45 58 461 37 51 6574 569 5261 1629
36 38 46 48 49 63 72 73 74 92 93 94 95 98:25661:79 221 85 242 386 85 68 147 557 8857 3422 10491 375 646
96:655:655
74 92 94:1571:13 250 1308
72 92 93 94:1240:85 414 160 581
36 46 47 64 73 92 93 94 95:10327:125 389 55 252 35 3648 718 4774 331
46 47 51 55 63 64 65 67 72 73 74 75 83 88 92 93 94 95 96 97:31314:237 336 373 11 576 365 1015 569 1363 1463 1192 2002 231 239 6393 2164 9745 768 699 1573
36 46 47 51 72 73 74 76 82 83 88 92 93 94 95 97:21926:185 206 395 259 33 375 134 1300 989 278 736 7733 1913 6494 246 650
46 47 48 64 65 72 73 74 92 93 94 95 99:17248:64 476 140 414 108 106 198 148 7158 648 6809 668 311
36 46 48 64 65 73 92 94 96:19319:111 602 69 54 726 122 8310 8859 466
47 48 55 72 74 92 93 94 96 97:22341:128 207 13 269 350 9551 255 9631 1423 514
46 47 48 50 65 72 92 93 94 95 97:12796:245 131 51 451 37 554 3778 1747 4917 325 560
38 46 47 48 64 73 74 92 93 94 95 96 97 100:24674:326 446 55 102 90 186 380 9501 818 9540 383 1052 1216 579
94:185:185
46 48 64 65 73 74 92 93 94 95 96:22820:638 324 1019 170 166 96 6742 1654 10663 222 1126
48 50 51 72 92 93 94 98:8955:65 377 259 355 2810 1378 3210 501
48 73 92 93 94 97:4743:30 27 423 1000 2658 605
48 73 92 93 94 95 96:6124:182 42 3274 90 1609 401 526
48 51 64 67 72 75 92 93 94 96 97:9664:340 286 138 238 132 779 2247 721 2362 1187 1234
46 48 64 92 93 94:6143:82 127 85 2419 1163 2267
46 65 73 74 82 92 93 94 96:13276:216 82 59 24 848 4401 337 6810 499
46 92 93 94:1553:21 845 166 521
4 92 93 94 95:5424:24 1212 904 3012 272
36 48 73 74 92 93 94:6829:201 55 67 29 1940 69 4468
4 64 65 73 74 92 93 94 96:7252:51 984 289 53 105 2175 199 2720 676
19 37 46 47 48 65 73 74 92 93 94 95 96 97:15793:17 51 302 155 66 100 118 62 5722 185 6035 311 2141 528
46 47 48 63 65 88 92 93 94 96 98:9754:120 152 170 210 500 402 3737 596 2348 1017 502
93 94:549:85 464
46 74 92 94:2140:59 102 1557 422
48:60:60
63 92 94 99:1080:60 384 276 360
48 64 73 74 92 94 96 97:4123:55 112 132 40 870 1649 631 634
72 92:628:282 346
36 46 47 48 65 67 74 82 92 93 94 95 96:19954:15 117 392 112 360 333 79 809 6575 1662 7980 344 1176
21 46 47 48 63 72 73 74 76 82 83 92 93 94 95 96 97:26563:68 649 151 62 75 1358 99 239 940 885 213 7687 763 10795 494 1500 585
38 47 48 64 72 73 88 92 93 94 96:8417:229 40 168 385 655 70 351 3388 146 2442 543
36 46 48 64 65 72 73 74 75 77 92 94 95 97:9892:204 60 140 501 365 857 432 64 415 521 2936 2440 384 573
6 46 47 63 64 73 74 82 92 93 94 96 97:11775:365 191 61 418 200 400 63 629 3743 1398 3060 719 528
46 63 64 68 72 75 92 93 94 96 97:19566:329 328 219 724 162 813 6024 1109 7297 1229 1332
46 48 63 64 74 92 94 95 97:3717:215 33 204 211 332 400 1308 366 648
64 72 74 82 92 94:3679:286 155 202 353 518 2165
47 72 73 74 77 92 93 94:5175:203 169 38 87 78 1970 866 1764
46 65 70 72 73 74 75 82 83 88 92 93 94 95 96:30899:211 1990 11258 324 671 363 2950 1599 188 819 4122 195 5361 250 598
46 72 73 74 82 92 94 95 96:7385:62 65 126 177 1182 1691 3313 261 508
92 93 94 96 97:5968:2164 275 2464 483 582
46 47 48 72 73 82 92 94 95:5407:283 150 140 27 165 749 1198 2363 332
63 65 72 73 74 76 77 82 83 87 92 93 94 97 98:14919:161 357 1123 405 868 864 244 148 196 1212 2432 625 4511 642 1131
46 63 64 78 82 87 92 94 95:8608:52 298 79 314 3419 955 1555 1666 270
46 47 64 65 67 72 73 74 92 93 94 96:7495:299 255 568 1174 300 327 219 470 1453 281 1680 469
36 64 92 93 94 95 97:6802:388 355 2645 341 1985 534 554
3 47 64 72 73 92 93 94 95:19984:53 58 86 56 60 10567 317 7936 851
38 46 64 73 74 78 82 83 92 93 94 96:12810:195 303 106 82 119 492 49 510 4360 811 5180 603
46 72 92 93 94 96 97:5582:76 299 213 353 3047 1070 524
46 64 72 73 74 75 82 92 93 94 95:11455:39 97 100 102 446 417 673 3832 373 4757 619
46 47 65 72 73 74 84 92 93 94 95 96 97 100:20097:454 195 316 180 69 24 465 7005 754 7689 703 1014 660 569
2 47 48 50 72 74 92 93 94 95 97:5907:52 63 98 338 23 41 925 1083 2194 387 703
47 92 93 94:3186:131 1056 125 1874
37 73 92 93 94:2477:57 11 1288 150 971
46 63 64 78 92 94:3088:226 274 174 531 1052 831
72 73 74 92 94 95 96:7328:860 243 118 3262 1834 500 511
46 48 73 74 92 94:3158:81 97 62 59 1733 1126
38 46 73 74 92 94:2596:85 243 48 9 1449 762
92 94 95:1461:671 575 215
47 48 73 92 93 94 98:4753:191 159 85 1516 173 2120 509
72 82 92 94:1879:29 1096 187 567
46 48 63 72 73 74 75 92 93 94 96 97:10647:141 205 356 37 217 438 3398 1532 1023 2165 590 545
46 47 72 73 74 92 94 95:7144:70 99 45 48 13 3726 2916 227
7 46 47 48 63 64 65 72 73 74 77 92 94 97:9004:171 50 37 40 336 989 1281 1748 108 159 509 1577 1180 819
46 47 48 65 72 73 74 92 93 94 95 96:15376:509 109 90 446 660 469 28 3346 1154 7379 220 966
46 47 48 51 65 67 72 73 74 78 92 93 94 97:25824:234 54 37 228 232 146 164 232 200 798 6676 2305 13747 771
63 73 92 94 98:1272:165 114 318 171 504
38 46 64 72 73 74 82 88 92 93 94 96:9010:92 83 1045 806 252 700 465 385 2135 173 2076 798
36 46 47 65 72 73 92 93 94 95 97:6217:125 46 209 97 167 123 3151 187 1056 506 550
47 48 73 74 87 92 94 95 98:7965:369 100 153 199 738 3946 911 955 594
47 63 64 65 72 74 93 94 97:5730:37 1395 924 348 390 354 315 438 1529
38 64 72 76 92 94 95:4486:153 354 139 669 1378 1593 200
38 47 50 74 92 94:3169:283 362 348 87 1307 782
38 46 65 72 73 92 93 94 95 97:5298:235 30 384 220 28 2202 260 938 474 527
46 73 74 78 92 94:4274:131 151 194 328 1831 1639
36 46 48 64 65 72 73 74 75 92 93 94 95 96:21157:316 193 126 230 414 49 296 303 2624 3832 1553 9763 283 1175
47 48 63 64 65 72 73 74 77 82 92 93 94 96 97:26543:229 119 161 515 1497 288 1118 1752 360 817 6956 904 9582 1031 1214
46 47 48 63 65 72 73 74 92 93 94 95 96 97:28610:328 126 380 39 246 71 54 178 12790 1168 8437 800 1135 2858
38 46 47 49 65 72 73 74 82 83 87 92 93 94 96 97:32790:137 425 412 567 51 16 163 287 1840 3665 768 10911 1316 10118 651 1463
38 46 47 49 50 64 72 73 74 82 83 92 93 94 95:23823:93 141 169 354 274 285 216 52 257 1146 3665 7581 1354 8032 204
36 37 65 72 73 74 75 92 93 94 95 96 97:10949:258 132 445 241 56 479 868 2265 200 2469 492 560 2484
46 47 48 72 73 74 77 92 93 94 95 96 97:27737:415 464 172 418 277 268 488 8701 1426 9365 418 2256 3069
47 64 74 87 92 93 94 96:11901:135 81 112 440 5370 385 4102 1276
46 92 93 94:5490:107 1696 835 2852
36 46 72 92 93 94:3445:81 82 65 679 127 2411
47 48 73 74 92 94 95:4612:131 116 65 87 1828 2178 207
50 64 72 73 74 76 82 92 93 94 96 97 100:29992:738 236 1039 278 241 1175 722 10780 2111 8919 1199 1825 729
46 74 92 93 94 97:6651:199 56 2049 1357 2258 732
46 47 48 51 64 73 74 92 93 94 96 97:11426:137 69 303 681 92 67 102 1702 1013 4232 1331 1697
46 72 74 92 94 95 97:5545:81 26 54 2743 1699 246 696
64 92 93 94 95:2835:91 1105 565 582 492
72 74 92 93 94 95 97:4370:46 16 1177 310 1183 796 842
46 47 48 64 72 73 74 92 93 94 95 96:14201:434 205 29 12 75 106 190 5787 1082 5156 506 619
64 87 92 94 96:6681:252 823 1871 3204 531
37 46 47 63 64 65 72 73 74 92 93 94:16454:152 299 319 150 221 119 247 404 236 4012 1947 8348
46 73 74 76 77 92 93 94 95 96 97:16916:46 155 61 2858 816 3411 1677 5528 682 474 1208
92 93 94:3318:1447 663 1208
47 48 64 74 92 93 94 97:3579:55 32 49 327 1584 120 887 525
48 74 92 93 94 97:5363:87 108 1759 472 2082 855
44 47 74 92 93 94:4430:1056 57 41 2203 192 881
74 92 93 94:2176:131 652 550 843
65 92 94:2762:64 858 1840
47 48 64 72 73 74 88 92 93 94 96:15169:275 130 121 396 394 375 330 6569 1365 4512 702
20 48 51 64 72 73 74 83 92 93 94 95 96 97:14211:1610 108 549 229 109 291 525 3357 1940 753 3003 703 518 516
48 94 96:798:55 236 507
4 39 46 47 64 67 72 73 74 82 84 92 93 94 95:17465:65 539 223 60 140 203 141 79 389 729 337 7900 462 5883 315
3 36 46 47 72 73 74 92 93 94:9796:46 83 378 342 36 25 143 5479 173 3091
36 46 47 72 74 92 93 94 96 97:7299:197 94 194 187 27 1849 792 2886 535 538
37 92 94 95:1532:122 292 778 340
46 73 74 92 93 94:9943:215 19 11 4757 415 4526
46 47 48 63 65 73 74 92 93 94 96:13712:49 254 148 284 111 41 249 5907 922 5011 736
47 48 92 93 94:8653:81 100 4447 420 3605
46 63 65 73 74 92 93 94 95 97:9931:224 36 354 54 337 3292 454 3694 359 1127
46 51 64 67 74 92 93 94 96 97:8255:90 224 21 590 25 1898 735 3480 578 614
47 64 65 74 92 94 97:4598:224 351 352 20 1185 1916 550
3 65 73 74 92 93 94 97 100:10155:89 325 22 315 3487 840 3644 646 787
47 84 92 94 97:7317:94 348 3191 3134 550
46 48 64 72 73 74 76 82 92 94:8463:204 103 145 22 72 26 707 943 1521 4720
50 63 64 65 92 93 94:3264:268 536 193 218 404 381 1264
72 92 93 94:3545:34 1617 309 1585
6 38 40 47 50 63 64 65 67 69 72 73 74 77 92 93 94 97:11902:289 110 714 84 257 178 199 893 633 1319 1153 82 945 120 830 385 3182 529
73 82 92 93 94 96:7971:22 1235 1988 1237 1680 1809
64 72 74 92 94 95 97:4422:110 8 341 1330 1216 267 1150
48 64 73 74 78 92 93 94:2049:178 450 126 330 384 199 180 202
46 48 64 65 72 73 74 82 92 93 94 95 96 97 98:20927:480 48 456 137 111 236 14 3517 6297 1361 4076 252 561 2839 542
50 64 72 92 93 94 96:5884:417 93 80 1883 750 2086 575
16 64 72 73 74 82 92 93 94 96 97:13129:10 86 27 506 522 861 4085 963 4374 473 1222
46 48 64 65 73 74 75 83 92 93 94:18188:337 129 49 581 136 27 628 6768 3070 1771 4692
46 47 51 65 72 73 74 82 92 93 94 96 97:13448:169 179 329 785 65 193 58 543 3722 278 5017 1558 552
46 47 48 64 73 82 92 93 94 96:9111:92 305 84 207 395 1243 2119 1065 2439 1162
47 48 64 92 94:2075:241 289 121 487 937
46 47 64 92 93 97:3124:91 110 54 1561 236 1072
44 73 74 92 94 96 98:7554:693 107 30 1995 3431 811 487
51 63 65 69 72 73 74 92 93 94:9744:245 398 509 3743 307 291 15 282 375 3579
47 48 63 65 72 92 93 94:8662:112 289 185 106 80 3432 1245 3213
46 48 63 64 65 73 74 92 93 94 96:17380:409 91 269 194 588 301 43 5399 1969 7635 482
46 47 48 63 65 92 93 94 96:16092:59 380 252 110 49 4881 1802 7465 1094
47 74 92 93 94 97:7221:142 245 3998 229 1971 636
46 64 65 72 73 78 82 87 92 93 94 95 96 98:15666:243 251 127 140 89 710 279 634 4929 1255 5665 207 647 490
63 65 72 92 93 94 95:5469:567 297 13 2975 250 960 407
74 92 94:1430:140 766 524
46 64 73 92 93 94:4545:69 137 73 1826 444 1996
83:1678:1678
64 72 73 74 75 83 88 92 94:4449:196 353 665 271 480 261 218 792 1213
48 64 69 72 73 92 93 94 97:7540:35 151 2480 128 232 1333 216 2449 516
46 48 73 92 93 94 95 96:7336:57 54 69 2534 236 3034 339 1013
46 92 94:3732:135 3105 492
47 63 72 74 92 93 94 96 97:8162:47 454 110 228 2839 114 2512 1193 665
48 68:1013:39 974
36 47 64 65 72 73 74 75 78 92 93 94 97:10570:224 36 276 375 391 61 260 1014 368 4316 614 2074 561
37 46 48 64 65 72 73 74 78 92 93 94 95 96 97:12493:45 61 185 44 221 142 217 94 382 2924 816 5659 167 974 562
83 92 93 94 96:4556:348 1630 315 1786 477
48 65 73 76 92 93 94 96:6674:54 32 187 681 2005 699 2437 579
4 40 46 48 56 63 64 65 68 72 73 74 76 77 80 92 93 94 97:19788:21 706 22 47 704 996 557 1305 860 647 404 417 3308 376 5552 1133 179 1976 578
36 46 63 64 68 72 73 92 93 95:3146:193 128 841 21 841 182 63 146 303 428
63 92 94:1641:657 751 233
36 46 64 73 74 92 93 94 95 96:12047:150 271 72 46 38 4338 634 5702 316 480
36 46 47 64 65 67 72 73 74 82 92 93 94 95 96 97:20596:155 132 133 81 333 152 744 429 103 886 7052 733 7381 546 627 1109
38 72 73 74 92 93 94 97:7153:72 482 225 468 2962 492 1861 591
50 65 73 78 92 93 94 95 97:5860:284 782 28 480 1173 205 1386 920 602
64 65 73 75 94:3503:302 1010 110 1804 277
36 63 65 67 72 73 74 83 92 94 96:8661:127 769 1231 397 1419 395 275 119 1764 1661 504
74 92 94 97:4303:206 1921 925 1251
92 94:616:385 231
72 74 92 94:1044:28 139 383 494
92 94:889:643 246
65 67 74 92 94 97:2697:342 367 224 1016 205 543
46 72 73 74 92 94 95 96:4134:145 229 19 40 1293 1264 403 741
48 64 65 68 72 92 93 94 97:11273:73 238 363 2256 163 4374 536 2465 805
92 93 94:2910:598 144 2168
65:52:52
67:180:180
64 65 67 72 74 75 76 77 78 80:27499:486 382 762 880 449 895 4768 4522 7353 7002
47 64 72 73 74 77 83 88 94:3340:43 207 130 87 602 381 706 769 415
3 20 36 37 38 46 48 55 57 63 64 65 66 72 73 74 75 76 78 82 83 84 88 92 93 94 96 97:51440:29 187 507 225 555 81 98 603 898 1000 348 2514 3079 2705 1676 3989 435 3974 1738 2746 9911 270 2001 822 1209 6339 2919 582
36 38 42 63 64 65 70 72 75 78 83 92 93 94 97:11286:499 304 263 748 364 2430 2883 55 680 313 120 858 693 556 520
65 72 74 80 94 96 97:8343:1736 49 272 2552 1585 1603 546
36 64 65 73 83 84 87 88 92 93 94:20545:211 306 240 40 15070 497 684 472 762 623 1640
66 74 93 94:1409:1084 49 113 163
46 92 94 95:3099:53 1515 1301 230
36 46 50 63 64 65 72 82 83 88 92 93 94 95 96 97:16951:1174 77 592 936 564 944 209 1298 306 837 3650 113 4946 262 495 548
65 72 73 74 75 83 92 93 94 96:9840:150 557 18 96 805 1560 1371 343 4321 619
4 14 26 36 38 46 47 51 57 63 64 65 66 67 68 72 73 74 75 76 77 78 82 83 84 92 93 94 95 96:55348:36 148 152 655 262 631 98 799 468 2174 1683 1898 2851 2119 1143 3001 113 1659 2751 6791 1590 678 148 120 1357 6834 674 11252 187 3076
75:1517:1517
36 65 72 74 78:3491:326 345 229 492 2099
3 36 38 42 46 50 51 55 57 63 64 65 66 67 68 69 72 73 74 75 76 78 83 84 92 93 94 96:63302:69 151 547 100 166 441 259 89 189 3866 874 3011 1233 1316 3255 12076 2848 913 1755 4941 8198 762 430 1237 2089 1150 7745 3592
46 63 65 67 75 92 93 94 96:9027:241 1119 236 1516 570 2727 361 1570 687
36 38 48 69 72 76 83 92 94 96:7090:53 145 97 1825 336 1546 215 562 1822 489
3 46 65 92 94:3207:18 72 184 742 2191
55 65 69 75 76 78 82 87 92 94 96 97:16935:14 255 1803 1230 1955 3037 3845 705 1839 1147 490 615
38 64 92 94:1694:140 219 757 578
48 65 83 92 94:2998:90 406 946 1205 351
46 72 73 75 88 94 95:2325:72 224 20 726 358 699 226
36 57 65 72 74 75 83 92 93 94:5482:256 248 311 685 268 1079 112 1218 279 1026
46 63 64 65 69 72 73 74 75 76 78 92 93 94:16951:246 795 795 5009 1430 679 230 277 1191 1429 948 800 495 2627
36 55 64 65 67 72 73 74 75 76 77 78 82 84 88 93 94:28847:391 179 2169 3320 3291 4774 435 1749 3899 4023 1186 1777 296 397 475 135 351
72 73 74 92 93 94:1318:90 67 80 99 251 731
74 83 92 94 97:7764:103 313 3396 2850 1102
92:304:304
38 46 82 92 93 94:6405:91 52 1236 2700 581 1745
93 94:623:230 393
47 92 94:1278:85 179 1014
48 93 94:398:50 150 198
93:105:105
48 72 94:534:137 68 329
42 46 48 64 72 73 74 78 92 93 94 95:6841:43 308 110 346 187 124 253 835 567 1189 2502 377
48:50:50
48 80 94 96:6290:266 5006 508 510
83:823:823
83 93 94:1971:1441 257 273
47 63 64 65 66 72 74 78 82 88 92 93 94 96:16256:47 2244 923 4366 1168 624 323 672 87 135 1390 313 3495 469
47 63 65 66 68 72 74 92 93 94:8587:59 380 878 1288 949 191 109 1980 494 2259
36 38 46 48 64 65 67 72 73 74 75 76 83 84 88 92 93 94 96:23367:445 230 37 206 1308 4271 282 701 372 795 1071 3903 179 191 234 3526 514 4630 472
4 46 63 65 73 74 78 92 93 94 97:8469:54 39 70 1484 219 329 320 2290 388 2564 712
72 92 94 95:2709:403 1311 672 323
2 36 38 46 47 48 49 55 57 63 64 65 66 72 73 74 75 76 83 88 92 93 94 95 96 98:43897:12 490 476 354 26 142 347 136 396 3316 1561 8821 1288 1964 453 379 982 982 604 364 9043 679 9768 350 468 496
2 36 37 38 46 47 48 50 63 64 65 66 67 68 72 73 74 75 83 84 88 92 93 94 95 96:38057:65 207 170 293 268 202 46 259 982 1931 4813 1112 483 3037 1565 835 766 3321 689 242 496 4495 1493 9387 283 617
29 36 38 46 55 57 63 64 65 67 72 73 78 92 93 94 96:15244:144 138 618 134 85 706 2181 683 1706 595 830 275 2462 1490 443 2218 536
46 63 64 65 66 67 68 72 73 74 75 76 77 79 80 88 92:36978:84 1077 443 1657 4680 766 753 3671 499 1439 1890 15161 382 655 3272 425 124
73 94:482:59 423
36 48 65 68 92 94:3607:166 98 1442 969 747 185
46 48 63 65 72 73 74 83 84 92 93 94 95 96:12336:30 41 680 157 748 154 31 212 342 2452 652 5142 364 1331
7 36 46 64 65 74 92 93 94:9966:192 176 39 125 128 41 2972 241 6052
47 72 74 92 94 95:4885:76 214 287 1269 2786 253
46 47 65 72 74 88 92 94:9916:57 39 2384 451 127 475 2970 3413
93 94 95:1308:391 475 442
38 46 48 57 63 65 66 67 72 74 75 92 94:11746:879 25 59 180 2119 3200 1376 518 238 877 476 1597 202
36 42 48 64 65 74 82 92 93 94 95:7537:96 219 89 170 857 698 606 1922 67 2422 391
38 46 47 63 64 65 72 73 74 92 93 94 95 96:14308:778 33 50 83 94 1045 201 338 472 3725 486 6376 149 478
73 92 94 95 98:3499:146 1232 1280 310 531
36 46 47 64 65 66 92 93 94 95:20310:239 58 157 152 79 1337 8424 300 9275 289
3 14 36 37 47 48 55 64 65 72 73 74 77 78 82 83 88 92 94 95 96:25409:49 283 202 115 87 147 15 336 1638 635 255 1004 609 506 575 637 509 9804 7031 506 466
40 46 47 48 63 64 65 72 73 74 75 87 88 92 93 94 95:24771:600 372 204 34 504 825 1380 867 419 817 699 419 1005 5564 713 9414 935
46 47 50 63 64 65 72 73 74 82 83 87 88 92 93 94 95 97:22387:360 324 258 370 536 979 641 265 360 304 3288 234 424 7864 566 4478 412 724
36 46 48 49 50 64 65 72 73 74 82 88 92 93 94 95 96 97 98:20804:13 119 72 396 359 210 312 76 385 199 1722 673 6014 1101 6460 220 513 1418 542
36 40 46 47 51 64 65 72 73 74 75 77 78 83 88 92 93 94 95 96 97:19711:260 567 286 517 316 713 1119 100 628 372 1159 992 720 383 260 4253 590 4628 265 1050 533
46 48 57 63 65 73 74 82 92 93 94 95 97:12660:299 371 137 350 1069 155 97 3111 2288 215 3525 462 581
37 46 47 48 64 65 72 73 74 92 93 94 97:11971:136 128 149 277 146 758 244 274 371 3087 1664 3736 1001
46 92 94 96:2598:294 1044 789 471
46 47 48 73 74 92 93 94 97:4270:188 145 162 21 140 389 262 1913 1050
46 48 73 94:486:80 35 37 334
72 74 83 88 94:30321:163 168 29760 150 80
72 74 76 83:32210:243 84 2121 29762
47:25:25
46 64 92 94:1341:91 223 609 418
46:32:32
74 75 77 80:4478:300 1388 885 1905
38 63 64 72 73 77 83 84 92 94:4613:335 645 692 428 389 690 237 525 430 242
64 65 76 78 88 93:2064:86 128 800 360 512 178
48 58 65 66 67 68 69 70 72 73 74 75 76 77 78 79 80 92 94:51476:59 547 2279 2818 782 791 3477 14580 1462 585 665 435 8692 1022 6129 3949 1759 611 834
55 56 57 63 64 65 66 67 72 73 74 75 76 77 78 92 94 96:24448:325 346 6843 756 1201 1574 1074 424 391 298 467 2926 1853 4160 459 328 443 580
57 65 66 67 92 94:5886:252 1591 2160 765 610 508
63 64 65 68 72 94:4281:430 337 976 1668 664 206
4 65 72 77 92 93 94 96 97:5730:25 297 407 200 3174 177 439 488 523
72 74 77 80:25125:1124 155 962 22884
20 36 37 38 46 54 55 63 64 65 66 72 73 74 75 78 82 92 93 94 95 96 97:30332:80 62 153 202 129 214 29 600 536 4919 4659 391 373 747 2073 712 303 6283 112 5654 248 472 1381
31 36 38 63 64 65 66 67 72 74 75 76 80 82 87 88 92 94 95:30474:944 250 679 1384 1001 2765 2020 1155 1011 360 2478 950 2596 6117 257 180 4341 1603 383
63 64 65 72 73 74 80 82 83 84 87 92 94 95 96:16843:696 400 61 656 109 216 2102 1934 3144 360 765 3239 802 1833 526
38 65 72 74 83 92 93 94 95 97 98:9173:283 264 6 80 666 4096 192 889 671 1145 881
72 73 82 83 88 92 94 95:10330:90 181 4119 121 785 2461 1874 699
82 83 87 92 94 95:6999:1501 103 817 3114 1060 404
36 38 46 63 65 67 72 74 75 78 82 86 87 88 92 94 95 97:26520:973 212 89 705 627 400 422 18 997 590 4801 745 724 418 8566 3321 1599 1313
38 65 74 82 83 92 93 94 95 97:8598:207 194 183 3678 718 1593 117 1066 328 514
46 47 65 73 74 82 92 93 94 95:6847:231 79 259 333 316 157 1773 88 2964 647
46 47 48 65 73 74 92 93 94 95:8167:168 229 194 293 12 81 2938 458 3342 452
47 64 72 73 92 93 94 96:7052:39 513 99 27 2862 878 1988 646
18 36 38 48 72 73 74 76 82 83 87 92 94 95 97:11100:144 490 145 56 612 152 33 893 743 1054 646 3165 2025 365 577
46 64 65 72 74 76 92 94 95:8660:104 282 244 170 184 1060 2580 3290 746
92 94 97:2102:1309 279 514
3 38 47 48 49 63 64 67 72 73 74 82 84 86 87 92 93 94 95 96 97:21016:36 568 54 56 376 312 446 234 233 24 105 4129 492 977 427 6619 183 2500 2167 474 604
2 38 46 47 48 63 64 65 67 72 73 74 82 83 92 93 94 95 96 97:22100:32 60 175 43 100 1436 290 2603 1115 489 42 54 2708 663 4006 245 4789 240 1304 1706
46 47 48 63 64 65 72 73 74 75 78 84 92 93 94:12765:128 269 98 477 157 760 334 298 613 571 535 298 1467 1133 5627
2 63 64 65 70 72 73 74 76 78 82 92 93 94 97:13359:55 722 722 834 2399 536 278 53 982 337 3976 240 207 1254 764
3 4 36 46 47 48 55 57 63 64 65 67 69 72 73 74 75 76 78 92 93 94 97:29020:47 43 245 312 133 176 73 374 2407 1273 3542 1230 3057 2378 1568 1456 1032 2485 843 2723 453 2500 670
46:53:53
36 46 48 63 64 65 66 70 72 73 74 75 76 77 78 80 92 94:51066:405 77 28 512 323 1899 14450 3740 69 167 119 978 6409 1275 673 17765 672 1505
46 72 74 82 92 93 94:5060:107 22 33 1963 2554 158 223
47 82 92 93 94 95:2265:48 466 827 97 551 276
63 69 82 92 94 95:9705:102 3920 1189 2609 874 1011
46 65 72 82 92 93 94:2521:81 208 314 679 259 660 320
47 63 73 74 92 93 94 95:4384:206 206 87 48 693 217 2629 298
4 63 72 74 76 92 93 94 95 96 97:8697:35 267 183 161 1190 2715 380 1138 813 467 1348
46 65 82 92 93 94 96 97:8666:86 213 4847 1587 104 826 481 522
17 22 48 82 86 92 93:6453:16 32 88 2810 2758 453 296
93:143:143
92 93 94:735:167 53 515
48 64 72 73 82 87 92 93 94 95 97:7991:54 590 307 18 2648 212 1022 449 1948 217 526
54 72 73 76 82 92 93 94 95 96 100:7834:20 70 74 1724 760 2460 144 890 352 705 635
64 65 74 82 92 94 97:3122:426 143 61 556 425 667 844
48 92 93 94:3011:212 1644 233 922
46 48 51 92 93 94 97:5411:82 151 264 424 986 2974 530
37 46 47 48 63 64 65 73 74 92 93 94 96 97:16845:20 263 288 300 166 103 249 24 132 2907 2481 8058 582 1272
46 72 75 92 93 94 97:4324:253 445 696 1030 299 1083 518
46 47 48 72 92 93 94 95 97:13222:737 244 162 394 2906 927 5656 354 1842
3 4 46 48 50 64 65 72 73 74 92 93 94 97:21360:46 34 341 35 270 43 451 323 301 297 8363 692 9650 514
38 46 65 74 75 92 93 94 96:12116:69 525 115 54 1385 4534 939 3993 502
46 48 65 67 72 73 74 77 92 93 94 96 97 98:17618:222 223 283 355 222 73 5 29 3245 640 8405 1310 2118 488
2 47 73 82 92 93 94:14834:45 182 78 458 7094 771 6206
46 92 94 97 98:4747:171 1608 1899 514 555
2 37 47 55 63 67 72 73 74 87 92 93 94 95 96:20896:65 205 193 20 96 35 149 255 119 746 9472 907 7818 272 544
4 46 47 48 50 64 65 72 73 74 82 92 93 94 96 97 98 100:47842:74 1056 436 627 267 225 59 432 104 234 1547 13815 1864 20365 1666 3931 542 598
48 51 65 75 92 94:3194:116 394 62 446 231 1945
36 39 46 47 48 49 63 64 65 67 69 72 73 74 92 93 94 95 96:17584:73 748 44 48 77 391 387 1114 1853 385 1320 202 374 327 1814 1062 5333 307 1725
3 46 48 64 65 82 83 92 93 94 95:7491:48 148 53 720 795 710 762 1474 190 1844 747
46 67 82 87 92 93 94:3907:56 181 978 405 1683 172 432
46 48 92 93 94:2028:73 55 1366 182 352
46 47 64 65 73 74 92 93 94 95 96 97:15382:319 138 93 618 94 86 5491 986 4576 550 1598 833
37 46 48 65 72 73 74 92 93 94 97:8745:77 192 28 681 16 57 215 2920 323 2001 2235
38 63 65 72 92 93 94 96:3965:180 1118 124 85 664 144 1160 490
46 92 94:810:189 539 82
46 48 92 93 94 96 98:5405:60 98 1373 814 2018 551 491
63 74 92 93 94:1220:336 76 198 100 510
46 65 72 73 74 92 93 94 95 96 97:9953:474 112 287 415 37 988 1570 2929 339 2218 584
39 46 47 48 72 73 74 78 82 83 92 93 94 96 97:28026:1800 446 129 177 736 370 710 433 2639 2070 6366 1747 8630 641 1132
30 46 48 55 73 74 75 83 92 93 94 95 97:15467:103 109 128 15 13 211 472 88 4533 1865 6647 736 547
36 38 46 47 48 64 65 72 73 74 82 87 92 93 94 95 97:21515:288 511 336 705 173 246 831 249 277 347 222 217 6893 1316 7948 252 704
38 46 47 48 50 63 64 65 72 73 74 84 92 93 94 95 97:17909:543 90 291 131 547 1247 232 962 35 77 89 359 3748 939 7364 675 580
38 46 47 48 72 73 74 83 92 93 94 95 97:21001:214 314 117 119 12 503 136 180 10920 175 7434 311 566
64 65 66 72 73 74 88 92 94:4719:300 263 1181 157 41 204 436 374 1763
72 76 83:2476:606 1416 454
72 73 93 94 98:1820:54 260 72 889 545
36 46 47 48 65 66 73 74 84 88 92 93 94 95 96 97:26886:142 492 423 60 820 1053 623 671 348 344 8557 2313 8110 198 1056 1676
46 47 48 74 92 93 94 96:5920:281 187 60 23 1565 398 2827 579
46 74 92 93 94 96 97:5156:105 217 1077 524 2082 492 659
64 73 74 77 87 92 93 94:5252:225 85 49 374 1201 1259 365 1694
16 46 48 50 51 64 65 74 82 88 92 93 94 97:11247:21 760 356 398 359 183 323 108 613 564 1565 1005 2344 2648
48 92 93 94:1094:67 271 248 508
46 47 48 51 65 72 73 92 93 94 96 98:8371:132 226 38 301 196 503 17 845 993 3669 956 495
48 72 87 92 93 94:3902:59 24 311 1493 508 1507
65 68 72 73 74 76 83 84 94:4380:879 850 249 45 69 1000 544 68 676
47 48 74 93 94 97:1239:94 73 105 122 260 585
39 46 63 64 66 72 74 76 82 88 92 93 94 95:11925:612 113 297 72 1625 11 70 788 580 567 4030 744 2176 240
92 94:843:333 510
63 92 93 94 96 97:3761:120 1849 245 252 728 567
16 36 46 47 48 64 66 73 82 83 84 92 93 94 95 96:10137:218 59 44 377 56 264 1892 78 2605 641 95 650 383 1996 196 583
46 47 48 55 63 64 65 72 73 74 77 78 83 88 92 93 94 95 96 97 98:46435:562 408 278 25 1427 570 360 124 768 431 1256 762 2299 205 13104 3109 14600 1032 2358 2260 497
46 48 65 72 92 93 94:6012:329 145 309 307 1592 1047 2283
36 46 51 64 72 87 92 93 94:4100:119 145 230 79 85 401 893 196 1952
21 46 47 48 63 64 74 82 92 93 94 97 98:12384:131 208 124 141 783 141 388 487 1539 1220 6100 599 523
83:10428:10428
4 36 39 46 47 48 49 50 63 64 65 72 73 74 78 92 93 94:12639:14 197 540 629 179 224 363 306 718 330 684 237 263 406 1190 1921 783 3655
63 65 66 75 87:3124:284 665 1093 469 613
46 50 57 63 64 65 73 74 92 93 94 96 98:10734:91 280 637 1228 264 947 29 34 1641 705 3387 471 1020
48 63 64 65 68 72 73 74 77 83 93 94:5641:39 450 198 855 1016 44 373 654 703 559 144 606
3 36 46 47 48 64 65 68 72 73 74 76 88 92 93 94:11213:104 148 186 74 113 136 394 1481 47 96 345 832 604 3253 369 3031
46 47 48 63 74 92 93 94 96 97 100:14741:282 148 19 378 799 4148 808 5339 1102 1107 611
73 82 83 87 92 93 94:10061:66 720 401 664 4040 163 4007
46 48 64 72 73 82 92 93 94 95:8700:96 70 627 219 113 164 3309 120 3694 288
63 73 74 83:1509:1011 174 237 87
19 36 37 46 47 55 63 64 65 72 73 74 83 84 88 92 93 94 95 96 97 100:24318:35 225 65 550 253 211 487 159 698 942 464 947 5906 35 160 3679 123 4281 1003 973 2476 646
46 63 64 65 73 74 82 92 93 94 95:17229:84 619 222 747 63 34 430 7016 390 6267 1357
46 47 48 57 63 64 65 72 73 74 76 82 83 92 93 94 95 96 97:20969:285 128 99 339 978 300 2154 657 87 764 1125 212 181 4626 679 5374 903 979 1099
46 74 75 83 94 96:1897:52 24 773 229 281 538
36 46 51 66 72 73 74 76 88 92 93 94 95 96 97:23232:180 527 329 1131 51 46 103 772 633 8581 888 6261 1063 1726 941
39 46 47 48 63 64 65 72 73 74 82 88 92 93 94 95 96:26549:700 877 276 245 481 57 1282 177 610 70 634 735 8623 1213 8916 570 1083
30 47 72 73 92 94 95 96:3654:81 147 21 195 1158 1301 277 474
46 47 64 72 74 88 92 93 94 95 96 97:13759:79 91 79 58 58 540 4995 751 5601 300 606 601
47 72 73 74 92 93 94 97:7921:150 138 284 224 3286 563 2762 514
36 46 72 73 74 92 93 94:1827:161 297 115 14 26 426 252 536
46 64 74 92 94 96:2412:54 96 39 385 1342 496
36 46 47 64 65 67 68 72 73 74 78 92 93 94:10247:262 250 83 130 1299 335 802 311 161 576 334 2407 774 2523
46 63 72 73 74 75 88 92 93 94 97:10103:131 479 1755 56 870 457 713 508 944 2070 2120
75 92 94:2266:477 979 810
7 46 47 64 65 72 73 74 92 93 94 95 97 98:10299:176 279 227 252 1358 547 273 212 1378 330 3887 298 591 491
46 47 64 72 73 74 82 92 93 94 95 97:16803:445 238 93 39 68 322 164 6691 950 6316 882 595
46 47 48 64 65 74 82 92 93 94 95:7280:127 174 223 491 341 267 168 3110 289 1716 374
30 80:10334:925 9409
65:878:878
46 51 65 72 73 74 92 93 94 96 97:11056:124 368 413 63 66 252 2212 565 3368 2023 1602
46 92 94 95:1565:38 888 404 235
48 51 74 92 93 94 95 96 97 98:12626:277 280 32 2220 1594 4554 344 1655 580 1090
46 47 48 65 73 74 78 87 92 93 94 96 97:21671:515 278 301 252 34 36 335 468 7434 1075 5991 2839 2113
46 48 50 64 65 73 74 92 93 94 95 96 97:21914:471 255 301 282 2197 54 346 6855 1595 7081 200 961 1316
82 87 92 93 94:5028:1603 809 654 627 1335
36 46 47 48 63 64 65 67 72 73 74 75 82 88 92 93 94 95 96 97:25000:112 351 189 112 1135 662 1558 771 745 478 674 447 935 597 4056 2227 8398 385 617 551
30 46 47 48 50 65 68 72 73 74 75 82 92 93 94 95 96 97:23456:30 82 135 342 668 419 1260 214 297 208 477 596 4805 1961 7332 383 1746 2501
50 63 64 73 74 76 94 96 97:3977:460 106 460 168 8 688 883 472 732
48 65 92 93 94:2481:44 492 422 231 1292
63 65 66 67 69 93:21507:982 1013 13030 2959 3436 87
36 46 47 48 63 74 92 94 95:2564:336 40 112 76 474 191 647 315 373
2 3 4 36 46 47 48 63 65 72 73 74 75 92 93 94 96:18025:60 83 41 395 90 535 129 131 169 706 401 848 509 3644 1657 6803 1824
93 94:188:97 91
47 51 74 94 97:1978:85 221 20 992 660
93:138:138
37 47 48 65 73 92 93 94 95 96 97:14540:136 40 154 210 97 4636 1310 6247 698 471 541
83 92 93 94 95:6679:3857 851 289 1048 634
46 47 48 50 72 73 74 92 93 94 96:14216:235 36 135 295 104 109 49 2180 2176 5339 3558
76:14360:14360
46 48 51 63 65 72 73 74 82 83 92 93 94 95 98 100:15268:127 377 444 279 555 359 553 186 841 580 3402 1560 4125 269 793 818
63 72 73 82 92 93 94 95 96:4002:208 62 42 476 1503 108 487 506 610
47 64 74 82 92 94 97:6885:74 347 67 2990 1003 1763 641
2 46 47 48 63 65 72 73 74 78 84 88 92 93 94 95 96 97:15504:85 601 98 50 551 199 152 221 64 531 62 160 2543 1558 5645 256 1554 1174
46 72 92 93 94 95:5583:169 22 3341 275 1246 530
50 72 74 88 92 93 94 95:7868:315 104 111 224 4050 131 2091 842
47 65 73 82 92 94 95 97:7466:81 315 38 762 2941 2439 223 667
48 65 74 92 94:6772:45 285 314 4751 1377
38 46 63 72 73 74 78 82 83 92 93 94 95 97:21971:225 187 1033 455 127 275 353 2274 2367 8622 145 2576 1961 1371
65 73 94:1202:388 40 774
47 48 64 65 73 74 92 94 96 100:9137:310 79 483 342 185 93 3018 3408 558 661
49 65 72 87 92 93 94 96:8663:379 463 119 667 1888 370 3056 1721
46 48 64 92 93 94 95:3948:48 50 144 1040 545 1382 739
3 46 72 74 92 94 96:2822:58 60 274 222 1456 274 478
46 47 55 57 63 64 72 73 74 76 88 92 93 94 96 97:12023:148 269 7 174 512 673 42 379 265 2678 331 1919 516 2005 948 1157
37 48 92 94:1334:71 48 508 707
72 92 93 94 97:4989:54 3035 267 1087 546
46 48 63 64 65 67 72 73 74 77 82 87 92 93 94 95 97:9984:56 51 543 83 195 323 1195 483 256 1056 516 321 2600 242 1299 228 537
72 82 87 92:10749:24 9746 534 445
63 72 82 92 94:6548:144 54 4963 180 1207
46 64 72 74 75 82 92 93 94 95 97:10919:75 105 236 306 448 4296 2521 518 1495 164 755
82:7865:7865
82 83 97:22178:10467 10788 923
92 95 96:2337:936 421 980
46 48 65 73 92 93 94 95 97:9245:122 45 179 29 5237 374 2143 456 660
46 47 48 50 73 92 93 94 96 97:6437:194 20 129 358 43 1848 258 2511 466 610
47 93 94:565:84 105 376
63 92 93 94 95 97:5258:693 1590 226 403 1689 657
46 48 63 65 72 73 74 76 88 92 93 94 96:7545:27 25 90 190 157 259 70 858 177 2187 847 1511 1147
96:469:469
46 63 92 93 94:2882:551 471 429 333 1098
37 46 47 48 64 65 73 74 92 93 94 96 97:9596:205 151 68 121 313 221 163 201 2704 1431 2352 480 1186
63 64 68 73 74 92 94:5065:605 483 1462 71 31 1893 520
65:165:165
63:1178:1178
4 46 48 63 64 66 73 74 76 82 88 92 93 94 97 98:11514:87 35 247 508 421 1375 116 128 2948 708 466 1853 283 873 879 587
48 63 65 66 69 72 73 76 83:6090:54 143 1177 1283 1424 378 307 1018 306
48 94:703:70 633
65 74 92 93 94:2360:463 200 164 142 1391
37 46 48 64 82 92 93 94:5642:360 144 35 636 1107 2361 309 690
48 63 64 65 72 75 92 94 95 96:8095:15 485 746 1631 579 900 1766 949 372 652
2 36 63 72 87 92 94 97:6386:76 157 843 46 944 3140 642 538
63 64 92 94 95:1374:524 211 135 173 331
38 46 63 64 65 66 72 73 74 78 82 83 88 92 94:12118:537 90 581 988 1963 2883 284 28 364 524 736 127 455 1879 679
31 46 63 64 65 67 73 74 75 83 88 92 94 95:11871:111 21 395 1200 1256 256 251 216 822 1266 1271 2537 1795 474
46 63 64 65 67 72 73 74 75 77 78 82 83 88 92 94 95 97 98 100:44125:36 1580 416 2510 2012 2969 531 1194 432 1365 387 22654 380 416 2959 2102 347 655 531 649
70:6120:6120
64 65 66:4482:689 1227 2566
64 65 74:990:99 849 42
46 73 92 94:1235:52 233 384 566
36 46 47 48 63 64 65 74 76 92 93 94 97:12941:102 307 227 307 447 337 2039 441 5007 828 455 1922 522
46 51 72 73 74 75 92 93 94 96 97:7580:60 311 58 337 36 627 1307 564 2254 821 1205
47 64:343:173 170
46 48 64 73 74 92 93 94 95 96:10751:176 70 94 249 239 2168 281 5705 570 1199
46 48 63 64 72 92 93 94 96 98:4259:89 257 499 500 106 521 371 187 1222 507
4 47 49 64 72 73 92 93 94 95 96 97:20612:14 107 392 159 29 348 5546 1371 7954 398 2530 1764
63 64 70 74 77 93 94:21214:1137 697 12394 220 5745 273 748
46 48 65 72 73 74 92 93 94 96 97:4104:68 60 190 40 76 183 605 345 1318 557 662
79 81:143349:6651 136698
47 66 69 92:33157:109 28888 3721 439
46 63 69:4906:43 998 3865
48 64 65 67 74 92 96:2933:139 174 1493 440 24 153 510
46 48:81:46 35
76:5666:5666
74:92:92
94:172:172
94:52:52
97:1523:1523
68:773:773
94:146:146
94:183:183
47 94:190:44 146
83:203:203
94:101:101
68:778:778
77 94:238:154 84
94:153:153
93:68:68
94:352:352
73 93:676:510 166
94:430:430
48 94:296:135 161
94:164:164
92:303:303
83:104:104
63 94:228:183 45
94:149:149
48:35:35
94:242:242
46 93 94:250:63 72 115
48:35:35
94:94:94
48 92 94:577:27 133 417
