216066 301 2130
634050A030 0017
629182 001 0076
629182 001 3270
629182 001 111X
629182 001 223X
287024 013 0018
629056 301 0466
227034 010A0059
204055A301 0633
200133 001 0018
618158B014 126X
200111 011 0018
216080 004 0015
618155 033 1073
618155 033 0751
618155 033 0921
618155 033 1278
618155 033 0824
618155 033 0344
618155 033 0395
618155 033 0867
618155 033 0468
200025 004 0014
222021 031 0010
203164 003B0763
216052 006B0895
216052 006B0941
216052 006B0771
216052 006B0909
216052 006B0330
200008 018 0014
214061 013A0018
618209W301 0027
200089 017 0010
022020 011 0011
204079 067 0041
204079 067 0025
204079 066 0047
204079 067 0050
204079 066 002X
204079 066 0039
204079 066 0055
204079 067 0033
022017 023 0013
200137 001A0019
488124W302 001X
216038 003 0014
216066 301 042X
629169W303 0018
204086 007 0054
204086 007 0852
204086 007 0895
204086 007 0097
204086 007 0062
204086 007 0828
204086 007 086X
204086 007 0020
219035 017 0026
634005 001 0026
200139 015 0018
204084 010 001X
204084 010 0029
204037 031 0014
200128 301 0019
203165 334 0033
203165 334 0025
203037 011 0013
222003 002 0023
210047 010 0020
210001 004 0024
204013 020 0010
204014 028 0012
634079 008 0013
618158B042 001X
618155A017 0016
214028 002 0017
639048 020B001X
639077 035 0016
205006 003 0013
204016 011 0087
618004 022 0011
227115W311 0021
204016 011 0044
629104 002 0029
219099 010 0014
629017 001 0016
229011 005 0017
629009 001 0013
216047 010 0013
620058 029 0015
227059 011A0013
639104 018 0010
618169 021 0016
200028 007 0599
200028 007 0556
200028 007 0521
200028 007 0572
200028 007 058X
200028 007 0564
200038 009 0011
227115W301 0010
203157 012 0021
639082 018B0017
203157 012 0013
203005W307 0024
203005W307 0016
200058 007 0021
200058 007 008X
200058 007 0072
200058 007 0048
200058 007 0102
200058 007 0099
200058 007 0064
200104 001 0018
200058 007 0056
200058 007 0030
618155 033 0999
618155 033 117X
618155 033 0093
618155 033 0026
618155 033 0042
618155 033 0484
618155 033 0506
618155 033 0786
618155 033 0492
618155 033 0522
618155 033 0565
618155 033 0476
618155 033 070X
618155 033 0131
618155 033 0174
618155 033 0859
618155 033 0913
618155 033 0085
618155 033 0336
618155 033 0123
618155 033 1219
618155 033 1308
618155 033 1367
618155 033 1324
618155 033 1197
618155 033 1243
618155 033 1332
618155 033 0115
618155 033 0905
618155 033 0182
618155 033 084X
618155 033 005X
618155 033 0140
618155 033 0204
618155 033 0573
618155 033 1006
618155 033 1227
618155 033 0077
618155 033 0212
618155 033 0557
618155 033 134X
618155 033 1383
618155 033 0514
618155 033 1154
618155 033 1235
618155 033 1316
618155 033 1375
618155 033 1391
618155 033 0794
618155 033 0697
618155 033 0689
618155 033 1162
618155 033 1251
618155 033 0069
618155 033 0107
618155 033 0158
618155 033 019X
618155 033 053X
618155 033 0549
618155 033 120X
618155 033 0034
618155 033 0166
618155 033 1014
618155 033 1146
618155 033 1359
618155A016 0020
618158B059 0016
618155A016 0011
200028 007 0246
200028 007 0467
200028 007 0238
200028 007 0114
200135 018 0016
216012 005 0014
216084 007 0014
204080 063 0017
204026 031 0012
214008W301 0010
204054A301 1293
