120504A024 0013
121398A013 0014
109008 010 0013
108043 018 0016
109015 052 0013
121381 053 0011
121398A016 0018
112086 022 0010
123041 035 0015
112075 016 0012
121314 004 0019
120511 044 0010
122003 008 0015
122003 002 0018
121381 041 0019
102039 020 0014
109035 020 0014
108048 016 0019
125007A003 0016
112083A038 0027
101085 002 0014
112086 045 001X
112071 007 0018
112083A046 0013
109015 069 0019
120511 041 0016
120510 027 0010
121281 014 0017
008033 019 0018
123041 040 0016
112074 012 0018
120079 006 0015
112086 032 0013
102038 016 0011
120421 005 001X
120423 007 0012
122003 003 0012
121381 058 0014
113214 033 0010
109216W302 0043
120511 039 0019
121314 006 0018
120079 008 0014
120077 020 0012
120077 026 0010
112083A045 0019
108043 021 0018
109008 001 0014
121381 044 0012
109015 050 0014
109006 004 0015
123041 039 0013
102039 021 0019
121398A014 0027
123041 037 0014
122003 009 0010
006041 007 0053
109008 002 0019
113214 030 0016
112086 011 0011
108073 007 0014
112055C021 0014
112083A044 0014
102039 019 0011
121398A015 0013
121381 055 001X
113213 037 0011
109015 075 0014
123041 038 0019
102038 012 0013
120418 001A0017
120511 040 0011
122003 001 0013
121347 009 0017
120511 038 0014
121398A018 0017
120504A022 0014
109015 051 0019
108068 001 0021
120511 043 0015
125007A004 001X
113215 001 0016
120511 045 0014
113213 059 0018
121381 057 0010
109011 008 0017
112086 021 0015
121281 016 0016
122003 005 0011
122003 007 001X
121281 010 0019
109216W301 0022
112074 010 0019
125534 001 0010
112083A037 0022
112086 031 0019
122003 006 0016
109015 053 0018
121298 011 0013
123041 036 0010
122003 004 0017
121329 029 0016
112083A036 0028
120511 042 001X
112086 041 0012
121396 007 0019
112086 020 001X
008042 007 0014
014001 045 0864
010007 025 0259
120524 007 0021
007027 002 0159
011020 022 0093
002023 024 0739
007004 004 0077
012054 013 1126
122181W301 0017
006016 009 0058
120523 017 0932
013018 004 0110
013018 004 0098
009020 002Y0317
120323C011 0024
112061 021 016X
004013 014 0133
004028 022 170X
003024 023 1170
003024 023 1153
008038 007 0041
003025 001 0084
003025 001 0092
003027 021 4071
004025 002 1011
007003 012B0114
002024 001 0297
007003 012B0084
013025 017 1217
013025 017 1209
004026 012A0088
011015 001Y0016
122070 024 011X
120037D001A0047
013010 022 0125
011020 022 0042
013010 022 0117
011020 022 005X
102016A015A0016
113062 002 0010
007003 012B1013
002030 014 0391
003013 008 1190
140160 010 0010
003017 001 0022
003009 004 0040
108038 003 0199
003017 001 0014
003010 016 0903
012022 019 0110
004025 005 0035
008023 004 0253
110040 016A1345
113113A003 0104
005020 003 0461
003007 001Y1035
008038 007 0033
008038 007 0025
006027 004 0219
004007 010 0020
006027 004 0189
008039 001 0032
008039 001 004X
002024 001 0106
002024 001 0092
002024 001 0041
008004 019 0166
008004 019 0182
008004 019 0174
120044 014 0372
120044 014 0046
120044 014 0437
120044 014 0313
120044 014 0224
120044 014 0135
120044 014 0283
120044 014 010X
120044 014 0348
120044 014 0259
120044 014 007X
120044 014 0402
120044 014 0160
120044 014 0194
003025 001 0076
008038 007 1315
004025 002 1291
008038 007 1323
008038 007 1331
102013 001A1022
102013 001A1057
102013 001A1073
102013 001A103X
102013 001A1081
102013 001A1065
102013 001A1049
002030 014 1452
003025 001 0033
003025 001 0050
003025 001 0068
003025 001 0041
013011 021 007X
106003A003A0013
106004A025 001X
106003A005 0017
121353 031 0062
121353 031 007X
121353 031 0054
140319 027 0014
140160 006 0013
140160 012 0019
055160 015 0011
112060 008 001X
101013 011 1787
003010 010B0591
102010 021 0053
102010 021 0061
102010 021 0070
102010 021 0037
102010 021 0045
102010 021 0100
102010 021 0096
102010 021 0088
012022 009 0108
012022 009 0060
012022 009 0086
012022 009 0094
012022 009 0175
012022 009 0248
012022 009 0205
012022 009 0272
012022 009 0299
012022 009 0027
012022 009 0051
012022 009 0035
012022 009 0256
012022 009 0078
012022 009 0191
012022 009 0043
012022 009 0159
012022 009 0221
012022 009 0264
012022 009 0116
012022 009 0230
012022 009 0132
012022 009 014X
012022 009 0167
012022 009 0183
012022 009 028X
012022 009 0124
012022 009 0213
120069 012 0520
120069 012 0546
120069 012 0538
120069 012 0562
120069 012 0554
483625W301 075X
121403A001 0015
002024 001 0033
002024 001 0122
108032 001 0124
009033 001 0011
121331A021 0089
013025 017 0318
120031 025 0074
012054 013 0049
013018 004 0136
013018 004 0144
120044 014 0496
120044 014 0488
120044 014 0470
120044 014 0461
002034 003 0038
002034 001 0063
003013 008 1173
108010 012A0191
108010 012A0183
007026 012 083X
009003 014 0187
102007D020B0104
102007D020B0112
102007D020B012X
121331A021 0143
002015 014 3219
002015 014 3251
002015 014 3235
002015 014 3316
002015 014 3294
002015 014 3332
120501 012 0065
010017 021B0010
013030B013 0105
013030B013 0059
012011A014 0082
006017 006 0034
012011A014 0074
113141 021 0176
008011 019 003X
012011A014 0023
013010 022 0028
012011A014 0066
012011A014 0040
013010 022 0010
012011A014 0031
004010 006 0032
014001 109 0025
008014 014 0037
005015 012A0039
006025 006A0091
006025 006A0059
006025 006A0024
005015 012A0128
005015 012A0136
006025 006A0067
005015 012A0098
005015 012A0063
005015 012A0080
005015 012A0055
005015 012A0110
005015 012A0047
006025 006A0083
006025 006A0113
006025 006A004X
006025 006A0121
006025 006A0105
006025 006A0148
005015 012A002X
006025 006A0130
005015 012A0144
005015 012A0071
008011 001Y0026
005015 012A0101
006025 006A0032
006025 006A0075
113100 017 0155
108040 012 0028
121353 031 0038
121353 031 0020
113091 010A0087
113091 010A0036
113091 010A0095
113091 010A006X
113091 010A0109
113091 010A0028
001031 001X0042
113091 010A0079
113091 010A0125
113091 010A0141
113091 010A0044
113091 010A0052
113091 010A0133
113091 010A0117
013025 017 0385
013025 017 0377
013025 017 0369
121307 025 0111
121307 025 0235
121307 025 0057
121307 025 0146
121307 025 0162
121307 025 020X
121307 025 0120
121307 025 003X
121307 025 0189
121307 025 0227
121307 025 0073
121307 025 0090
122061 003 0497
006004 014A0021
011024 023A0021
120329 009 0961
122076 004 0251
122076 004 0243
008038 007 0084
008038 007 0092
112122 009 0096
112122 009 0134
112122 009 0169
112122 009 0177
112122 009 0100
112122 009 0118
112122 009 0185
112122 009 0126
112122 009 015X
112122 009 0142
003034 006 0159
003034 006 0116
003034 005 0596
003034 006 0680
002007 006 1227
003034 006 0078
014001 056 0064
120037D303W0048
108017 021 0050
004006 004C0024
014001 045 0708
108017 021 0025
108017 021 0068
120037D303W0021
009020 002Y0325
120037D303W0030
108017 021 0033
108017 021 0041
009036 001 0126
009036 001 0142
009036 001 0134
121391 018 0040
121391 018 0058
007016 008 0677
007016 008 065X
003033 005 0123
007016 008 0669
007016 008 0642
120069 006 0184
121252 001 0265
102009 003 0081
102009 003 003X
102006 005Y0034
102006 005Y0026
008009 008 0496
110048 011 0171
002015 009 1789
002015 009 1835
002015 009 1975
110048 011 0333
002015 009 1959
002015 009 1932
141070A010 1069
101079A008A0022
141070A010 1140
141070A010 1158
002015 009 1983
002015 009 180X
002015 009 1843
002015 009 1967
010031 019 0642
010031 019 0634
101014 014A0212
010031 019 0618
010031 019 0626
013006 001Y0324
110048 011 0163
141070A010 1174
141070A010 1247
101014 014A022X
014001 060 0133
110048 011 0325
010031 019 0600
002015 009 1991
002015 009 1827
002015 009 194X
141070A010 1077
102019B002A0023
004016 010A0334
101003C012 0030
121380 012 0024
113082 016 002X
101003C012 0099
010032 002 0236
101014 016 0020
101003C012 0102
101003C012 008X
101003C012 0064
101003C012 0129
101003C012 0072
004016 010A0326
113082 016 0039
101012 023 0086
120510 008 0068
113156A023 008X
101003C012 0056
101012 023 0116
101003C012 011X
113082 016 0055
101012 023 0043
101003C012 0048
101012 023 0051
113082 016 0047
101003C012 0021
113082 016 0063
110042 015 0066
110042 015 0074
110042 015 0058
102007H001X0353
102007H001X0582
102007H001X0418
102007H001X0426
102007H001X0396
102007H001X0507
102007H001X0540
102007H001X059X
102007H001X0604
102007H001X0370
102007H001X0485
102007H001X0612
102007H001X0639
102007H001X0531
102007H001X0388
102007H001X062X
102007H001X0345
102007H001X0434
102007H001X0477
102007H001X0558
102007H001X0361
102007H001X0400
102007H001X0566
102007H001X0515
102007H001X0493
102007H001X0442
102007H001X0574
102007H001X045X
102007H001X0469
102007H001X0523
003013 008 1165
122072 017 0377
122072 017 0296
122072 017 049X
122072 017 0504
122072 017 0300
122072 017 0571
102003A005U003X
113106 028A0190
113106 028A0181
102009E004 0040
102009E004 0031
102016B010A0029
102016B010A0053
120323D009 0237
101018 301 0031
102016F011 0035
110045 004 0075
102009F004 0128
102009F004 0110
102044 008A0071
120065 001 007X
120065 001 0054
120065 001 0046
120065 001 0089
113106 028A0106
122072 001 0040
122072 001 0023
122072 001 0031
113106 028A0114
102009D001Y0093
102016D016 0165
102016D016 0262
102016D016 0211
102016D016 0319
