140077 003 0031
140411W304 0015
108001L019A008X
108001L019A0064
108001L019A0072
108053A011 0033
108053A011 0084
108053A011 0041
108053A011 0092
108053A011 0106
108053A011 0068
108053A011 0050
108053A011 0076
108053A011 0025
108001L019A0099
140026 015 003X
140026 015 0049
140026 015 0081
140026 015 0073
140026 015 0022
140026 015 0065
140026 015 0057
140026 015 0090
453136 007 001X
453069 002 0019
448163W301 0019
140146 001 0018
451152 002 0016
023060A004 0014
453049 015 0015
453036 019 0019
451093 007 0012
444013 023 001X
130069 008 0025
437001 005 0017
451005 009 0015
443122 001 0014
130069 009 0020
451009 006 0025
451009 007 0011
453123 003 0018
453025 020 0010
453005 004 0028
453069 002 0027
453051 005 0016
453125 001 0011
451009 001 003X
448081 003 0013
444020 008 0012
451005 002 0013
453062 003 0019
830085 005 0010
023060A003 0010
453036 011 0012
453002 005 0015
451009 002 0019
453022 026 0018
453136 005 0011
453032 010 0012
453025 024 0018
140146 002 0012
453140W301 0019
437059W300 001X
453005 004 0010
429033 022 0019
451093 010 0014
451093 008 0017
830167W301 0024
444006 001 0026
451012 002 0010
448091 003 0019
140146 003 0017
453015 020 0014
453015 030 0018
453015 013 0014
830150 021 0015
453015 029 0015
453015 028 001X
453015 027 0016
428033 031 0014
453071 020 0011
451009 006 0017
453109 006A0014
451014 028 0017
453032 002 0018
453016 017 0019
830150 022 0010
453125 003 001X
130069 007 002X
451079 002 0017
440012W305 0010
451093 009 0011
745400 067 0012
429032 001 001X
428000 000 2300
451003 010 0015
425056 003A0017
453002 006 0010
453109 004A0015
451087 016 0011
453016 010 0017
452011 003 0011
453049 030 0010
453062 004 0013
444022 003 0012
453022 027 0012
453140W302 0013
437024 010 0018
453115 026 0016
453024 020 0013
451030 023 0010
451039 018 0016
425296 010 0012
437020 009 0010
437103 012 0022
443114 301 0016
108005A009 0511
108005A009 0481
108005A009 0538
108003A028 012X
108005A009 0473
108003A028 0104
108003A028 0112
108005A009 0490
108005A009 0520
108003A028 0139
108005A009 0503
130062 031 0119
451051D014 0190
451051D014 0181
430083 006 0012
427006 015 0014
130073 012 001X
830115 030 0065
130018 301 0059
107008 009 0137
130115 001Y0037
130134 001 0020
130115 001Y0029
130115 001Y0053
130115 001Y0045
130018 301 004X
107013 013 008X
453075 023 0070
453136 009 0010
830055 003 0014
130006 001 0048
429031 001 1495
130018 301 0091
130018 301 0032
425019 003 0094
107030 024 0030
130018 301 0075
107024 023 0019
130134 001 0143
453138 065 0016
453136 014 001X
130018 301 0083
108003A009 002X
107013 013 0129
830041 009 0118
830041 009 0100
453075 023 0177
830117 028 0028
428093 001 004X
451029 025 0029
140084 022 0014
130018 301 0067
108004C012 0082
453138 063 0017
453136 001 0013
448120 007 0017
437001B015 0023
830027 022 0129
830041 009 0029
106015A012A0045
130008B009 0076
453136 008 0015
130008B009 0033
130008B009 0084
130008B009 0025
130008B009 0092
130008B009 0050
130008B009 0068
130008B009 0041
130018 301 0113
130047 001 0275
453043 013 0026
130047 001 0291
130047 001 0020
130047 001 0283
452004 019A0011
430019 004 042X
430019 004 0412
140010 028 0077
140010 028 0085
107045 026 0052
140409W053 0036
448085 010 0019
108004C002A0033
453136 012 0011
140011 010 0014
430028 005 0017
106018B020 0016
106015A012A0029
437027 017 0019
428025 001 0037
428006 009 0039
448011 032 0020
448011 032 0119
448011 032 010X
108003A009 0071
448011 032 0046
448011 032 0038
108005A001 0035
830005 014 0015
425059 002 021X
107004H001 0044
130018 301 0105
453120 036 0013
107004A020W0138
830019 028 0069
830019 028 005X
428006 009 002X
333002 008 0015
453013 005 0017
453013 002 0013
453013 003 0018
451010 004 0016
430061 006 0035
141012 003 0014
141013 005 0010
452003 020 0012
430085 021 0362
448017 016 0096
106020A013 0013
428026 011 0029
437040 002 0043
448017 016 0037
107013 013 0072
437040 002 0027
830119A007 0026
437040 002 0035
830064 022 004X
448017 016 0088
428033 011 0033
448017 016 0061
448017 016 0045
830160 012 0054
830160 012 007X
448017 016 0053
448017 016 0029
830160 012 0062
428025 005 0035
448017 016 0070
830160 012 0046
107044 021 001X
451050D012 0020
451150 013 0038
107013 013 0048
130107C018 0020
429033 017 0034
429033 017 005X
429033 017 0026
429033 017 0093
429033 017 0107
429033 017 0085
429033 017 0077
429033 017 0042
429033 017 0069
428035 001 0016
451148 035 0013
130109 011 001X
130003A004A001X
140002 004 0028
106020A004 0090
106020A004 0081
106020A004 0103
106020A004 0073
106020A004 0065
130194W302 0203
430004 001 0063
430004 001 0080
430004 001 0110
430004 001 0101
430004 001 0039
430004 001 0098
430004 001 0071
