429050 027 008X
386043 010 0012
386043 012 0011
823089 007 0017
823089 007 0025
823091 007 0011
823089 005A0013
799102 001 0018
799101 001 0011
823004 302 0013
823004B311 0017
799103 008 0121
823004B309 0028
799103 008 0024
799103 008 0237
823004B308 0015
823004B306 0016
799103 008 018X
823004B309 0036
823004B307 0029
823004B314 001X
823004B305 0038
823004B308 0023
823004B317 0022
799103 008 0296
799103 008 0253
799103 008 021X
823004B316 0010
799103 016 001X
823004B309 0010
799103 008 0245
799103 008 0113
799103 008 0261
799103 008 0334
823004B313 0016
823004B315 0015
799103 008 0326
823004B305 0046
799103 008 0148
823004B317 0014
799103 008 0059
799103 008 0164
799103 008 0105
799103 008 0288
823004B305 0020
799103 008 0318
799103 015 0016
823004B305 0011
823004B307 001X
799103 008 0202
799103 008 035X
799103 008 0032
799103 008 0091
799103 008 0172
799103 008 0199
799103 008 0342
799103 008 0156
799103 008 0270
823004B306 0024
823004B305 0054
799103 008 004X
799103 008 0300
799103 008 0229
799103 008 0083
799103 008 0130
823095 001 0010
823094 005 0020
823094 005 0011
823094 023 0028
766027 019 001X
919084 010 0018
769004 001 0054
766030 030 0026
766034 009B0014
776122 011 0015
921022A046 0017
776169 010 0017
766025 016 0014
776146 024 0019
776156 006 0016
919084 008 001X
358019 018 0013
776140 005 0018
402012 016 0014
968025 006 0012
919027W015 001X
919005A008 001X
919007 012 0012
823039A012 0018
761038 014 0011
776154 018 0016
921022A047 0011
769106A042 0015
776085 022 001X
924040 013 0014
776166 027 0013
930001 006 0012
919028 025 0017
407104 006 001X
769005 006 0029
429020 017 0064
776154 011 0014
776125 017 0011
769005 006 001X
769005A001 057X
776143 005 0025
921024A001 0012
776085 136 001X
924040 011 0015
968003 014 0013
919021W007 0018
769005A001 0333
776124 017 0015
776124 004 0018
776124 015 0016
776132 011 001X
823040A025 0013
766034 002 0011
860023 010A0023
919087 012 0016
829005 004 0016
919008A012 0016
776220W007A0010
417012 027 0019
776125 005 0019
921022A013 0012
769005A001 0465
776142 003 0011
776132 017 0018
776158 010 0015
919007A016 0018
919028 024 0012
776167 037 0013
772027 017 0015
776009 045 0013
776164 005 0014
776154 009 0017
776160 018 0016
776140 004 0013
887106W301 0129
919007 007 0011
776146 031 0019
776159 014 0010
776125 016 0017
776125 019 001X
776144 008 0017
919005A012 0017
930002 010 0015
776125 014 0018
776166 019 0019
776217W343 0014
927026 019 0028
776125 007 0018
776154 019 001X
776160 020 0013
921022A045 0012
776126 007 0014
776167 019 0015
769001A301 0014
769001A303 0013
776125 018 0016
919028 003 001X
776217W350 0014
776145 006 0014
776156 015 0015
924048 007 0010
398032 006 0010
776085 075 0012
377041 014 0013
776124 013 0017
776014 087 001X
776168 027 0016
776085 306 0016
386012A013 001X
776152 009 0014
766010 026 0029
850126 013 0019
776085 023 0015
776144 004 0027
924040 012 0010
776125 006 0013
776170 014 0013
776084 016 0019
919084 014 0016
776160 013 0013
776085 114 0014
919020 024 0020
919084 004 0012
766039 009 0023
850116 011 0014
776060 304 0014
776140 010 0019
776151 002 0016
776125 002 0015
776136 019 0012
919132W302 0016
776164 001 0016
761036 003 001X
919004A012 001X
776148 030 0017
924004 022 0017
776085 081 0018
769005A001 0619
776149 026 0017
776163 010 0019
776163 014 0017
919028 026 0011
429020 017 0056
776147 005 0012
776170 022 0026
776156 022 0015
776138 019 0015
772048 014 0019
776143 013 0011
919005A013 0011
776130 010 0013
776164 027 001X
776156 001 0021
776162 009 0010
776167 013 0018
776171 003 0011
769005A001 0643
919027W013 0011
919084 012 0017
766031 015 0010
928022 003 0017
769066 014 0014
776166 021 0016
919005A014 0016
776160 016 0017
377041 016 0012
776085 074 0018
776165 003 0011
850023 037 001X
776170 022 0018
776014 084 0017
776014 089 0010
860011 005 001X
776148 035 0010
924075 002 0014
776144 015 0017
799115W304 0014
919014W032 0010
887109W304 0016
776085 032 0014
429020 017 0048
769005A001 0554
776166 033 0019
921022A044 0018
766027 026 001X
776058 004 0015
769005A001 0384
840001 004 0014
776156 016 0010
921022A014 0017
398065 001 0012
377073 006 0018
887105W301 0033
769005A001 0406
829015 004 0011
776125 008 0012
919007 010 0013
358019 016 0014
921022A005 0018
776165 004 0016
776170 015 0018
776144 001 0015
776014 066 0019
358021 007 0010
776125 004 0014
776166 029 0012
919028 023 0018
776085 037 0017
386012A012 0016
776137 010 0018
921026A036 0019
776125 003 0010
766044 009 0027
776156 019 0013
776156 021 001X
776135 013 0019
776126 012 0015
924040 014 0019
776085 061 001X
776125 013 0013
776126 001 0017
380053 015 0019
776170 023 0012
354003 011 0013
919027W007 0016
919029 018 0013
930001 005 0018
386016 021 0013
776085 103 0016
776142 015 0014
776014 070 0015
429020 017 0072
776220W007B0015
776125 015 0012
776166 020 0011
776166 024 0010
375119 008 0010
776014 069 0012
776166 031 0010
776155 030 0013
860011 004 0016
776156 005 0011
919028 021 0019
829015 002 0012
776085 137 0015
919005A011 0012
776160 017 0011
919020 027 0023
776127 014 001X
776146 021 0015
776156 001 0013
930001 010 0019
769066 017 0018
429020 017 0030
776146 003 0017
776127 020 0016
919027W014 0016
776162 013 0016
776224W302 0011
840007 002 0013
919007 014 0011
761085 013 0040
824028 001 0588
824026 006 0065
824026 006 0081
928013 007 0024
887031 304 0021
776075 001 0021
927011 013 0082
927011 013 009X
850092 003 0269
380072 005 0010
823054 005 0010
824030 011A0204
824030 011A019X
824021 011 0200
824040 011 0140
429047 012 0059
429021 030 0015
799055 004 0013
376042 008 001X
776008B002 1303
776008B002 1311
776008B002 1320
776008B002 1338
772033 027 0019
921011 003 006X
769113W300 0019
927007 001 1518
927007 001 0694
927007 001 0252
927007 001 0350
378033 003 0024
927007 001 1607
927007 001 1780
429003 020 0072
429003 020 0021
429015 026 0035
398025 001 0096
398025 001 0193
358019 030 0014
380075 002 0015
824017 003 0011
417003 005 0013
928008 027 0010
919071 009 001X
776009 102 0013
769113W302 0018
380075 003 0010
776224W310 0016
377034 014 0025
380026 020 0080
106021B002 0175
799059 009 0313
429004 012 009X
429021 042 005X
811016 013 0010
823030 011 0019
799042 010 0014
348020B004 0032
799068 009 0045
799068 009 0029
799068 009 0053
799068 009 0037
823103 002 3598
823103 002 3318
823103 002 3091
823103 002 3628
823103 002 3652
823103 002 3458
823103 002 3636
823103 002 3644
823103 002 318X
823103 002 3610
823103 002 366X
823103 002 3601
348005A001 0016
887001W304 001X
398011 027 0049
348015W025 0021
106023A043 0153
358030 004 0023
380074 001 0022
799061 038 0012
799061 046 0017
799063 008 0049
799063 005 0061
799061 040 0010
799063 005 0070
799061 044 0018
799061 045 0012
799063 006 0066
799063 005 0045
799061 041 0014
799061 043 0013
799061 042 0019
799063 006 0074
799063 006 0023
799063 008 0065
799061 037 0018
799063 006 0082
799063 008 0057
799061 039 0017
799063 005 0029
799063 006 0040
799063 006 0058
799063 006 0031
799063 008 0073
799063 005 0053
799063 005 0088
799063 008 0022
799063 008 003X
799063 005 0037
799063 004 0016
887106W301 008X
429038 005 0246
429038 005 0238
799040 019 0055
386044 013 0136
348009 011 0026
429030 005 0059
919007 023 0029
429028 001 0048
429028 001 0056
824062 002 002X
824062 002 0055
824062 002 0039
824062 002 0047
824062 002 0063
824062 002 0071
919049 015 001X
887106W301 0102
769006 003 0021
429043 017 0056
429040 014 0053
695016A009 0016
376039 012 0016
769117W001 0014
384038 007 0087
919012 004 0011
919012 005 0016
919012 006 001X
919012 003 0017
766002 001 0018
919012 002 0012
919012 001 0018
429028 001 0030
429028 001 0021
377049 006 0222
850055 001 0046
106021B002 0183
850094 007 0022
850008 006 0024
429021 043 0039
429021 034 0013
811016 013 0028
429021 043 002X
429021 043 0047
429021 035 0018
776219W304 0017
928015A002 0013
887106W301 0048
429045 029 0043
772044 022 0018
429003 020 008X
429015 026 0051
429002 015 0016
429006 025 0023
429003 020 0064
695020 005 0026
429015 026 0043
429015 026 0060
429004 020 0010
429004 019 0017
928009 002 0016
928008 026 0015
928009 015A0019
928008 025 001X
928009 016 0018
928009 003 001X
823095 002 0014
799101 002 0016
823012 007 0073
823012 007 0081
823061 017 0019
921011 029 0065
695021 006 0019
429005 014 0070
429027 011 0070
799063 009 0019
799063 013 0015
776225W307 001X
358030 004 0031
919010A001 1566
378033 003 004X
378033 003 0032
378033 003 0059
887106W301 011X
106024D302 0017
410011 017 0013
386021 015 0011
919071 010 0013
380049 009 0016
386034 003 0013
380049 010 0019
774001 021 0010
924015 315 0013
026001 016 0014
968003 004 0010
919007 013 0017
919007 011 0018
919199 001 0827
429058 001 0052
429058 001 0087
429058 001 0079
429058 001 006X
429058 001 0095
429058 001 0036
429058 001 0044
417012 021 0011
919199 001 0517
377012 003 0023
924004 018 001X
398033 015 0015
386005 002 0019
850100 020 0010
398019 007 0018
378015 003 0018
377053 007 0011
429052 003 0045
429052 003 0061
799058 004 002X
429052 003 0070
429052 003 0029
429052 003 0037
348051 016 0017
429052 003 0088
429052 003 0053
386043 004 0017
386043 001 0013
429047 005 0067
398011 015 0062
927007 001 1135
776140W013 0016
776105 010 0019
776161 009 0013
776104 039 001X
776132 022 0019
776161 008 0019
776162 001 0013
875004 028 0020
776105 010 0027
776099 017A0016
776101 011 0018
386034 003 0021
429048 019 0073
850027A004 0019
927024 013 0010
927024 015 0019
927024 016 0013
333003 009 0024
106023A043 0064
375120 001 0016
348004 012 0045
348022B018 0053
380031 020 0024
377049 008 0019
377065 005B0011
348004 012 0061
378051 009 007X
348004 012 0029
378051 009 0062
348004 012 0037
348004 012 0053
924035 030 0022
776008 073 0027
776217W338 0056
776217W338 0021
776217W338 0064
921041 003 0105
921041 003 0024
824083 014 0047
824083 014 0055
921041 003 0067
921041 003 0172
921041 003 0091
850113 014 0019
348042 011A001X
850075 033A0018
799061 026 0010
772024 005 0013
840018 008 0012
860012 015 001X
823057 003 0095
