531094 002 0017
270001 001 0011
106028B015 001X
104078B009 0015
366019 002 0056
836023 008 0010
247004 002 0016
252083 020 0011
104078B010 0018
253101 021 0018
247004 003 001X
807028 019A0014
825009 015 0023
106033A003 0014
252139 032 0010
348010W011 0028
358050W010A001X
270172 012 0019
881003B004 0018
252012 011 0018
104078B013 0011
353062 008 0014
531010 016 0036
104078B007 0016
256022 017 0015
272036 002 0011
035012A060 0035
348004B028 0016
743116 023 0012
270124 004 0010
272005W301 0012
244022 006 0011
270124 048 0012
358034 004 001X
240213W302 0025
728118 008 0012
807086 008A0016
253102 015 0019
366019 002 0064
731055 007 0019
348004B034 0011
252078 019 0015
728115 021 0019
104387W046 0018
106033E012 0012
252089 042A0011
240132 012 0012
731055 008 0013
731055 003 001X
801001 030 0018
240028 012 001X
252012 005 0012
365054 040 0015
365061 022 0013
348010W005 0022
348010W008 0018
106030 007S0017
106028D003 0012
348004B033 0017
104138 354 0013
240213W304 0016
743038 004B0010
270142 001 0014
240213W305 001X
035012A052 0022
240213W303 0011
252083 001 0019
728039 008W0018
035012A060 0060
531094 001 0012
035002A004A0015
731014 022 0015
731014 017 0014
348004B032 0012
366019 002 0072
743017 025B0014
255060 001 0044
106033E012 002X
743038 004B0028
365054 032 0037
358032 009 001X
367003 040 0019
728115 022 0013
104078B015 001X
252012 009 001X
801001 031 0012
353062 007 0028
366014 025P0029
807028 020A0017
820010 003 0012
456042 002 0014
257048A002 0019
253109 007 0019
881002 019 0013
272036 001 0017
253109 007 0078
270124 005 0014
035012A052 0081
367003 044 0017
270172 004 0014
253102 013 0010
531010 016 0028
252012 010 0013
270124 003 0015
801001 029 0015
252012 017 0015
836004 007 0037
353062 008 0022
882003 009 0010
728039 009W0012
728039 010W0015
367003 046 0016
035012A060 0043
243011 011 0017
253093D005 0015
366015 017 0014
252078 013 0018
367003 042 0018
366019 002 0048
254018 004 0013
270134 006 0014
270138 029 001X
035012A060 0086
348010W006 0019
270001 004 0015
104011H302 0111
258064 014A0868
270002 010 0050
106027 006 0681
257030 001 0037
104011H302 0120
270145 024 0014
245094 002B0035
253098 007 0017
106038B033 0014
366019 026 0019
825034A003 2092
825034A003 2106
106125W306 0843
106125W306 0878
106038D001R0026
254019 021 0013
456098W312 0011
245088 001B0057
253103 014 001X
270152 001 0010
263018 001 0022
256028C004 0085
256028C004 0077
256028C004 0042
256028C004 0034
256028C004 0069
256028C004 0093
256028C004 0026
256028C004 0107
256028C004 005X
257044 017 002X
240105 001 027X
106034D029 0017
245107 006A004X
456075 038C0081
253109 051 0052
255041 011A0049
456051 005 0033
531020 301 0897
531020 310 033X
531020 305 0305
255047 006 0083
801014 014 0021
531020 304 0408
531080 024 002X
104074 017 0117
104060 001 0069
258056 003 0012
104060 001 0034
104060 001 0026
244003A301 0016
258066 007C002X
531058 001A0631
531020 312 0062
104229 019 0012
104229 015 0014
255027 019 0080
456097W303 0016
531020 313 0105
348003A026 0013
240122W301 0025
254094W303 0015
254028 007 0012
104210C001 0011
261027 010 0015
255073 014 0011
259001 001 5257
348011W016 0035
240017 014 0018
272001 017 0109
257013 005 0041
731052 019 002X
257013 005 0033
257013 005 0025
258062 009A0040
808022 020 0017
731052 019 0047
731052 019 0055
257013 005 0050
456075 038C0138
456075 038C0111
257082W004 0018
456075 038C0057
253105 003 009X
253124 001 0070
456075 038C0103
456075 038C0120
456075 038C0022
253124 001 0177
456075 038C003X
253124 001 0037
456075 038C0049
456075 038C0065
253105 003 0139
253124 001 0029
104219 004 001X
272032 008 0013
245086 007 0018
456063 012 0015
245097 010A0017
106038D024U0011
059116W301 0013
348017W006 0030
348017W006 0048
106026A001 0043
245104 008A0016
106037C003 0189
106037C003 0120
348017W006 0013
104226 001 0013
104229 001 0012
456086 013 0010
456086 014 0014
027001 004 0015
240042 007 0071
240042 007 0055
240042 007 0063
240042 007 0039
240042 007 0047
240042 007 002X
365076A021 0099
365076A021 0030
365076A021 0048
531105W301 0012
253103 005 0046
531064 301 3044
255033 004 0237
106028A013W0025
104229 021 0010
104226 007 001X
257050C302 0012
253074 013 0016
456013 018 0015
456075 017 0016
456047 018 0017
104118 010 0015
104220 009 0011
257031 022 0019
254012 006 0014
254019 010 0015
738016 008 0013
253121 028A0016
106028C006Y0039
106026 001D0030
106026 001D0072
106026 001D0056
106026 001D0048
106026 001D0064
807016 012 028X
807016 012 0434
807016 012 0566
