959007 016 0013
862023 018 0013
340037 001 0019
981121 012 0018
959007 015 0019
959001 002 0013
981128 002 0019
912041 021 0010
340017 011 0011
959007 017 0018
947093 002 0010
947087 023 0011
959077 042 0014
959007 019 0017
312010A013 0016
942018 019 0015
340014 020 0011
340002 007 0107
942018 018 001X
942018 021 0012
407029 008 0026
942018 020 0018
947120 002 0025
862023 025 0013
864010 004 0014
976014 005 0017
904005 014 0012
959074 016 0012
976014 006 0011
959212W001 0013
959033 001 0018
981082A002D0018
967204W304 0010
340005 005 0018
959127 002 0017
947167W302 0011
959096 022 0011
407030W021 0015
947125 022 0016
959096 015 0011
967052 015 0015
959075 022 0014
942018 024 0016
959007 015 0027
901085 002 0012
947139 001 0015
901085 003 0017
959096 020 0012
407030W023 0014
340009 003 0014
959127 005 001X
959007 020 0010
942069 012 0017
959127 004 0016
959096 016 0016
901513 001 0052
407030W020 001X
865005 012 0019
959074 024 0017
959096 021 0017
959001 004 0012
340021 021 0012
959074 023 0012
947059 020 0014
407020 014 0024
959078 002 0016
407030W022 0010
318002 001 0015
967204W303 0015
967027 022 001X
862023 019 0018
967053 007 0017
967052 016 0010
959001 003 0018
959074 029 0010
981082A002H0010
312021A010 0014
942018 017 0016
912033 012 0018
912041 019 0012
947088 018 0017
959127 006 0015
340012 018 0011
942019 019 0011
912034 016 0012
912004 004 0013
904005 015 0017
929016 016 0018
959007 018 0012
959074 028 0015
981082A005G0018
959077 041 0010
904005 020 0018
959066 004 0211
929048 021 0034
929048 021 0077
981106 002 2573
929046 002 0195
312038 001 2134
981106 002 0139
312033A001 1664
981135W303 0018
967127 003 0012
919110 010 0019
912038 001 0992
947018 008 012X
959218W301 0016
912038 001 0984
929004 029 0017
942006 036 001X
985003 085 0060
981104 048 1363
312001 010 0016
711024 002 0262
711024 002 027X
711024 002 0386
711024 002 0203
711024 002 0343
711024 002 0157
711024 002 0327
711024 002 0220
947158 014 0050
947158 014 1013
942020 005 0018
947100 071 0017
407014 013 0089
912020 010 0979
912020 010 0189
912020 010 0855
912020 010 0669
912020 010 0502
912020 010 034X
912020 010 1134
912027 016 0016
967168 011 0023
967122 015 0013
929045 001 1727
947130A019 0023
947130A019 0031
947134A014 0034
947134A014 0026
947018 001 0935
912006 008 0022
985001 033 0027
942055 028 0017
025002 053 0018
412053 003 0013
412053 002 0019
412053 001 0014
025003W001 001X
025003W019 001X
025001W006 001X
025002W001 0014
025001W001 0018
025002W002 0019
025001W007 0015
025001W002 0012
025001W004 0011
942086 001 0738
947019 001 0044
947019 001 0052
947019 001 006X
751033W301 0012
942028A001A0021
312015 001 0018
947155 003 0010
959109 015 0016
942048 006 0014
942028A001A0030
751003 004 0011
751015 002 0037
751027 008 0016
912029 002 0017
981127 014 0015
933005 017 0025
947024 001 0897
947024 001 0889
889003B002B0035
340006 018 0038
340002 007 022X
942028A001A1877
942028A001A0951
942028A001A185X
942028A001A0072
942028A001A283X
942028A001A2814
942028A001A0056
959017 019A0034
933001 001 0614
711031 001 0787
711031 001 028X
711031 001 0809
711031 001 0582
711031 001 1244
711031 001 1007
711031 001 0302
711031 001 1023
711031 001 0027
711031 001 0604
317008 007 0378
947001 009 0125
942077 001 0135
959058 015D0014
317008 007 0343
317008 007 0386
947101 038 0037
317008 007 0360
959126 015 0018
959117 011 0100
942077 001 0119
942077 001 0127
919111 009 0012
317008 007 0351
947035 024 0083
959101 001 0021
959101 001 0048
967030 028 0035
959101 001 0064
967030 028 0043
967030 028 0027
901088 008 0027
340011 002 0014
929021 003 0014
312026C001 0470
901509 003 0011
981009 009 0020
912020 010 0090
912020 010 0677
912020 010 0715
912020 010 051X
912020 010 0081
912020 010 0235
912020 010 1100
912020 010 0952
912020 010 0049
912020 010 0553
912020 010 0707
912020 010 020X
912020 010 1070
912020 010 0693
912020 010 0529
912020 010 0731
912020 010 0685
912020 010 0057
912020 010 1126
912020 010 0219
912020 010 0545
912020 010 0243
912020 010 0065
912020 010 0073
912020 010 0537
912020 010 0375
912020 010 1096
912020 010 0383
912020 010 1240
912020 010 1266
912020 010 0928
912020 010 1258
912020 010 0561
912020 010 0197
912020 010 1223
912020 010 0022
912020 010 003X
912020 010 0910
912020 010 0901
912020 010 0936
912020 010 0413
912020 010 1118
912020 010 0405
912020 010 0723
912020 010 1282
912020 010 0839
912020 010 0847
912020 010 096X
912020 010 0391
912020 010 1231
912020 010 1274
912020 010 0570
912020 010 1088
912020 010 129X
912020 010 1061
912020 010 0944
912020 010 0251
912020 010 0359
912020 010 0227
912020 010 082X
912020 010 0367
751043 011 0242
751043 003 0639
751042 002 1634
407013 016 0035
967227 004 0020
981069 012 0024
407014 013 0046
407014 013 0038
407014 013 0054
929002 003 0010
942110 018 0014
967069 017 0014
959042 001 0017
407035A010 002X
407035A010 0039
981142W309 0011
981117 001B0013
751043 001 0150
751044 001 1225
959013 012 0015
918002 001 0019
967132 011W0013
947101 036 0011
967132 005W0018
947048 002 0014
959016 007 0013
922007 015 0019
912007 018 0057
312026C001 069X
312026C001 0739
312026C001 0763
312026C001 0682
312026C001 0658
312026C001 0666
942005 002 0015
947158 014 0084
947158 014 0998
947158 014 0980
751043 003 1619
751044 001 2485
751044 001 1144
751043 001 166X
751043 001 1636
751044 001 1365
751043 001 0877
751043 001 0800
751043 003 1201
751044 001 1918
751043 001 1563
751043 003 2062
751043 003 1244
751043 003 059X
751043 001 1288
751044 001 0784
751044 001 0687
751043 001 0559
751044 001 2469
751043 001 0664
751043 001 0931
751043 003 0205
751043 011 1290
751043 002 2084
751043 001 1644
751043 001 0095
751043 001 0842
751043 011 0471
751044 001 2574
751043 001 0281
751044 001 1179
751044 001 1055
751043 001 152X
751043 001 0753
751044 001 052X
751043 011 0480
751043 011 1001
751043 001 1628
751043 001 1482
751043 002 0260
751043 011 0650
751043 001 1555
751043 001 121X
751043 002 0430
751044 001 0288
751043 001 0656
751043 011 0102
751043 001 1032
751044 001 228X
751043 011 0528
751043 003 207X
751043 011 1869
751044 001 1314
751044 001 1241
751043 001 1318
751043 001 0311
751043 003 1465
751043 003 1554
751043 003 0701
751043 002 0294
751043 002 0383
751044 001 0911
751044 001 1276
751044 001 1039
751044 001 0024
751043 001 1008
751043 001 0796
751044 001 1802
751043 002 1673
751044 001 0431
751044 001 0172
751043 001 0494
751043 001 0818
947158 014 0092
751044 001 102X
751043 001 0524
751043 002 0987
751043 002 0308
751043 011 0641
751043 011 0757
751044 001 0679
751043 002 115X
751043 001 1121
751043 011 0579
751043 011 1192
751044 001 2612
751043 003 1805
751043 002 0804
751044 001 1462
751043 011 0226
751043 002 1576
751043 002 1410
751043 002 1312
751044 001 2515
967106 307 0018
751043 002 1487
751043 001 0397
751044 001 1063
751043 002 1363
751043 001 0184
751043 002 1738
751043 003 0574
751043 003 0094
751043 003 2127
751043 003 2011
751044 001 2124
751044 001 1349
751043 001 0044
751043 002 0448
751043 011 1486
751043 011 1028
