487105 008 0011
494177 020 001X
463309W304 0015
486002 026 0012
463027 013 001X
493009 026 0014
487105 002 0014
103092 007 001X
150180A016 0013
855102 003 0017
219067 025 0011
103136 003 0010
550170 012 0011
905020 018 0013
150115A301 0015
494168 012 0017
483618 006 0015
463014 022 0015
244169W301 0018
600138A012 0057
470010 126 0030
494168 009 0015
478073 007 0013
487105 010 0019
234045 014 0018
484006 012 0019
234057 004 0012
171069 303 0015
600138A012 0073
170031 036 0014
484040A008 0013
490046 019 0016
265082 002 0016
486023 036 0013
821202 004 0017
486033 021 0012
484031A002 0017
502004 001 0012
506070 025 0015
720066 003 001X
510038 018 001X
484042A016 001X
171063 014 001X
529015 004 0010
508371W306 0018
502004 003 0011
221010 006 0016
484031A007 0010
494184 001 0014
171063 015 0015
470010 126 0021
483021 005 003X
498073W301 001X
234041 006 0018
494167 008 0014
510011A001 0017
234045 016 0017
600138A012 003X
478053 008 0017
905020 012 0016
483004 020 0017
529015 001 0016
484015 007 0017
103136 006 0013
484044 007 0017
508053W308 0015
463020 002 0018
103088 004 0010
103136 007 0018
486033 006 0018
103092 002 0018
502004 002 0017
104140 006W0025
487105 012 0018
806373W302 0017
487105 006 0012
502006 003 0014
502003 005 0014
463020 006A0011
244107 002 0019
104203B008 0010
506038 015 001X
171038 021 0016
494177 018 0013
905020 010 0017
905020 016 0014
905020 008 0010
484015 007 0025
506069 021 0019
170108 017 0014
484040A006 0014
484008 010 0012
478079 003 0013
463014 021 001X
234056 016 0019
494168 007 0016
493009 007 0011
170038 006 0018
230001 024 0010
494167 010 0011
494004 001 0075
170115 001 0010
484040A003 001X
484058 027 0015
498069 001 0015
171108 001 0017
171006 037 0018
506077 039C0018
463027 018 0013
506093 002 0014
484061 001 0011
234035 015 0017
121363 033 0016
171069 302 001X
486025 010 0011
484040A004 0015
470018 426 0019
244121 017 0018
104203B010 0017
502004 005 001X
244176W309 001X
806012 013 0014
103092 003 0012
219073 015 0018
150006 018 0015
150006 019 0010
103136 005 0019
277094 021 0012
463020 005A0017
234045 015 0012
104175 007 0025
171009 007 0016
487105 014 0017
474147 001 0015
821202 002 0018
039033 032 0011
493009 019 0014
494168 011 0012
484042A015 0016
483007 002 0018
463020 003 0012
493009 013 0017
483021 016 0012
247018 002 0017
483007 022 0015
486025 021 0010
483618 005 001X
470018 427 0013
265082 001 0011
486001 015 0018
484040A007 0019
905020 014 0015
170031 037 0019
905020 020 001X
487105 004 0013
821202 003 0012
171069 304 0010
486036 002A0014
484040A005 0010
502004 004 0016
494174 002 0013
221006 010 0015
483009 002 0029
905020 006 001X
170027 301 0018
234057 006 0011
244024 008 0013
490046 005 0014
463014 023 0010
483009 002 001X
104215 013 0154
104215 013 0057
104215 013 0022
104215 013 0120
104215 013 0138
104215 013 0065
104215 013 0049
104215 013 0146
104215 013 003X
104215 013 0081
104215 013 0111
104215 013 0103
490064 006 1188
234055 023 1914
244094A301 8012
244089A003 0128
508053W301 0030
104202A026A0036
171068 003D0113
171068 004B0613
122174W305 0019
484039 001 0024
508053W317 0014
170071 002A002X
720002 012 0054
510025 009 0017
486002 017 0153
492294 303 001X
483019 023 0077
483019 023 0026
103130 001A0077
103130 001A0069
103130 001A0042
103130 001A0026
103130 001A0034
103130 001A005X
103041 002 0154
485011 001 2878
485011 001 2886
485011 001 1278
485011 001 1260
485011 001 1251
485011 001 294X
485011 001 2932
485011 001 1286
529015 009 002X
529011 001 1114
529011 001 113X
483024 001 3219
491224 004 0388
474158 009 0021
485001B017 0158
170063 001 0249
170063 001 023X
170063 001 054X
170063 001 0451
170063 001 0257
170063 001 0630
170063 001 0443
170063 001 0575
170063 001 0621
170063 001 0150
170063 001 0176
170063 001 0192
170063 001 0516
170063 001 0591
170063 001 0478
170063 001 0435
170063 001 0281
170063 001 0303
170063 001 0389
170063 001 0605
170063 001 0583
170063 001 0222
170063 001 0613
170063 001 0508
170063 001 0648
170063 001 0524
170063 001 0532
170063 001 0354
170063 001 0168
170063 001 0214
170063 001 0460
170063 001 0656
170063 001 0311
170063 001 0273
170063 001 0290
170063 001 040X
170063 001 0338
170063 001 0486
170063 001 0494
170063 001 0184
170063 001 0362
170063 001 0559
170063 001 0320
170063 001 0346
170063 001 0206
170063 001 0427
170063 001 037X
170063 001 0397
170063 001 0265
170063 001 0567
170063 001 0419
103092 006 0016
244001A001P0572
244001A001P2338
244001A001P1234
244001A001P1013
244001A001P2117
244001A001P2559
244001A001P1897
244001A001P0793
244001A001P1676
244001A001P013X
244001A001P2770
244001A001P1455
244001A001P0351
170063 002 1789
170063 002 1797
244068 001 0019
103139 002 0073
103139 002 0049
103139 002 0065
103138 001 0595
103048 002 028X
103139 002 0057
485011 001 3351
506088 301 0886
510024 009 0070
104193 014 0104
104018 012 0036
104149A014 0072
104149A014 0064
510024 009 0029
104145A077Z0012
150143 020 0087
529010 001 0049
529010 001 0154
529010 001 003X
529010 001 0251
529010 001 0235
529010 001 0065
529010 001 020X
529010 001 0286
529010 001 0073
529010 001 0022
529010 001 0227
529010 001 0120
529010 001 0197
529010 001 0111
529010 001 0146
529010 001 0260
529010 001 0057
529010 001 0103
529010 001 0162
529010 001 0081
529010 001 0138
529010 001 0219
529010 001 0243
529010 001 0090
529010 001 017X
529010 001 0189
529010 001 0278
244094A301 8608
600171A006 0237
170051 006 034X
103006 005A0021
103010 009 0030
104202A026A0044
104202A026A0052
103131 001 014X
104202A026A006X
103131 001 0132
034094 036 0029
170107 004 0134
498073 004 0903
498073 004 1012
498073 004 0890
498073 004 0857
498073 004 097X
498073 004 0865
498073 004 0822
498073 004 0938
498073 004 0946
498073 004 0989
478076 003 0022
150110 003 0088
150110 003 0061
508018 032 001X
104149A014 008X
491241 018 0080
720002 012 0151
720002 012 010X
720002 012 0135
720002 012 0062
720002 012 0160
720002 012 0178
720002 012 0119
720002 012 0089
720002 012 0046
720002 012 0097
720002 012 0038
720002 012 0143
720002 012 0020
720002 012 0127
720002 012 007X
486106 006 1585
486106 006 222X
484047 019 0060
498073 004 0873
498073 004 0849
498073 004 1004
498073 004 0881
498073 004 0962
498073 004 0911
498073 004 0954
498073 004 0997
498073 004 083X
498073 004 0920
474061 001 0013
171027 015 0019
171022 019 0040
474009 015 0030
494050 301 0012
170054 008 002X
171049 001 0029
171049 001 0096
855174W301 0017
505057D001 0078
855133 001 0088
510045 001 0135
150180 003 0167
103043 001 0098
486012 012 0229
486012 012 021X
486012 012 0237
486012 012 0245
150180 003 0035
150180 003 0159
150180 003 0043
150180 003 0051
150180 003 014X
103004 007A0036
486012 012 0253
021010 039 0016
835010 001 0249
835010 001 104X
485001B029 0134
171007 028 0074
103039 006 0123
104114A034 0012
103023 009 0018
104203A025A0020
103068 017 0016
855029A007A0019
104202A023A0016
506039 019 0309
494905W301 0054
506004 016B0014
483008 005 0182
483008 005 0140
483008 005 019X
483008 005 0204
483008 005 005X
483008 005 0069
483008 005 0034
483008 005 0174
483008 005 0107
483008 005 0085
483008 005 0093
483008 005 0212
483008 005 0115
483008 005 0166
483008 005 0042
510047 001 0022
483008 005 0123
483008 005 0131
483008 005 0026
483008 005 0077
483008 005 0158
103007 004 0028
103007 004 0036
506065 003 0015
103008 003 0011
510013 009A0014
277131 001 2592
277131 001 3017
277131 001 2401
277131 001 2207
277131 001 0409
277131 001 2398
277131 001 0417
277131 001 2983
277131 001 0182
277131 001 0204
277131 001 0212
277131 001 3009
277131 001 2380
277131 001 2606
277131 001 2991
277131 001 2410
277131 001 019X
277131 001 2185
277131 001 2193
277131 001 2215
277131 001 2584
277131 001 0387
277131 001 0395
277131 001 2614
170033 002 0042
244089A019B0014
170030 001 0090
170033 002 0034
170030 001 0073
170033 002 0077
170030 001 0065
170030 001 003X
170030 001 0022
170030 001 0103
170030 001 0049
170033 002 005X
170033 002 0026
170030 001 0111
170030 001 0057
170033 002 0069
247018A001 0036
171013 026 0075
171013 026 0024
170060 015 047X
277131 001 1804
500013A002 0075
103075 024 0136
170071 002A0039
170105 004 0492
170043 007A0046
103012B001B0023
103012B001B0058
103012B001B0040
103012B001B0066
103012B001B0031
500025A002 0073
234029 023 0062
494187 001 0315
835020A011 0032
506011 020 0059
478010 010 0064
720007 036 0019
835020A011 004X
234029 023 007X
835020A011 0075
720019 011 0050
835020A011 0059
835020A011 0024
720019 011 0033
506011 020 004X
835020A011 0067
720019 011 0041
277059 067 0049
103009 014 004X
103009 014 0032
103009 014 0059
103001A013 0018
234020 004 0011
506017 008 0056
485011 001 0069
507007 011 0021
506068 305 0026
506029 025 0023
103006 005A0013
170011 006 016X
170107 004 0126
247016 301 0014
170030 001 0081
476012 006 0012
506041 004 0030
506041 004 0056
506041 004 0099
506041 004 0072
506041 004 0021
506041 004 0048
506041 004 008X
506041 004 0064
171007 028 0040
171007 028 0082
170020 015 0649
170020 015 0657
529011 001 0061
529011 001 1106
170089 001 0698
170089 001 0710
170089 001 0728
170089 001 0701
600170A013A0198
835010 001 1075
835010 001 0273
150110A001A0146
150110A001A0073
150110A001A0219
150110A001A0103
150110A001A0189
150110A001A0111
150110A001A0227
150110A001A0154
150110A001A0120
150110A001A020X
150110A001A0197
150110A001A0090
150110A001A0162
150110A001A017X
150110A001A0081
478077 013 0014
485005 009 0014
485125W301 0011
103062 016 0013
103082 004 0011
171062 001 0033
478028 007A0013
478086 014 0018
478086 012 0019
104112B004 0083
104112B004 0059
103037 014 0192
103037 014 0206
103037 014 0222
103037 014 0184
103037 014 0214
506061 004 0014
171006 028 0027
486001 008 0395
486001 008 0409
486001 008 0417
104215 013 0090
171003 023 013X
498073 001 2104
498073 001 2139
498073 001 3143
498073 001 002X
498073 001 1094
498073 001 1108
498073 001 1060
498073 001 2171
498073 001 3178
498073 001 0063
498073 001 3186
498073 001 2147
498073 001 3216
498073 001 1132
498073 001 0098
498073 001 0055
