310069 001 0056
295067 061 0035
306354 015 1607
304052 021 0068
315010A001 0073
860008 011 0023
310069 001 0048
807103 020 0013
738058 007 0013
807102 006 0017
412021 036 0191
313044 011 026X
988072 004 0034
412022 001 0062
412022 001 0054
412022 001 010X
412022 001 007X
412022 001 0097
304035 019 0018
304126 008 0236
304016 012 0054
305114 015 0347
278026 007 0185
295065 029 0069
807104 012 0015
807104 010 0016
807104 014 0014
329154W302 0014
295051 049 0308
295051 049 0065
295051 049 0359
295051 049 0391
295051 049 0022
315002 011 0077
295051 049 034X
295051 049 0367
295051 049 0111
295051 049 0405
295051 049 0375
295051 049 0090
295051 049 0332
295051 049 003X
295051 049 0316
295051 049 0324
295051 049 0138
295051 049 0049
295051 049 0120
295051 049 0073
295051 049 0081
930093 012 0087
295051 049 0057
315010A001 0111
295051 049 0103
315023 001 0097
339006 016 0157
278015 031 0012
278015 030 0018
278015 034 0016
278015 029 0015
278015 033 0011
278015 032 0017
809061 001 0021
295070 027 002X
807080 022 002X
809108 044 0026
295011 011 0023
295011 011 0031
309341W301 0026
756043 001 0018
310005 021 6860
310005 021 6983
310005 021 7041
310005 021 7033
310005 021 6851
310005 021 6916
310005 021 6959
310005 021 6843
310005 021 7017
310005 021 6908
310005 021 6886
310005 021 6991
310005 021 7009
310005 021 7025
310005 021 6878
310005 021 6894
310005 021 694X
310005 021 7068
310005 021 6975
310005 021 6967
310005 021 7050
310005 021 6924
310005 021 6932
308007 004 0993
310038 001 0878
325033 042 0014
308011 030 0039
308011 030 002X
308011 030 0055
308011 030 0047
305121 002 0176
325034 034 0016
860005 017 0021
983051 002 0013
339315 028W0015
306354 019 0013
310069 001 0587
308093 037A0318
374301 016 0030
412012 004 0087
308071 063 0010
308076 015 0012
374310 013 0019
749028 045 0014
310004 016 0058
313502B024 0015
278008 021 0012
809030 030 0017
306340 003 0011
304048 022 0022
807013 034 0024
863068B001A1020
863068B001A1038
374019 014 0025
374019 014 0041
309016 001 007X
309016 001 0054
309016 001 0038
310071 001 1421
310071 001 1553
310071 001 1642
310071 001 1693
310071 001 1561
310071 001 1472
310071 001 1618
310071 001 1570
310071 001 1405
310071 001 165X
310071 001 1413
310071 001 1600
310071 001 1588
310071 001 1626
310071 001 1634
310071 001 148X
310071 001 1537
310071 001 1669
310071 001 1391
310071 001 1685
310071 001 1464
310071 001 1677
310071 001 1596
310071 001 1502
310071 001 1448
310071 001 1499
310071 001 1545
310071 001 1456
310071 001 1529
310071 001 1430
310071 001 151X
374019 014 0033
726031 008 0114
313046 009A0091
726032 001A0092
313050 001 0038
295039 001 0030
809116 029 0121
295039 001 008X
412022 012 0095
726032 001A0076
809116 029 0105
295039 001 0056
295039 001 0072
313046 009A0083
295039 001 0048
726032 001A0084
295039 001 0021
313046 009A0105
305032 002 3008
305032 002 3016
305032 002 3024
295064 010 0050
402013 009 0029
988072 003 0013
988078 015 0014
278012 016 0019
309008 016 0015
278012 015 0014
278003 016 0010
278003 018A0014
278003 017 0014
309009 009 0011
278003 020A0011
278003 019A0019
304051 014 0070
809030 029 0014
313503C005 0016
304096 008 0523
309016 001 0135
305156 005 007X
309338 015A1144
305096 005 0027
305096 005 0060
305096 005 0094
305096 005 0043
305096 005 0051
305096 005 0035
305096 005 0078
305096 005 0086
304631W307 0023
956031 014 0011
956032 003 0010
412008 016 0058
412008 016 0066
412008 016 0023
412008 016 0031
412008 016 0082
412008 016 0040
878002 025 0016
412008 016 0074
278023 001A0028
304070 012 0580
304070 012 0610
304070 012 0628
304070 012 0644
304070 012 0547
304070 012 0598
304070 012 0601
304070 012 0636
304070 012 0563
304070 012 0571
304070 012 0555
881010 028B0016
310071 001 1383
305165 006 0031
412084W304 0019
325051 003 0012
325051 009 0010
310071 001 1006
310071 001 0948
306354 015 1194
339045 008 0131
339045 008 0042
339045 008 0140
339045 008 0115
339045 008 0123
339045 008 0107
339045 008 0069
339045 008 0077
339045 008 0093
339045 008 0158
306354 015 1186
306354 015 1178
339045 008 0212
339045 008 0204
339045 008 0174
339045 008 0182
339045 008 005X
339045 008 019X
339045 008 0166
304015 020A0368
304015 020A0341
807108 024 0013
313502B023 001X
809119 027B0017
313502B022 0016
809119 027A0011
881012 004 0012
329002 032 0012
325023 004 0013
329088 009 0015
315018 011 0011
744023 002 0016
329055 007 001X
329156W005A0011
809020 043 0019
809145 006 0015
295060 005 0959
725083W305 0026
725083W305 0042
374307 001 1372
374307 001 0813
374307 001 205X
374307 001 1933
374307 001 1518
374307 001 0392
374307 001 1798
374307 001 1658
374307 001 0112
374307 001 0678
374307 001 0538
374307 001 0252
374307 001 1097
374307 001 2115
374307 001 1232
374307 001 0953
418002 009 0019
988085 008 001X
306003A016 006X
306003A016 0052
306003A016 0036
306351 008 0024
306003A016 0079
306340 001 0012
306003A016 0044
306003A016 0028
309338 015A3210
308076 001 0029
374307 001 2123
295025 030 1627
295025 030 2020
295025 030 2399
295025 030 2402
