958008 005 0018
908088 012 001X
890047 013 0014
979166W318 0018
979166W323 0019
995062 016 0012
969159 318 0010
890036 009 0024
915091 003 0010
904007 021 0015
904007 022 0010
979169W312 0010
979163W306 0016
971088 014 0011
915117 013 0012
915034 003 0016
939009 016 0010
972030A028 0016
863018 033 0018
863005A003 0010
915116 026 0013
979066 010 0019
979165W304 0010
995062 018 0011
979169W309 0018
888024W325 0016
863008 034 0017
957130 008 0018
915092 013 0010
320043 023 0019
904001 008 0011
957130 009 0012
957140 013 0014
320045 021 0012
988093 009 0018
957139 007 001X
995062 014 0013
863005A005 0019
957129 008 0010
890047 006 0014
888017A301 0018
925122A028 0018
957140 017 0012
970025 005 0017
915104 032 001X
995062 019 0016
863005A002 0015
915091 008 0012
915034 002 0011
915117 015 0011
957138 014 0014
958010 008 0016
989002 004 0013
904004 006 0011
971050B016 0018
975045 004 0011
957130 016 0012
975026 019 0013
979022A027 0014
925005 005 0013
975036 015 001X
979011 022 0012
957139 009 0010
971088 017 0015
957139 010 0012
915024 014 0019
957130 007 0013
969095 008 0013
915102 006 0015
979165W313 0019
979170W306 0012
957129 017 0019
915085 009 0017
995062 020 0019
988102 016B0018
995062 022 0018
925005 002 0010
320043 021 0010
969160 007 0015
979163W310 0012
925001 008 0011
957137 005 0019
320069 002 0016
908088 018 0018
863005A004 0014
908027 024 0014
957137 003 0010
925122A005A0012
888017A302 0039
970064 004 0018
995062 023 0012
320061 023 0041
320009 018 0014
971088 013 0017
958007 010 0012
938079 010 0017
915117 012 0018
915117 014 0017
915117 023 0016
969029 006 0011
908065 046 0028
958011 003 0010
969160 009 0014
915085 017 0011
915102 005 001X
957137 006 0013
979165W309 0012
915054A012 0021
908026 004 001X
915093 011 0017
320055 017 0011
979066 009 0024
979009 015 0018
957129 018 0013
970036 010 0010
904007 016 0014
917067 005 0018
904007 021 0023
979163W307 001X
948001 018 0012
969013 016 0011
915085 016 0017
971088 015 0016
979169W308 0013
995062 010 0015
958012 003 0016
979009B009 0017
957140 020 0014
979009 016 0012
904007 020 001X
908019 004 0014
925002 016 0012
958007 015 0015
888036W315 001X
320073 019 0019
957137 002 0015
915035 012 0011
957131 018 0018
915026 017 0015
957139 008 0015
958006 015 0019
958006 016 0013
975036 016 0015
958006 010 0016
320034 011 0017
957137 007 0018
957131 016 0019
958012 004 001X
979166W322 0014
957130 018 0011
969168W303 0016
975045 003 0017
975053 007 0018
995062 021 0013
979008A010 0016
915104 033 0015
995062 017 0017
957129 016 0014
908020 010 0018
320061 025 0032
970046 013 0019
957137 004 0014
979170W301 0010
908024 035 0013
979166W316 0019
971088 016 001X
957129 007 0015
971088 020 0017
320042 027 001X
957138 018 0012
965011 003 0017
969160 008 0010
925005 004 0019
320075 027 0016
939045 001 0010
915102 003 0011
957138 013 0010
988093 008 0013
988094 018 0013
979009 014 0013
925005 003 0014
957137 001 001X
890010 001 001X
979165W305 0014
969168W305 0015
969030 025A0018
957136 005 0012
957131 017 0013
988011 014 0012
971088 012 0012
938009 015 0011
917063 302 0013
908041 015 0018
969172W302 0019
938081 005 0797
957007 301 0154
873002 021 0010
890030 022 1583
890030 022 1907
888036W323 0015
917063 308 001X
938081 013 0082
873012 008 0010
873012 004 0011
915086 017 0018
915042 006 0012
863121 014 001X
988114 006 0020
957038 301 4551
915052A009 0019
915079A007 0015
971021 001 030X
971023 001 0206
971021 001 0319
971023 001 0290
910051 010 0087
910051 010 0028
890030 022 0366
890030 022 0234
890030 022 0048
890030 022 0021
890030 022 1010
890030 022 0773
890030 022 0030
890030 022 0960
949007 001 1023
908056 039 001X
908056 041 0018
957038 301 5825
320021 001 0230
320021 001 0671
320021 001 0051
989001 003 002X
979162W309 0013
969170 001 0048
969171 002 0081
969171 001 1199
969171 001 0087
915109 024 0018
988125 019 001X
908018 017 0015
915080A019W0019
915099 004 0015
988115 029 0027
998015 014 004X
998015 014 0024
988144 010 0022
863014 010 0470
957018 001 0135
998019 001 0014
320021 001 0507
863101 021 0010
917062 005 0016
995058 011A0018
888007 038 0030
915052A016 0019
915052A010 0011
915052A011 0016
988092 004 0027
988007 003 0017
988007 002 0012
957146W305 0016
995112W304 0015
971021 001 0220
971021 001 0327
971023 001 0320
971021 001 0076
910058W303 0063
910047 014 368X
938081 013 0694
320046 021 0094
320046 021 0086
888004 024 0080
888004 024 0101
888004 024 0136
888004 024 0055
888004 024 0047
888004 024 0110
888004 024 0098
888004 024 0071
888004 024 0128
888004 024 0063
910017 020 0028
971081B018 0346
