77 72 82 92 94 #UTIL: 1043092
77 82 92 94 #UTIL: 1068234
63 73 72 82 92 94 #UTIL: 1019636
63 73 82 92 94 #UTIL: 1024215
63 72 82 92 94 #UTIL: 1143994
63 82 92 94 #UTIL: 1192153
88 83 72 82 92 94 #UTIL: 1064641
88 83 82 92 94 #UTIL: 1159944
88 87 82 92 94 #UTIL: 1072684
88 46 82 92 94 #UTIL: 1075735
88 95 73 82 92 94 #UTIL: 1016594
88 95 74 82 92 94 #UTIL: 1041024
88 95 72 82 92 94 #UTIL: 1091810
88 95 82 93 92 94 #UTIL: 1015696
88 95 82 92 #UTIL: 1025173
88 95 82 92 94 #UTIL: 1300508
88 73 74 72 82 92 94 #UTIL: 1008908
88 73 74 82 92 94 #UTIL: 1015091
88 73 72 82 92 94 #UTIL: 1115603
88 73 82 92 94 #UTIL: 1190121
88 74 72 82 92 94 #UTIL: 1171294
88 74 82 93 92 94 #UTIL: 1001880
88 74 82 92 94 #UTIL: 1255180
88 72 82 93 92 94 #UTIL: 1115479
88 72 82 92 #UTIL: 1088234
88 72 82 92 94 #UTIL: 1364671
88 82 93 92 94 #UTIL: 1206122
88 82 92 #UTIL: 1235785
88 82 92 94 #UTIL: 1564317
88 82 94 #UTIL: 1110443
88 92 94 #UTIL: 1030820
75 83 73 72 82 92 94 #UTIL: 1036451
75 83 72 82 92 94 #UTIL: 1120860
75 83 82 92 94 #UTIL: 1152728
75 95 72 82 92 94 #UTIL: 1020978
75 95 82 92 94 #UTIL: 1108442
75 73 74 72 82 92 94 #UTIL: 1053649
75 73 72 82 93 92 94 #UTIL: 1081059
75 73 72 82 92 94 #UTIL: 1217750
75 73 82 93 92 94 #UTIL: 1051968
75 73 82 92 94 #UTIL: 1187299
75 74 72 82 92 94 #UTIL: 1115825
75 74 82 92 94 #UTIL: 1124836
75 72 82 93 92 94 #UTIL: 1080832
75 72 82 92 #UTIL: 1071943
75 72 82 92 94 #UTIL: 1338755
75 72 82 94 #UTIL: 1032360
75 82 93 92 94 #UTIL: 1150788
75 82 92 #UTIL: 1133877
75 82 92 94 #UTIL: 1426541
75 82 94 #UTIL: 1085586
76 95 82 92 94 #UTIL: 1111153
76 73 74 82 92 94 #UTIL: 1007365
76 73 72 82 92 94 #UTIL: 1058770
76 73 82 92 94 #UTIL: 1085555
76 74 72 82 92 94 #UTIL: 1132646
76 74 82 93 92 94 #UTIL: 1026207
76 74 82 92 94 #UTIL: 1205891
76 72 82 93 92 94 #UTIL: 1041664
76 72 82 92 #UTIL: 1016674
76 72 82 92 94 #UTIL: 1254863
76 82 93 92 94 #UTIL: 1130022
76 82 92 #UTIL: 1169031
76 82 92 94 #UTIL: 1446049
76 82 94 #UTIL: 1085645
76 92 94 #UTIL: 1054076
38 86 87 82 92 94 #UTIL: 1044131
38 86 82 92 94 #UTIL: 1082685
38 64 82 92 94 #UTIL: 1042864
38 83 87 95 82 92 94 #UTIL: 1003169
38 83 87 82 92 94 #UTIL: 1045868
38 83 95 82 92 94 #UTIL: 1059032
38 83 73 82 92 94 #UTIL: 1010939
38 83 72 82 92 94 #UTIL: 1115710
38 83 82 93 92 94 #UTIL: 1003583
38 83 82 92 #UTIL: 1045463
38 83 82 92 94 #UTIL: 1268748
38 87 46 95 82 92 94 #UTIL: 1065779
38 87 46 82 92 94 #UTIL: 1042841
38 87 95 73 82 93 92 94 #UTIL: 1004389
38 87 95 73 82 92 94 #UTIL: 1158698
38 87 95 74 82 92 94 #UTIL: 1030743
38 87 95 72 82 93 92 94 #UTIL: 1004987
38 87 95 72 82 92 94 #UTIL: 1126834
38 87 95 82 93 92 94 #UTIL: 1201799
38 87 95 82 92 #UTIL: 1169695
38 87 95 82 92 94 #UTIL: 1433379
38 87 95 82 94 #UTIL: 1024356
38 87 73 82 92 94 #UTIL: 1182411
38 87 74 82 92 94 #UTIL: 1039513
38 87 72 82 92 94 #UTIL: 1190645
38 87 82 93 92 94 #UTIL: 1185138
38 87 82 92 #UTIL: 1202218
38 87 82 92 94 #UTIL: 1479714
38 87 82 94 #UTIL: 1051602
38 65 82 92 94 #UTIL: 1087340
38 47 72 82 92 94 #UTIL: 1002545
38 47 82 92 94 #UTIL: 1076024
38 46 95 73 82 92 94 #UTIL: 1068132
38 46 95 72 82 92 94 #UTIL: 1083931
38 46 95 82 93 92 94 #UTIL: 1121403
38 46 95 82 92 94 #UTIL: 1251284
38 46 73 72 82 92 94 #UTIL: 1033229
38 46 73 82 93 92 94 #UTIL: 1067785
38 46 73 82 92 94 #UTIL: 1177012
38 46 72 82 93 92 94 #UTIL: 1085515
38 46 72 82 92 94 #UTIL: 1219815
38 46 82 93 92 94 #UTIL: 1214303
38 46 82 92 #UTIL: 1067072
38 46 82 92 94 #UTIL: 1386398
38 95 73 72 82 92 94 #UTIL: 1070451
38 95 73 82 93 92 94 #UTIL: 1140530
38 95 73 82 92 #UTIL: 1008985
38 95 73 82 92 94 #UTIL: 1299647
38 95 74 72 82 92 94 #UTIL: 1042206
38 95 74 82 93 92 94 #UTIL: 1033650
38 95 74 82 92 94 #UTIL: 1215337
38 95 72 82 93 92 94 #UTIL: 1155907
38 95 72 82 92 #UTIL: 1019455
38 95 72 82 92 94 #UTIL: 1308181
38 95 82 93 92 #UTIL: 1066366
38 95 82 93 92 94 #UTIL: 1375860
38 95 82 92 #UTIL: 1281382
38 95 82 92 94 #UTIL: 1643137
38 95 82 94 #UTIL: 1121031
38 95 92 94 #UTIL: 1074418
38 73 74 72 82 92 94 #UTIL: 1029015
38 73 74 82 92 94 #UTIL: 1115814
38 73 72 82 93 92 94 #UTIL: 1092012
38 73 72 82 92 94 #UTIL: 1252900
38 73 82 93 92 94 #UTIL: 1252518
38 73 82 92 #UTIL: 1137279
38 73 82 92 94 #UTIL: 1465574
38 73 82 94 #UTIL: 1015144
38 74 72 82 93 92 94 #UTIL: 1059189
38 74 72 82 92 94 #UTIL: 1203722
38 74 82 93 92 94 #UTIL: 1150216
38 74 82 92 #UTIL: 1052811
38 74 82 92 94 #UTIL: 1353529
38 72 82 93 92 94 #UTIL: 1279899
38 72 82 92 #UTIL: 1218294
38 72 82 92 94 #UTIL: 1549717
38 72 82 94 #UTIL: 1090917
38 82 93 92 #UTIL: 1153300
38 82 93 92 94 #UTIL: 1496041
38 82 93 94 #UTIL: 1019563
38 82 92 #UTIL: 1463169
38 82 92 94 #UTIL: 1874615
38 82 94 #UTIL: 1301294
38 92 94 #UTIL: 1141845
86 36 87 82 92 94 #UTIL: 1031172
86 36 95 82 92 94 #UTIL: 1028963
86 36 82 92 94 #UTIL: 1087037
86 64 82 92 94 #UTIL: 1021101
86 97 87 95 82 92 94 #UTIL: 1046206
86 97 87 72 82 92 94 #UTIL: 1003106
86 97 87 82 92 94 #UTIL: 1094513
86 97 95 82 92 94 #UTIL: 1072236
86 97 72 82 92 94 #UTIL: 1016854
86 97 82 92 94 #UTIL: 1118705
86 83 87 95 73 72 82 92 94 #UTIL: 1065278
86 83 87 95 73 82 92 #UTIL: 1068060
86 83 87 95 73 82 92 94 #UTIL: 1199897
86 83 87 95 74 72 82 92 94 #UTIL: 1016423
86 83 87 95 74 82 92 #UTIL: 1055585
86 83 87 95 74 82 92 94 #UTIL: 1176808
86 83 87 95 72 82 93 92 94 #UTIL: 1028254
86 83 87 95 72 82 92 #UTIL: 1102741
86 83 87 95 72 82 92 94 #UTIL: 1243004
86 83 87 95 72 82 94 #UTIL: 1023609
86 83 87 95 82 #UTIL: 1075884
86 83 87 95 82 93 92 #UTIL: 1073617
86 83 87 95 82 93 92 94 #UTIL: 1205902
86 83 87 95 82 92 #UTIL: 1340481
86 83 87 95 82 92 94 #UTIL: 1508042
86 83 87 95 82 94 #UTIL: 1243445
86 83 87 73 72 82 92 94 #UTIL: 1083833
86 83 87 73 82 93 92 94 #UTIL: 1002797
86 83 87 73 82 92 #UTIL: 1074127
86 83 87 73 82 92 94 #UTIL: 1212424
86 83 87 73 82 94 #UTIL: 1007526
86 83 87 74 72 82 92 94 #UTIL: 1068950
86 83 87 74 82 93 92 94 #UTIL: 1008240
86 83 87 74 82 92 #UTIL: 1091442
86 83 87 74 82 92 94 #UTIL: 1223089
86 83 87 74 82 94 #UTIL: 1007215
86 83 87 72 82 93 92 94 #UTIL: 1070812
86 83 87 72 82 92 #UTIL: 1138703
86 83 87 72 82 92 94 #UTIL: 1289390
86 83 87 72 82 94 #UTIL: 1056328
86 83 87 82 #UTIL: 1087855
86 83 87 82 93 92 #UTIL: 1103732
86 83 87 82 93 92 94 #UTIL: 1243110
86 83 87 82 93 94 #UTIL: 1012405
86 83 87 82 92 #UTIL: 1366119
86 83 87 82 92 94 #UTIL: 1544104
86 83 87 82 94 #UTIL: 1265840
86 83 46 82 92 94 #UTIL: 1055855
86 83 95 73 72 82 92 94 #UTIL: 1059887
86 83 95 73 82 92 #UTIL: 1050898
86 83 95 73 82 92 94 #UTIL: 1187157
86 83 95 74 72 82 92 94 #UTIL: 1015891
86 83 95 74 82 92 #UTIL: 1036760
86 83 95 74 82 92 94 #UTIL: 1164244
86 83 95 72 82 93 92 94 #UTIL: 1026809
86 83 95 72 82 92 #UTIL: 1121526
86 83 95 72 82 92 94 #UTIL: 1272094
86 83 95 72 82 94 #UTIL: 1035019
86 83 95 82 #UTIL: 1059815
86 83 95 82 93 92 #UTIL: 1057258
86 83 95 82 93 92 94 #UTIL: 1193965
86 83 95 82 92 #UTIL: 1342092
86 83 95 82 92 94 #UTIL: 1519958
86 83 95 82 94 #UTIL: 1237681
86 83 73 74 82 92 94 #UTIL: 1049481
86 83 73 72 82 93 92 94 #UTIL: 1047758
86 83 73 72 82 92 #UTIL: 1069291
86 83 73 72 82 92 94 #UTIL: 1211114
86 83 73 72 82 94 #UTIL: 1017055
86 83 73 82 93 92 #UTIL: 1007310
86 83 73 82 93 92 94 #UTIL: 1135472
86 83 73 82 92 #UTIL: 1173235
86 83 73 82 92 94 #UTIL: 1328011
86 83 73 82 94 #UTIL: 1106104
86 83 74 72 82 93 92 94 #UTIL: 1007903
86 83 74 72 82 92 #UTIL: 1065253
86 83 74 72 82 92 94 #UTIL: 1199135
86 83 74 82 93 92 94 #UTIL: 1116252
86 83 74 82 92 #UTIL: 1186932
86 83 74 82 92 94 #UTIL: 1336897
86 83 74 82 94 #UTIL: 1104952
86 83 72 82 #UTIL: 1020731
86 83 72 82 93 92 #UTIL: 1075863
86 83 72 82 93 92 94 #UTIL: 1215370
86 83 72 82 92 #UTIL: 1282080
86 83 72 82 92 94 #UTIL: 1458654
86 83 72 82 94 #UTIL: 1197305
86 83 82 #UTIL: 1189676
86 83 82 93 92 #UTIL: 1219135
86 83 82 93 92 94 #UTIL: 1381118
86 83 82 93 94 #UTIL: 1129758
86 83 82 92 #UTIL: 1498733
86 83 82 92 94 #UTIL: 1705541
86 83 82 94 #UTIL: 1396484
86 87 65 82 92 94 #UTIL: 1039028
86 87 47 95 72 82 92 94 #UTIL: 1034631
86 87 47 95 82 92 94 #UTIL: 1100181
86 87 47 73 82 92 94 #UTIL: 1019357
86 87 47 72 82 92 94 #UTIL: 1071515
86 87 47 82 92 94 #UTIL: 1145149
86 87 46 95 73 82 92 94 #UTIL: 1028980
86 87 46 95 72 82 92 94 #UTIL: 1090841
86 87 46 95 82 93 92 94 #UTIL: 1032746
86 87 46 95 82 92 #UTIL: 1037818
86 87 46 95 82 92 94 #UTIL: 1193356
86 87 46 73 82 92 94 #UTIL: 1007492
86 87 46 72 82 92 94 #UTIL: 1091325
86 87 46 82 93 92 94 #UTIL: 1029929
86 87 46 82 92 #UTIL: 1051661
86 87 46 82 92 94 #UTIL: 1217079
86 87 95 73 74 82 92 94 #UTIL: 1089190
86 87 95 73 72 82 93 92 94 #UTIL: 1063036
86 87 95 73 72 82 92 #UTIL: 1121414
86 87 95 73 72 82 92 94 #UTIL: 1283297
86 87 95 73 72 82 94 #UTIL: 1020729
86 87 95 73 82 93 92 #UTIL: 1017843
86 87 95 73 82 93 92 94 #UTIL: 1163984
86 87 95 73 82 92 #UTIL: 1260598
86 87 95 73 82 92 94 #UTIL: 1440881
86 87 95 73 82 94 #UTIL: 1141871
86 87 95 74 72 82 92 #UTIL: 1079741
86 87 95 74 72 82 92 94 #UTIL: 1221398
86 87 95 74 82 93 92 94 #UTIL: 1118623
86 87 95 74 82 92 #UTIL: 1272916
86 87 95 74 82 92 94 #UTIL: 1441027
86 87 95 74 82 94 #UTIL: 1158003
86 87 95 72 82 #UTIL: 1027892
86 87 95 72 82 93 92 #UTIL: 1075646
86 87 95 72 82 93 92 94 #UTIL: 1229744
86 87 95 72 82 92 #UTIL: 1352678
86 87 95 72 82 92 94 #UTIL: 1548297
86 87 95 72 82 94 #UTIL: 1223511
86 87 95 82 #UTIL: 1287440
86 87 95 82 93 92 #UTIL: 1283532
86 87 95 82 93 92 94 #UTIL: 1467510
86 87 95 82 93 94 #UTIL: 1150977
86 87 95 82 92 #UTIL: 1683423
86 87 95 82 92 94 #UTIL: 1924367
86 87 95 82 94 #UTIL: 1528384
86 87 95 92 94 #UTIL: 1079516
86 87 73 74 72 82 92 94 #UTIL: 1006107
86 87 73 74 82 92 94 #UTIL: 1094500
86 87 73 72 82 93 92 94 #UTIL: 1070013
86 87 73 72 82 92 #UTIL: 1166161
86 87 73 72 82 92 94 #UTIL: 1340351
86 87 73 72 82 94 #UTIL: 1070558
86 87 73 82 93 92 #UTIL: 1014312
86 87 73 82 93 92 94 #UTIL: 1165744
86 87 73 82 92 #UTIL: 1297089
86 87 73 82 92 94 #UTIL: 1489679
86 87 73 82 94 #UTIL: 1183444
86 87 74 72 82 93 92 94 #UTIL: 1012759
86 87 74 72 82 92 #UTIL: 1104731
86 87 74 72 82 92 94 #UTIL: 1256812
86 87 74 82 #UTIL: 1010499
86 87 74 82 93 92 #UTIL: 1016972
86 87 74 82 93 92 94 #UTIL: 1155031
86 87 74 82 92 #UTIL: 1310183
86 87 74 82 92 94 #UTIL: 1490884
86 87 74 82 94 #UTIL: 1191200
86 87 72 82 #UTIL: 1074254
86 87 72 82 93 92 #UTIL: 1103665
86 87 72 82 93 92 94 #UTIL: 1267018
86 87 72 82 92 #UTIL: 1416607
86 87 72 82 92 94 #UTIL: 1628497
86 87 72 82 94 #UTIL: 1286144
86 87 82 #UTIL: 1398113
86 87 82 93 92 #UTIL: 1320770
86 87 82 93 92 94 #UTIL: 1510225
86 87 82 93 94 #UTIL: 1176479
86 87 82 92 #UTIL: 1796306
86 87 82 92 94 #UTIL: 2046092
86 87 82 94 #UTIL: 1622267
86 87 92 94 #UTIL: 1113348
86 65 95 82 92 94 #UTIL: 1052250
86 65 72 82 92 94 #UTIL: 1112228
86 65 82 92 #UTIL: 1053540
86 65 82 92 94 #UTIL: 1207891
86 47 95 73 82 92 94 #UTIL: 1000645
86 47 95 72 82 92 94 #UTIL: 1071960
86 47 95 82 92 94 #UTIL: 1133974
86 47 73 72 82 92 94 #UTIL: 1008446
86 47 73 82 92 94 #UTIL: 1034594
86 47 72 82 92 94 #UTIL: 1112387
86 47 82 92 #UTIL: 1014646
86 47 82 92 94 #UTIL: 1188382
86 46 95 73 82 92 94 #UTIL: 1025648
86 46 95 72 82 92 94 #UTIL: 1126609
86 46 95 82 93 92 94 #UTIL: 1023356
86 46 95 82 92 #UTIL: 1078243
86 46 95 82 92 94 #UTIL: 1253858
86 46 73 72 82 92 94 #UTIL: 1009195
86 46 73 82 92 94 #UTIL: 1077454
86 46 72 82 93 92 94 #UTIL: 1017999
86 46 72 82 92 #UTIL: 1028704
86 46 72 82 92 94 #UTIL: 1199723
86 46 82 93 92 94 #UTIL: 1099918
86 46 82 92 #UTIL: 1153503
86 46 82 92 94 #UTIL: 1348843
86 46 82 94 #UTIL: 1021929
86 95 73 74 72 82 92 94 #UTIL: 1001190
86 95 73 74 82 92 94 #UTIL: 1102676
86 95 73 72 82 93 92 94 #UTIL: 1107185
86 95 73 72 82 92 #UTIL: 1150805
86 95 73 72 82 92 94 #UTIL: 1332734
86 95 73 72 82 94 #UTIL: 1035455
86 95 73 82 93 92 #UTIL: 1041802
86 95 73 82 93 92 94 #UTIL: 1203271
86 95 73 82 92 #UTIL: 1292976
86 95 73 82 92 94 #UTIL: 1494366
86 95 73 82 94 #UTIL: 1156382
86 95 74 72 82 92 #UTIL: 1104899
86 95 74 72 82 92 94 #UTIL: 1264680
86 95 74 82 93 92 94 #UTIL: 1099268
86 95 74 82 92 #UTIL: 1310949
86 95 74 82 92 94 #UTIL: 1500899
86 95 74 82 94 #UTIL: 1182916
86 95 72 82 #UTIL: 1076258
86 95 72 82 93 92 #UTIL: 1106366
86 95 72 82 93 92 94 #UTIL: 1278915
86 95 72 82 92 #UTIL: 1456281
86 95 72 82 92 94 #UTIL: 1686578
86 95 72 82 94 #UTIL: 1306555
86 95 82 #UTIL: 1333756
86 95 82 93 92 #UTIL: 1308743
86 95 82 93 92 94 #UTIL: 1512326
86 95 82 93 94 #UTIL: 1161866
86 95 82 92 #UTIL: 1799705
86 95 82 92 94 #UTIL: 2080196
86 95 82 94 #UTIL: 1614247
86 95 92 94 #UTIL: 1166963
86 73 74 72 82 92 94 #UTIL: 1135196
86 73 74 82 92 #UTIL: 1073376
86 73 74 82 92 94 #UTIL: 1227264
86 73 72 82 93 92 #UTIL: 1073199
86 73 72 82 93 92 94 #UTIL: 1237316
86 73 72 82 92 #UTIL: 1300475
86 73 72 82 92 94 #UTIL: 1506768
86 73 72 82 94 #UTIL: 1193053
86 73 82 #UTIL: 1075393
86 73 82 93 92 #UTIL: 1145023
86 73 82 93 92 94 #UTIL: 1323840
86 73 82 93 94 #UTIL: 1029943
86 73 82 92 #UTIL: 1429813
86 73 82 92 94 #UTIL: 1655567
86 73 82 94 #UTIL: 1301147
86 74 72 82 93 92 #UTIL: 1002607
86 74 72 82 93 92 94 #UTIL: 1128160
86 74 72 82 92 #UTIL: 1247118
86 74 72 82 92 94 #UTIL: 1418671
86 74 72 82 94 #UTIL: 1124046
86 74 82 #UTIL: 1112483
86 74 82 93 92 #UTIL: 1106929
86 74 82 93 92 94 #UTIL: 1253699
86 74 82 92 #UTIL: 1457352
86 74 82 92 94 #UTIL: 1662256
86 74 82 94 #UTIL: 1318402
86 72 82 #UTIL: 1237672
86 72 82 93 92 #UTIL: 1271600
86 72 82 93 92 94 #UTIL: 1458499
86 72 82 93 94 #UTIL: 1135292
86 72 82 92 #UTIL: 1647169
86 72 82 92 94 #UTIL: 1899088
86 72 82 94 #UTIL: 1490606
86 72 92 94 #UTIL: 1076437
86 82 #UTIL: 1558244
86 82 93 #UTIL: 1101497
86 82 93 92 #UTIL: 1484612
86 82 93 92 94 #UTIL: 1703969
86 82 93 94 #UTIL: 1322401
86 82 92 #UTIL: 2044929
86 82 92 94 #UTIL: 2346312
86 82 94 #UTIL: 1836494
86 92 94 #UTIL: 1290247
36 83 87 95 82 92 94 #UTIL: 1018853
36 83 87 82 92 94 #UTIL: 1092379
36 83 95 82 92 94 #UTIL: 1107926
36 83 74 82 92 94 #UTIL: 1042342
36 83 72 82 92 94 #UTIL: 1106290
36 83 82 92 94 #UTIL: 1235696
36 87 95 73 82 92 94 #UTIL: 1130099
36 87 95 74 82 92 94 #UTIL: 1113042
36 87 95 72 82 92 94 #UTIL: 1180880
36 87 95 82 93 92 94 #UTIL: 1095608
36 87 95 82 92 #UTIL: 1153144
36 87 95 82 92 94 #UTIL: 1427018
36 87 95 82 94 #UTIL: 1030982
36 87 73 72 82 92 94 #UTIL: 1001668
36 87 73 82 92 94 #UTIL: 1137190
36 87 74 72 82 92 94 #UTIL: 1005411
36 87 74 82 92 94 #UTIL: 1162759
36 87 72 82 92 #UTIL: 1001399
36 87 72 82 92 94 #UTIL: 1250061
36 87 82 93 92 94 #UTIL: 1120326
36 87 82 92 #UTIL: 1204706
36 87 82 92 94 #UTIL: 1502666
36 87 82 94 #UTIL: 1080950
36 65 95 72 82 92 94 #UTIL: 1014148
36 65 95 82 92 94 #UTIL: 1076935
36 65 73 72 82 92 94 #UTIL: 1008471
36 65 73 82 92 94 #UTIL: 1046205
36 65 74 72 82 92 94 #UTIL: 1031030
36 65 74 82 92 94 #UTIL: 1036003
36 65 72 82 92 94 #UTIL: 1137153
36 65 82 92 94 #UTIL: 1192663
36 47 95 73 72 82 92 94 #UTIL: 1003667
36 47 95 73 82 92 94 #UTIL: 1004387
36 47 95 72 82 92 94 #UTIL: 1079739
36 47 95 82 92 94 #UTIL: 1090426
36 47 73 72 82 92 94 #UTIL: 1012407
36 47 73 82 92 94 #UTIL: 1009534
36 47 72 82 92 94 #UTIL: 1083024
36 47 82 92 94 #UTIL: 1088994
36 46 95 73 72 82 92 94 #UTIL: 1026041
36 46 95 73 82 92 94 #UTIL: 1082686
36 46 95 74 72 82 92 94 #UTIL: 1018188
36 46 95 74 82 92 94 #UTIL: 1066961
36 46 95 72 82 93 92 94 #UTIL: 1060525
36 46 95 72 82 92 94 #UTIL: 1190270
36 46 95 82 93 92 94 #UTIL: 1088508
36 46 95 82 92 94 #UTIL: 1254136
36 46 73 72 82 92 94 #UTIL: 1052561
36 46 73 82 92 94 #UTIL: 1103163
36 46 74 72 82 92 94 #UTIL: 1046803
36 46 74 82 92 94 #UTIL: 1088952
36 46 72 82 93 92 94 #UTIL: 1077901
36 46 72 82 92 94 #UTIL: 1235095
36 46 82 93 92 94 #UTIL: 1099180
36 46 82 92 94 #UTIL: 1290791
36 46 92 94 #UTIL: 1044853
36 95 73 74 72 82 92 94 #UTIL: 1163494
36 95 73 74 82 93 92 94 #UTIL: 1051099
36 95 73 74 82 92 94 #UTIL: 1270148
36 95 73 72 82 93 92 94 #UTIL: 1150322
36 95 73 72 82 92 94 #UTIL: 1337579
36 95 73 82 93 92 94 #UTIL: 1225838
36 95 73 82 92 #UTIL: 1099822
36 95 73 82 92 94 #UTIL: 1480722
36 95 73 82 94 #UTIL: 1019649
36 95 73 92 94 #UTIL: 1045707
36 95 74 72 82 93 92 94 #UTIL: 1085851
36 95 74 72 82 92 94 #UTIL: 1315067
36 95 74 82 93 92 94 #UTIL: 1161147
36 95 74 82 92 #UTIL: 1110001
36 95 74 82 92 94 #UTIL: 1467608
36 95 74 82 94 #UTIL: 1027279
36 95 74 92 94 #UTIL: 1021115
36 95 72 82 93 92 94 #UTIL: 1275557
36 95 72 82 92 #UTIL: 1170955
36 95 72 82 92 94 #UTIL: 1559205
36 95 72 82 94 #UTIL: 1086951
36 95 72 92 94 #UTIL: 1075058
36 95 82 93 92 #UTIL: 1063970
36 95 82 93 92 94 #UTIL: 1428473
36 95 82 92 #UTIL: 1374317
36 95 82 92 94 #UTIL: 1816000
36 95 82 94 #UTIL: 1255942
36 95 93 92 94 #UTIL: 1040046
36 95 92 94 #UTIL: 1215738
36 73 74 72 82 93 92 94 #UTIL: 1049310
36 73 74 72 82 92 94 #UTIL: 1249998
36 73 74 82 93 92 94 #UTIL: 1095959
36 73 74 82 92 94 #UTIL: 1344519
36 73 74 92 94 #UTIL: 1019015
36 73 72 82 93 92 94 #UTIL: 1203623
36 73 72 82 92 #UTIL: 1044947
36 73 72 82 92 94 #UTIL: 1418572
36 73 72 92 94 #UTIL: 1059036
36 73 82 93 92 94 #UTIL: 1267486
36 73 82 92 #UTIL: 1136986
36 73 82 92 94 #UTIL: 1545798
36 73 82 94 #UTIL: 1066648
36 73 93 92 94 #UTIL: 1025757
36 73 92 94 #UTIL: 1133133
36 74 72 82 93 92 94 #UTIL: 1166529
36 74 72 82 92 #UTIL: 1080947
36 74 72 82 92 94 #UTIL: 1439354
36 74 72 82 94 #UTIL: 1021807
36 74 72 92 94 #UTIL: 1082152
36 74 82 93 92 94 #UTIL: 1231507
36 74 82 92 #UTIL: 1193122
36 74 82 92 94 #UTIL: 1584868
36 74 82 94 #UTIL: 1115595
36 74 92 94 #UTIL: 1139700
36 72 82 93 92 94 #UTIL: 1354106
36 72 82 92 #UTIL: 1280779
36 72 82 92 94 #UTIL: 1705464
36 72 82 94 #UTIL: 1196579
36 72 93 92 94 #UTIL: 1069119
36 72 92 94 #UTIL: 1218712
36 82 93 92 #UTIL: 1102748
36 82 93 92 94 #UTIL: 1491050
36 82 93 94 #UTIL: 1031658
36 82 92 #UTIL: 1471690
36 82 92 94 #UTIL: 1953301
36 82 94 #UTIL: 1353276
36 93 92 94 #UTIL: 1148487
36 92 94 #UTIL: 1346200
64 97 72 82 92 94 #UTIL: 1023452
64 97 82 93 92 94 #UTIL: 1021712
64 97 82 92 94 #UTIL: 1113900
64 97 92 94 #UTIL: 1018514
64 83 82 92 94 #UTIL: 1007093
64 87 95 72 82 92 94 #UTIL: 1098542
64 87 95 82 93 92 94 #UTIL: 1076315
64 87 95 82 92 #UTIL: 1003950
64 87 95 82 92 94 #UTIL: 1246917
64 87 72 82 92 94 #UTIL: 1116304
64 87 82 93 92 94 #UTIL: 1060095
64 87 82 92 #UTIL: 1025121
64 87 82 92 94 #UTIL: 1281729
64 65 95 72 82 92 94 #UTIL: 1046571
64 65 95 82 93 92 94 #UTIL: 1011846
64 65 95 82 92 94 #UTIL: 1156941
64 65 73 72 82 92 94 #UTIL: 1076872
64 65 73 82 92 94 #UTIL: 1138393
64 65 74 72 82 92 94 #UTIL: 1034837
64 65 74 82 92 94 #UTIL: 1032605
64 65 72 82 93 92 94 #UTIL: 1011160
64 65 72 82 92 94 #UTIL: 1213752
64 65 82 93 92 94 #UTIL: 1097828
64 65 82 92 94 #UTIL: 1317528
64 65 92 94 #UTIL: 1038874
64 47 95 72 82 93 92 94 #UTIL: 1038205
64 47 95 72 82 92 94 #UTIL: 1135539
64 47 95 82 93 92 94 #UTIL: 1067560
64 47 95 82 92 94 #UTIL: 1158741
64 47 73 72 82 92 94 #UTIL: 1035899
64 47 73 82 92 94 #UTIL: 1045993
64 47 72 82 93 92 94 #UTIL: 1083899
64 47 72 82 92 94 #UTIL: 1225526
64 47 82 93 92 94 #UTIL: 1106121
64 47 82 92 94 #UTIL: 1258348
64 47 93 92 94 #UTIL: 1061848
64 47 92 94 #UTIL: 1091386
64 46 95 73 72 82 93 92 94 #UTIL: 1003609
64 46 95 73 72 82 92 94 #UTIL: 1062006
64 46 95 73 82 93 92 94 #UTIL: 1059443
64 46 95 73 82 92 94 #UTIL: 1128999
64 46 95 72 82 93 92 94 #UTIL: 1165109
64 46 95 72 82 92 94 #UTIL: 1243212
64 46 95 72 93 92 94 #UTIL: 1021346
64 46 95 72 92 94 #UTIL: 1039776
64 46 95 82 93 92 94 #UTIL: 1235771
64 46 95 82 92 94 #UTIL: 1345127
64 46 95 93 92 94 #UTIL: 1124758
64 46 95 92 94 #UTIL: 1165306
64 46 73 74 72 82 92 94 #UTIL: 1006103
64 46 73 72 82 93 92 94 #UTIL: 1092167
64 46 73 72 82 92 94 #UTIL: 1180606
64 46 73 72 93 92 94 #UTIL: 1029756
64 46 73 72 92 94 #UTIL: 1067784
64 46 73 82 93 92 94 #UTIL: 1155893
64 46 73 82 92 94 #UTIL: 1259939
64 46 73 93 92 94 #UTIL: 1161678
64 46 73 92 94 #UTIL: 1193833
64 46 74 72 82 93 92 94 #UTIL: 1041472
64 46 74 72 82 92 94 #UTIL: 1102681
64 46 74 72 92 94 #UTIL: 1025359
64 46 74 82 93 92 94 #UTIL: 1052686
64 46 74 82 92 94 #UTIL: 1124478
64 46 74 93 92 94 #UTIL: 1102071
64 46 74 92 94 #UTIL: 1114802
64 46 72 82 93 92 94 #UTIL: 1282295
64 46 72 82 92 #UTIL: 1010082
64 46 72 82 92 94 #UTIL: 1386573
64 46 72 93 92 94 #UTIL: 1189170
64 46 72 92 94 #UTIL: 1228760
64 46 82 93 92 94 #UTIL: 1372951
64 46 82 92 #UTIL: 1096895
64 46 82 92 94 #UTIL: 1523371
64 46 93 92 94 #UTIL: 1379793
64 46 92 94 #UTIL: 1426966
64 95 73 74 72 82 93 92 94 #UTIL: 1000649
64 95 73 74 72 82 92 94 #UTIL: 1069445
64 95 73 74 82 93 92 94 #UTIL: 1002225
64 95 73 74 82 92 94 #UTIL: 1078196
64 95 73 72 82 93 92 94 #UTIL: 1188804
64 95 73 72 82 92 94 #UTIL: 1271188
64 95 73 72 93 92 94 #UTIL: 1011381
64 95 73 72 92 94 #UTIL: 1031680
64 95 73 82 93 92 94 #UTIL: 1250742
64 95 73 82 92 #UTIL: 1005307
64 95 73 82 92 94 #UTIL: 1355679
64 95 73 93 92 94 #UTIL: 1092723
64 95 73 92 94 #UTIL: 1129224
64 95 74 72 82 93 92 94 #UTIL: 1119311
64 95 74 72 82 92 94 #UTIL: 1225840
64 95 74 82 93 92 94 #UTIL: 1136262
64 95 74 82 92 94 #UTIL: 1271023
64 95 74 93 92 94 #UTIL: 1016797
64 95 74 92 94 #UTIL: 1071009
64 95 72 82 93 92 #UTIL: 1020028
64 95 72 82 93 92 94 #UTIL: 1373223
64 95 72 82 92 #UTIL: 1147091
64 95 72 82 92 94 #UTIL: 1534989
64 95 72 82 94 #UTIL: 1024244
64 95 72 93 92 94 #UTIL: 1170534
64 95 72 92 94 #UTIL: 1225191
64 95 82 93 92 #UTIL: 1116401
64 95 82 93 92 94 #UTIL: 1499463
64 95 82 92 #UTIL: 1285596
64 95 82 92 94 #UTIL: 1719965
64 95 82 94 #UTIL: 1126768
64 95 93 92 94 #UTIL: 1315157
64 95 92 94 #UTIL: 1414953
64 73 74 72 82 93 92 94 #UTIL: 1148926
64 73 74 72 82 92 94 #UTIL: 1245642
64 73 74 72 93 92 94 #UTIL: 1032528
64 73 74 72 92 94 #UTIL: 1081563
64 73 74 82 93 92 94 #UTIL: 1136406
64 73 74 82 92 94 #UTIL: 1245581
64 73 74 93 92 94 #UTIL: 1090081
64 73 74 92 94 #UTIL: 1130190
64 73 72 82 93 92 94 #UTIL: 1321727
64 73 72 82 92 #UTIL: 1100167
64 73 72 82 92 94 #UTIL: 1477588
64 73 72 82 94 #UTIL: 1025273
64 73 72 93 92 94 #UTIL: 1161811
64 73 72 92 94 #UTIL: 1230749
64 73 82 93 92 #UTIL: 1022192
64 73 82 93 92 94 #UTIL: 1392179
64 73 82 92 #UTIL: 1155776
64 73 82 92 94 #UTIL: 1572228
64 73 82 94 #UTIL: 1055486
64 73 93 92 94 #UTIL: 1315021
64 73 92 94 #UTIL: 1379846
64 74 72 82 93 92 94 #UTIL: 1274369
64 74 72 82 92 #UTIL: 1048089
64 74 72 82 92 94 #UTIL: 1414513
64 74 72 93 92 94 #UTIL: 1152276
64 74 72 92 94 #UTIL: 1214442
64 74 82 93 92 94 #UTIL: 1294508
64 74 82 92 #UTIL: 1065531
64 74 82 92 94 #UTIL: 1465868
64 74 93 92 94 #UTIL: 1261687
64 74 92 94 #UTIL: 1325426
64 72 82 93 92 #UTIL: 1149139
64 72 82 93 92 94 #UTIL: 1551105
64 72 82 93 94 #UTIL: 1061687
64 72 82 92 #UTIL: 1349104
64 72 82 92 94 #UTIL: 1798806
64 72 82 94 #UTIL: 1237594
64 72 93 92 94 #UTIL: 1359908
64 72 92 94 #UTIL: 1461786
64 82 93 92 #UTIL: 1250424
64 82 93 92 94 #UTIL: 1699973
64 82 93 94 #UTIL: 1140838
64 82 92 #UTIL: 1507916
64 82 92 94 #UTIL: 2028962
64 82 94 #UTIL: 1362393
64 93 92 94 #UTIL: 1601427
64 92 94 #UTIL: 1730480
97 83 87 95 82 92 94 #UTIL: 1018055
97 83 87 82 92 94 #UTIL: 1031263
97 83 95 72 82 92 94 #UTIL: 1006348
97 83 95 82 93 92 94 #UTIL: 1039109
97 83 95 82 92 94 #UTIL: 1154654
97 83 72 82 92 94 #UTIL: 1066835
97 83 82 93 92 94 #UTIL: 1065873
97 83 82 92 94 #UTIL: 1205634
97 87 47 95 82 92 94 #UTIL: 1077987
97 87 47 82 92 94 #UTIL: 1077338
97 87 46 95 72 82 93 92 94 #UTIL: 1011739
97 87 46 95 72 82 92 94 #UTIL: 1065559
97 87 46 95 82 93 92 94 #UTIL: 1134091
97 87 46 95 82 92 94 #UTIL: 1204178
97 87 46 72 82 92 94 #UTIL: 1068730
97 87 46 82 93 92 94 #UTIL: 1111066
97 87 46 82 92 94 #UTIL: 1197621
97 87 95 73 72 82 92 94 #UTIL: 1038372
97 87 95 73 82 93 92 94 #UTIL: 1111460
97 87 95 73 82 92 94 #UTIL: 1188363
97 87 95 74 72 82 92 94 #UTIL: 1028260
97 87 95 74 82 93 92 94 #UTIL: 1003828
97 87 95 74 82 92 94 #UTIL: 1104061
97 87 95 72 82 93 92 94 #UTIL: 1160552
97 87 95 72 82 92 #UTIL: 1057508
97 87 95 72 82 92 94 #UTIL: 1286543
97 87 95 82 93 92 #UTIL: 1097089
97 87 95 82 93 92 94 #UTIL: 1338419
97 87 95 82 92 #UTIL: 1279263
97 87 95 82 92 94 #UTIL: 1554910
97 87 95 82 94 #UTIL: 1123039
97 87 73 72 82 92 94 #UTIL: 1061275
97 87 73 82 93 92 94 #UTIL: 1063591
97 87 73 82 92 94 #UTIL: 1200134
97 87 74 72 82 92 94 #UTIL: 1036112
97 87 74 82 92 94 #UTIL: 1106859
97 87 72 82 93 92 94 #UTIL: 1140744
97 87 72 82 92 #UTIL: 1087265
97 87 72 82 92 94 #UTIL: 1333093
97 87 82 93 92 #UTIL: 1068630
97 87 82 93 92 94 #UTIL: 1315236
97 87 82 92 #UTIL: 1297615
97 87 82 92 94 #UTIL: 1591665
97 87 82 94 #UTIL: 1142074
97 48 96 46 93 92 94 #UTIL: 1010498
97 48 96 93 92 94 #UTIL: 1054107
97 48 96 92 94 #UTIL: 1013739
97 48 46 73 74 93 92 94 #UTIL: 1006581
97 48 46 73 93 92 94 #UTIL: 1108110
97 48 46 73 92 94 #UTIL: 1063039
97 48 46 74 93 92 94 #UTIL: 1060325
97 48 46 74 92 94 #UTIL: 1014065
97 48 46 93 92 94 #UTIL: 1251978
97 48 46 92 94 #UTIL: 1203659
97 48 73 74 93 92 94 #UTIL: 1037321
97 48 73 74 92 94 #UTIL: 1008997
97 48 73 93 92 94 #UTIL: 1142636
97 48 73 92 94 #UTIL: 1107868
97 48 74 93 92 94 #UTIL: 1100425
97 48 74 92 94 #UTIL: 1068292
97 48 72 93 92 94 #UTIL: 1022406
97 48 93 92 94 #UTIL: 1317192
97 48 92 94 #UTIL: 1282103
97 96 47 93 92 94 #UTIL: 1030074
97 96 47 92 94 #UTIL: 1040886
97 96 46 95 92 94 #UTIL: 1003435
97 96 46 73 74 93 92 94 #UTIL: 1122067
97 96 46 73 74 92 94 #UTIL: 1106206
97 96 46 73 93 92 94 #UTIL: 1217150
97 96 46 73 92 94 #UTIL: 1193342
97 96 46 74 72 93 92 94 #UTIL: 1007960
97 96 46 74 72 92 94 #UTIL: 1007969
97 96 46 74 93 92 94 #UTIL: 1196657
97 96 46 74 92 94 #UTIL: 1187682
97 96 46 72 93 92 94 #UTIL: 1067453
97 96 46 72 92 94 #UTIL: 1079617
97 96 46 93 92 94 #UTIL: 1376015
97 96 46 92 94 #UTIL: 1375472
97 96 95 82 92 94 #UTIL: 1153260
97 96 95 93 92 94 #UTIL: 1083457
97 96 95 92 94 #UTIL: 1155263
97 96 73 74 72 93 92 94 #UTIL: 1023960
97 96 73 74 72 92 94 #UTIL: 1020802
97 96 73 74 93 92 94 #UTIL: 1183465
97 96 73 74 92 94 #UTIL: 1173524
97 96 73 72 93 92 94 #UTIL: 1061600
97 96 73 72 92 94 #UTIL: 1058127
97 96 73 93 92 94 #UTIL: 1309297
97 96 73 92 94 #UTIL: 1295253
97 96 74 72 93 92 94 #UTIL: 1089531
97 96 74 72 92 94 #UTIL: 1097019
97 96 74 82 92 94 #UTIL: 1024376
97 96 74 93 92 94 #UTIL: 1287604
97 96 74 92 94 #UTIL: 1296218
97 96 72 82 92 94 #UTIL: 1039895
97 96 72 93 92 94 #UTIL: 1173066
97 96 72 92 94 #UTIL: 1201707
97 96 82 93 92 94 #UTIL: 1018199
97 96 82 92 94 #UTIL: 1196503
97 96 93 92 94 #UTIL: 1524422
97 96 92 94 #UTIL: 1567697
97 65 82 92 94 #UTIL: 1077211
97 47 46 95 72 82 93 92 94 #UTIL: 1043846
97 47 46 95 72 82 92 94 #UTIL: 1071634
97 47 46 95 82 93 92 94 #UTIL: 1107309
97 47 46 95 82 92 94 #UTIL: 1132397
97 47 46 95 93 92 94 #UTIL: 1039127
97 47 46 95 92 94 #UTIL: 1053084
97 47 46 73 82 93 92 94 #UTIL: 1003418
97 47 46 73 93 92 94 #UTIL: 1142415
97 47 46 73 92 94 #UTIL: 1107623
97 47 46 74 93 92 94 #UTIL: 1076960
97 47 46 74 92 94 #UTIL: 1042911
97 47 46 72 82 93 92 94 #UTIL: 1097810
97 47 46 72 82 92 94 #UTIL: 1132425
97 47 46 72 93 92 94 #UTIL: 1081755
97 47 46 72 92 94 #UTIL: 1083467
97 47 46 82 93 92 94 #UTIL: 1149414
97 47 46 82 92 94 #UTIL: 1180812
97 47 46 93 92 94 #UTIL: 1307227
97 47 46 92 94 #UTIL: 1297217
97 47 95 73 72 82 93 92 94 #UTIL: 1058248
97 47 95 73 72 82 92 94 #UTIL: 1098235
97 47 95 73 82 93 92 94 #UTIL: 1114334
97 47 95 73 82 92 94 #UTIL: 1152212
97 47 95 73 92 94 #UTIL: 1016148
97 47 95 74 72 82 92 94 #UTIL: 1035385
97 47 95 74 82 93 92 94 #UTIL: 1011231
97 47 95 74 82 92 94 #UTIL: 1049739
97 47 95 72 82 93 92 94 #UTIL: 1207798
97 47 95 72 82 92 94 #UTIL: 1281627
97 47 95 72 92 94 #UTIL: 1035883
97 47 95 82 93 92 94 #UTIL: 1309655
97 47 95 82 92 #UTIL: 1063245
97 47 95 82 92 94 #UTIL: 1411732
97 47 95 93 92 94 #UTIL: 1160669
97 47 95 92 94 #UTIL: 1204490
97 47 73 74 72 82 92 94 #UTIL: 1017369
97 47 73 74 82 92 94 #UTIL: 1025562
97 47 73 74 93 92 94 #UTIL: 1077714
97 47 73 74 92 94 #UTIL: 1069231
97 47 73 72 82 93 92 94 #UTIL: 1115314
97 47 73 72 82 92 94 #UTIL: 1183140
97 47 73 72 93 92 94 #UTIL: 1035923
97 47 73 72 92 94 #UTIL: 1042981
97 47 73 82 93 92 94 #UTIL: 1159934
97 47 73 82 92 94 #UTIL: 1224841
97 47 73 93 92 94 #UTIL: 1233635
97 47 73 92 94 #UTIL: 1231073
97 47 74 72 82 93 92 94 #UTIL: 1052280
97 47 74 72 82 92 94 #UTIL: 1085102
97 47 74 72 93 92 94 #UTIL: 1033199
97 47 74 72 92 94 #UTIL: 1028438
97 47 74 82 93 92 94 #UTIL: 1060765
97 47 74 82 92 94 #UTIL: 1091812
97 47 74 93 92 94 #UTIL: 1168300
97 47 74 92 94 #UTIL: 1156189
97 47 72 82 93 92 94 #UTIL: 1254370
97 47 72 82 92 #UTIL: 1017157
97 47 72 82 92 94 #UTIL: 1374535
97 47 72 93 92 94 #UTIL: 1164645
97 47 72 92 94 #UTIL: 1206972
97 47 82 93 92 94 #UTIL: 1341541
97 47 82 92 #UTIL: 1100244
97 47 82 92 94 #UTIL: 1487629
97 47 82 94 #UTIL: 1026491
97 47 93 92 94 #UTIL: 1449010
97 47 92 94 #UTIL: 1481417
97 46 95 73 74 82 93 92 94 #UTIL: 1024203
97 46 95 73 74 82 92 94 #UTIL: 1048897
97 46 95 73 72 82 93 92 94 #UTIL: 1104969
97 46 95 73 72 82 92 94 #UTIL: 1116945
97 46 95 73 82 93 92 94 #UTIL: 1259664
97 46 95 73 82 92 94 #UTIL: 1298025
97 46 95 73 93 92 94 #UTIL: 1177099
97 46 95 73 92 94 #UTIL: 1188743
97 46 95 74 72 82 93 92 94 #UTIL: 1085789
97 46 95 74 72 82 92 94 #UTIL: 1125707
97 46 95 74 82 93 92 94 #UTIL: 1140832
97 46 95 74 82 92 94 #UTIL: 1188998
97 46 95 74 93 92 94 #UTIL: 1085804
97 46 95 74 92 94 #UTIL: 1099027
97 46 95 72 82 93 92 94 #UTIL: 1308535
97 46 95 72 82 92 #UTIL: 1046612
97 46 95 72 82 92 94 #UTIL: 1381866
97 46 95 72 93 92 94 #UTIL: 1133225
97 46 95 72 92 94 #UTIL: 1152057
97 46 95 82 93 92 #UTIL: 1133244
97 46 95 82 93 92 94 #UTIL: 1490084
97 46 95 82 93 94 #UTIL: 1034248
97 46 95 82 92 #UTIL: 1203809
97 46 95 82 92 94 #UTIL: 1587670
97 46 95 82 94 #UTIL: 1084502
97 46 95 93 92 94 #UTIL: 1391155
97 46 95 92 94 #UTIL: 1431258
97 46 73 74 72 82 93 92 94 #UTIL: 1028647
97 46 73 74 72 82 92 94 #UTIL: 1066978
97 46 73 74 72 93 92 94 #UTIL: 1138969
97 46 73 74 72 92 94 #UTIL: 1125542
97 46 73 74 82 93 92 94 #UTIL: 1075618
97 46 73 74 82 92 94 #UTIL: 1118520
97 46 73 74 93 92 94 #UTIL: 1333001
97 46 73 74 92 94 #UTIL: 1313083
97 46 73 72 82 93 92 94 #UTIL: 1158928
97 46 73 72 82 92 94 #UTIL: 1206763
97 46 73 72 93 92 94 #UTIL: 1230902
97 46 73 72 92 94 #UTIL: 1216205
97 46 73 82 93 92 94 #UTIL: 1297953
97 46 73 82 92 #UTIL: 1007381
97 46 73 82 92 94 #UTIL: 1367384
97 46 73 93 92 94 #UTIL: 1534620
97 46 73 92 94 #UTIL: 1525761
97 46 74 72 82 93 92 94 #UTIL: 1159502
97 46 74 72 82 92 94 #UTIL: 1219122
97 46 74 72 93 92 94 #UTIL: 1252197
97 46 74 72 92 94 #UTIL: 1246641
97 46 74 82 93 92 94 #UTIL: 1234809
97 46 74 82 92 94 #UTIL: 1296983
97 46 74 93 92 94 #UTIL: 1507660
97 46 74 92 94 #UTIL: 1489172
97 46 72 82 93 92 #UTIL: 1040578
97 46 72 82 93 92 94 #UTIL: 1391988
97 46 72 82 92 #UTIL: 1124419
97 46 72 82 92 94 #UTIL: 1510253
97 46 72 82 94 #UTIL: 1057656
97 46 72 93 92 94 #UTIL: 1436017
97 46 72 92 94 #UTIL: 1456749
97 46 82 93 92 #UTIL: 1184832
97 46 82 93 92 94 #UTIL: 1585401
97 46 82 93 94 #UTIL: 1098692
97 46 82 92 #UTIL: 1276912
97 46 82 92 94 #UTIL: 1720992
97 46 82 94 #UTIL: 1175054
97 46 93 92 #UTIL: 1113173
97 46 93 92 94 #UTIL: 1875787
97 46 93 94 #UTIL: 1111672
97 46 92 #UTIL: 1075027
97 46 92 94 #UTIL: 1893586
97 46 94 #UTIL: 1058067
97 95 73 74 72 82 93 92 94 #UTIL: 1156053
97 95 73 74 72 82 92 94 #UTIL: 1218088
97 95 73 74 72 93 92 94 #UTIL: 1019255
97 95 73 74 72 92 94 #UTIL: 1031045
97 95 73 74 82 93 92 94 #UTIL: 1206463
97 95 73 74 82 92 94 #UTIL: 1276634
97 95 73 74 93 92 94 #UTIL: 1107056
97 95 73 74 92 94 #UTIL: 1129975
97 95 73 72 82 93 92 94 #UTIL: 1289916
97 95 73 72 82 92 #UTIL: 1024658
97 95 73 72 82 92 94 #UTIL: 1347445
97 95 73 72 93 92 94 #UTIL: 1096456
97 95 73 72 92 94 #UTIL: 1107787
97 95 73 82 93 92 #UTIL: 1105485
97 95 73 82 93 92 94 #UTIL: 1450706
97 95 73 82 93 94 #UTIL: 1017065
97 95 73 82 92 #UTIL: 1165250
97 95 73 82 92 94 #UTIL: 1534025
97 95 73 82 94 #UTIL: 1060226
97 95 73 93 92 94 #UTIL: 1305729
97 95 73 92 94 #UTIL: 1341208
97 95 74 72 82 93 92 94 #UTIL: 1284547
97 95 74 72 82 92 #UTIL: 1048279
97 95 74 72 82 92 94 #UTIL: 1378654
97 95 74 72 93 92 94 #UTIL: 1118875
97 95 74 72 92 94 #UTIL: 1147664
97 95 74 82 93 92 #UTIL: 1036162
97 95 74 82 93 92 94 #UTIL: 1375669
97 95 74 82 92 #UTIL: 1122437
97 95 74 82 92 94 #UTIL: 1490761
97 95 74 82 94 #UTIL: 1032021
97 95 74 93 92 94 #UTIL: 1235677
97 95 74 92 94 #UTIL: 1284618
97 95 72 82 93 92 #UTIL: 1141311
97 95 72 82 93 92 94 #UTIL: 1502348
97 95 72 82 93 94 #UTIL: 1051150
97 95 72 82 92 #UTIL: 1260792
97 95 72 82 92 94 #UTIL: 1650166
97 95 72 82 94 #UTIL: 1145833
97 95 72 93 92 94 #UTIL: 1269470
97 95 72 92 94 #UTIL: 1325527
97 95 82 93 92 #UTIL: 1349803
97 95 82 93 92 94 #UTIL: 1767963
97 95 82 93 94 #UTIL: 1225461
97 95 82 92 #UTIL: 1552760
97 95 82 92 94 #UTIL: 2019582
97 95 82 94 #UTIL: 1390629
97 95 93 92 94 #UTIL: 1578317
97 95 92 #UTIL: 1042795
97 95 92 94 #UTIL: 1693246
97 73 74 72 82 93 92 94 #UTIL: 1216441
97 73 74 72 82 92 94 #UTIL: 1313814
97 73 74 72 93 92 94 #UTIL: 1266955
97 73 74 72 92 94 #UTIL: 1279675
97 73 74 82 93 92 94 #UTIL: 1256535
97 73 74 82 92 94 #UTIL: 1357286
97 73 74 93 92 94 #UTIL: 1459866
97 73 74 92 94 #UTIL: 1466419
97 73 72 82 93 92 #UTIL: 1003930
97 73 72 82 93 92 94 #UTIL: 1342870
97 73 72 82 92 #UTIL: 1110384
97 73 72 82 92 94 #UTIL: 1483072
97 73 72 82 94 #UTIL: 1054434
97 73 72 93 92 94 #UTIL: 1372054
97 73 72 92 94 #UTIL: 1405615
97 73 82 93 92 #UTIL: 1111341
97 73 82 93 92 94 #UTIL: 1487182
97 73 82 93 94 #UTIL: 1037412
97 73 82 92 #UTIL: 1228212
97 73 82 92 94 #UTIL: 1646888
97 73 82 94 #UTIL: 1142820
97 73 93 92 94 #UTIL: 1698304
97 73 92 94 #UTIL: 1735171
97 74 72 82 93 92 #UTIL: 1026099
97 74 72 82 93 92 94 #UTIL: 1362158
97 74 72 82 92 #UTIL: 1117859
97 74 72 82 92 94 #UTIL: 1487813
97 74 72 82 94 #UTIL: 1041496
97 74 72 93 92 94 #UTIL: 1395479
97 74 72 92 94 #UTIL: 1424868
97 74 82 93 92 #UTIL: 1097519
97 74 82 93 92 94 #UTIL: 1476732
97 74 82 93 94 #UTIL: 1030151
97 74 82 92 #UTIL: 1195774
97 74 82 92 94 #UTIL: 1616157
97 74 82 94 #UTIL: 1117643
97 74 93 92 94 #UTIL: 1680263
97 74 92 94 #UTIL: 1710464
97 72 82 93 92 #UTIL: 1197811
97 72 82 93 92 94 #UTIL: 1589204
97 72 82 93 94 #UTIL: 1111073
97 72 82 92 #UTIL: 1386893
97 72 82 92 94 #UTIL: 1832814
97 72 82 94 #UTIL: 1281231
97 72 93 92 94 #UTIL: 1599149
97 72 92 94 #UTIL: 1686978
97 82 93 92 #UTIL: 1410499
97 82 93 92 94 #UTIL: 1873105
97 82 93 94 #UTIL: 1293432
97 82 92 #UTIL: 1676257
97 82 92 94 #UTIL: 2214986
97 82 94 #UTIL: 1528092
97 93 92 #UTIL: 1266056
97 93 92 94 #UTIL: 2149862
97 93 94 #UTIL: 1248466
97 92 #UTIL: 1292854
97 92 94 #UTIL: 2278497
97 94 #UTIL: 1245517
83 87 47 95 82 92 94 #UTIL: 1042141
83 87 47 82 92 94 #UTIL: 1042622
83 87 46 95 73 82 92 94 #UTIL: 1015444
83 87 46 95 72 82 92 94 #UTIL: 1022957
83 87 46 95 82 93 92 94 #UTIL: 1019474
83 87 46 95 82 92 94 #UTIL: 1170035
83 87 46 73 82 92 94 #UTIL: 1014921
83 87 46 72 82 92 94 #UTIL: 1074186
83 87 46 82 93 92 94 #UTIL: 1033834
83 87 46 82 92 #UTIL: 1004255
83 87 46 82 92 94 #UTIL: 1212797
83 87 95 73 74 72 82 92 94 #UTIL: 1058185
83 87 95 73 74 82 92 94 #UTIL: 1127619
83 87 95 73 72 82 93 92 94 #UTIL: 1123659
83 87 95 73 72 82 92 #UTIL: 1053077
83 87 95 73 72 82 92 94 #UTIL: 1261803
83 87 95 73 82 93 92 #UTIL: 1048739
83 87 95 73 82 93 92 94 #UTIL: 1257045
83 87 95 73 82 92 #UTIL: 1206058
83 87 95 73 82 92 94 #UTIL: 1443955
83 87 95 73 82 94 #UTIL: 1104692
83 87 95 74 72 82 93 92 94 #UTIL: 1045570
83 87 95 74 72 82 92 #UTIL: 1039083
83 87 95 74 72 82 92 94 #UTIL: 1230328
83 87 95 74 82 93 92 94 #UTIL: 1156884
83 87 95 74 82 92 #UTIL: 1177880
83 87 95 74 82 92 94 #UTIL: 1395527
83 87 95 74 82 94 #UTIL: 1072391
83 87 95 72 82 93 92 #UTIL: 1049509
83 87 95 72 82 93 92 94 #UTIL: 1252305
83 87 95 72 82 92 #UTIL: 1244477
83 87 95 72 82 92 94 #UTIL: 1488032
83 87 95 72 82 94 #UTIL: 1138365
83 87 95 82 #UTIL: 1099850
83 87 95 82 93 92 #UTIL: 1230562
83 87 95 82 93 92 94 #UTIL: 1468428
83 87 95 82 93 94 #UTIL: 1121402
83 87 95 82 92 #UTIL: 1529039
83 87 95 82 92 94 #UTIL: 1823674
83 87 95 82 94 #UTIL: 1394485
83 87 73 74 72 82 92 94 #UTIL: 1082946
83 87 73 74 82 92 94 #UTIL: 1147188
83 87 73 72 82 93 92 94 #UTIL: 1138697
83 87 73 72 82 92 #UTIL: 1072052
83 87 73 72 82 92 94 #UTIL: 1298375
83 87 73 72 82 94 #UTIL: 1034884
83 87 73 82 93 92 #UTIL: 1046397
83 87 73 82 93 92 94 #UTIL: 1264896
83 87 73 82 92 #UTIL: 1214339
83 87 73 82 92 94 #UTIL: 1469833
83 87 73 82 94 #UTIL: 1150283
83 87 74 72 82 93 92 94 #UTIL: 1117779
83 87 74 72 82 92 #UTIL: 1104467
83 87 74 72 82 92 94 #UTIL: 1319130
83 87 74 72 82 94 #UTIL: 1041995
83 87 74 82 93 92 #UTIL: 1027697
83 87 74 82 93 92 94 #UTIL: 1223655
83 87 74 82 92 #UTIL: 1233438
83 87 74 82 92 94 #UTIL: 1474503
83 87 74 82 94 #UTIL: 1158754
83 87 72 82 93 92 #UTIL: 1113266
83 87 72 82 93 92 94 #UTIL: 1336633
83 87 72 82 93 94 #UTIL: 1027145
83 87 72 82 92 #UTIL: 1338565
83 87 72 82 92 94 #UTIL: 1610915
83 87 72 82 94 #UTIL: 1264055
83 87 82 #UTIL: 1172919
83 87 82 93 92 #UTIL: 1284064
83 87 82 93 92 94 #UTIL: 1542501
83 87 82 93 94 #UTIL: 1184558
83 87 82 92 #UTIL: 1604008
83 87 82 92 94 #UTIL: 1927438
83 87 82 94 #UTIL: 1497550
83 87 92 94 #UTIL: 1019516
83 96 74 82 92 94 #UTIL: 1035846
83 96 72 82 92 94 #UTIL: 1062966
83 96 82 93 92 94 #UTIL: 1040835
83 96 82 92 94 #UTIL: 1210307
83 65 73 72 82 92 94 #UTIL: 1087429
83 65 73 82 92 94 #UTIL: 1111043
83 65 74 72 82 92 94 #UTIL: 1090353
83 65 74 82 92 94 #UTIL: 1073417
83 65 72 82 93 92 94 #UTIL: 1039719
83 65 72 82 92 #UTIL: 1031668
83 65 72 82 92 94 #UTIL: 1259025
83 65 72 82 94 #UTIL: 1008784
83 65 82 93 92 94 #UTIL: 1078062
83 65 82 92 #UTIL: 1050827
83 65 82 92 94 #UTIL: 1293441
83 65 82 94 #UTIL: 1015667
83 47 95 73 82 92 94 #UTIL: 1017000
83 47 95 72 82 92 94 #UTIL: 1082329
83 47 95 82 93 92 94 #UTIL: 1005018
83 47 95 82 92 94 #UTIL: 1144667
83 47 73 72 82 93 92 94 #UTIL: 1006366
83 47 73 72 82 92 94 #UTIL: 1085775
83 47 73 82 93 92 94 #UTIL: 1043890
83 47 73 82 92 94 #UTIL: 1133449
83 47 74 72 82 92 94 #UTIL: 1011209
83 47 74 82 92 94 #UTIL: 1022404
83 47 72 82 93 92 94 #UTIL: 1076395
83 47 72 82 92 94 #UTIL: 1211547
83 47 82 93 92 94 #UTIL: 1124904
83 47 82 92 #UTIL: 1004936
83 47 82 92 94 #UTIL: 1267490
83 46 95 73 72 82 92 94 #UTIL: 1015616
83 46 95 73 82 93 92 94 #UTIL: 1045359
83 46 95 73 82 92 94 #UTIL: 1146183
83 46 95 74 82 92 94 #UTIL: 1038673
83 46 95 72 82 93 92 94 #UTIL: 1048059
83 46 95 72 82 92 94 #UTIL: 1201543
83 46 95 82 93 92 94 #UTIL: 1173135
83 46 95 82 92 #UTIL: 1122705
83 46 95 82 92 94 #UTIL: 1392015
83 46 95 82 94 #UTIL: 1018078
83 46 73 74 72 82 92 94 #UTIL: 1014871
83 46 73 74 82 92 94 #UTIL: 1031012
83 46 73 72 82 93 92 94 #UTIL: 1074127
83 46 73 72 82 92 94 #UTIL: 1209668
83 46 73 82 93 92 94 #UTIL: 1194776
83 46 73 82 92 #UTIL: 1059934
83 46 73 82 92 94 #UTIL: 1324741
83 46 74 72 82 93 92 94 #UTIL: 1035451
83 46 74 72 82 92 94 #UTIL: 1158299
83 46 74 82 93 92 94 #UTIL: 1059161
83 46 74 82 92 94 #UTIL: 1194925
83 46 72 82 93 92 94 #UTIL: 1221323
83 46 72 82 92 #UTIL: 1154778
83 46 72 82 92 94 #UTIL: 1430711
83 46 72 82 94 #UTIL: 1076097
83 46 82 93 92 #UTIL: 1087709
83 46 82 93 92 94 #UTIL: 1359825
83 46 82 93 94 #UTIL: 1032400
83 46 82 92 #UTIL: 1306080
83 46 82 92 94 #UTIL: 1621927
83 46 82 94 #UTIL: 1226040
83 46 92 94 #UTIL: 1042388
83 95 73 74 72 82 93 92 94 #UTIL: 1043321
83 95 73 74 72 82 92 94 #UTIL: 1207682
83 95 73 74 82 93 92 94 #UTIL: 1118063
83 95 73 74 82 92 #UTIL: 1059448
83 95 73 74 82 92 94 #UTIL: 1302632
83 95 73 72 82 93 92 94 #UTIL: 1227252
83 95 73 72 82 92 #UTIL: 1144914
83 95 73 72 82 92 94 #UTIL: 1414653
83 95 73 72 82 94 #UTIL: 1069052
83 95 73 82 93 92 #UTIL: 1136189
83 95 73 82 93 92 94 #UTIL: 1399111
83 95 73 82 93 94 #UTIL: 1036925
83 95 73 82 92 #UTIL: 1321450
83 95 73 82 92 94 #UTIL: 1626666
83 95 73 82 94 #UTIL: 1210131
83 95 74 72 82 93 92 94 #UTIL: 1182345
83 95 74 72 82 92 #UTIL: 1169703
83 95 74 72 82 92 94 #UTIL: 1436288
83 95 74 72 82 94 #UTIL: 1073058
83 95 74 82 93 92 #UTIL: 1074190
83 95 74 82 93 92 94 #UTIL: 1317753
83 95 74 82 92 #UTIL: 1337695
83 95 74 82 92 94 #UTIL: 1638201
83 95 74 82 94 #UTIL: 1221847
83 95 74 92 94 #UTIL: 1008344
83 95 72 82 93 92 #UTIL: 1129490
83 95 72 82 93 92 94 #UTIL: 1392090
83 95 72 82 93 94 #UTIL: 1032602
83 95 72 82 92 #UTIL: 1400128
83 95 72 82 92 94 #UTIL: 1724418
83 95 72 82 94 #UTIL: 1284287
83 95 72 92 94 #UTIL: 1052475
83 95 82 #UTIL: 1186986
83 95 82 93 92 #UTIL: 1337891
83 95 82 93 92 94 #UTIL: 1643854
83 95 82 93 94 #UTIL: 1216487
83 95 82 92 #UTIL: 1738597
83 95 82 92 94 #UTIL: 2126573
83 95 82 94 #UTIL: 1574962
83 95 93 92 94 #UTIL: 1031311
83 95 92 94 #UTIL: 1274061
83 73 74 72 82 93 92 #UTIL: 1050016
83 73 74 72 82 93 92 94 #UTIL: 1287616
83 73 74 72 82 93 94 #UTIL: 1013587
83 73 74 72 82 92 #UTIL: 1219093
83 73 74 72 82 92 94 #UTIL: 1496202
83 73 74 72 82 94 #UTIL: 1197541
83 73 74 82 93 92 #UTIL: 1092256
83 73 74 82 93 92 94 #UTIL: 1343117
83 73 74 82 93 94 #UTIL: 1040530
83 73 74 82 92 #UTIL: 1268861
83 73 74 82 92 94 #UTIL: 1562221
83 73 74 82 94 #UTIL: 1226752
83 73 72 82 #UTIL: 1039152
83 73 72 82 93 92 #UTIL: 1200862
83 73 72 82 93 92 94 #UTIL: 1478547
83 73 72 82 93 94 #UTIL: 1153218
83 73 72 82 92 #UTIL: 1399523
83 73 72 82 92 94 #UTIL: 1726216
83 73 72 82 94 #UTIL: 1367046
83 73 72 92 94 #UTIL: 1065600
83 73 82 #UTIL: 1113191
83 73 82 93 92 #UTIL: 1335647
83 73 82 93 92 94 #UTIL: 1650986
83 73 82 93 94 #UTIL: 1259637
83 73 82 92 #UTIL: 1556611
83 73 82 92 94 #UTIL: 1926114
83 73 82 94 #UTIL: 1483895
83 73 93 92 94 #UTIL: 1026340
83 73 92 94 #UTIL: 1163815
83 74 72 82 #UTIL: 1078553
83 74 72 82 93 92 #UTIL: 1222671
83 74 72 82 93 92 94 #UTIL: 1499987
83 74 72 82 93 94 #UTIL: 1157096
83 74 72 82 92 #UTIL: 1475987
83 74 72 82 92 94 #UTIL: 1813326
83 74 72 82 94 #UTIL: 1417093
83 74 72 92 94 #UTIL: 1134560
83 74 82 #UTIL: 1158002
83 74 82 93 92 #UTIL: 1313849
83 74 82 93 92 94 #UTIL: 1613140
83 74 82 93 94 #UTIL: 1233625
83 74 82 92 #UTIL: 1613443
83 74 82 92 94 #UTIL: 1985453
83 74 82 94 #UTIL: 1531213
83 74 93 92 94 #UTIL: 1021709
83 74 92 94 #UTIL: 1211641
83 72 82 #UTIL: 1292043
83 72 82 93 #UTIL: 1003004
83 72 82 93 92 #UTIL: 1409460
83 72 82 93 92 94 #UTIL: 1736857
83 72 82 93 94 #UTIL: 1331358
83 72 82 92 #UTIL: 1785226
83 72 82 92 94 #UTIL: 2192899
83 72 82 94 #UTIL: 1701052
83 72 93 92 94 #UTIL: 1079076
83 72 92 94 #UTIL: 1324378
83 82 #UTIL: 1512851
83 82 93 #UTIL: 1156892
83 82 93 92 #UTIL: 1622205
83 82 93 92 94 #UTIL: 2006002
83 82 93 94 #UTIL: 1541876
83 82 92 #UTIL: 2115979
83 82 92 94 #UTIL: 2601992
83 82 94 #UTIL: 2000430
83 93 92 94 #UTIL: 1276291
83 92 94 #UTIL: 1585242
87 48 95 82 92 94 #UTIL: 1093472
87 48 82 92 94 #UTIL: 1062451
87 96 95 74 82 92 94 #UTIL: 1025095
87 96 95 82 92 #UTIL: 1001796
87 96 95 82 92 94 #UTIL: 1222427
87 96 74 82 92 94 #UTIL: 1033870
87 96 82 93 92 94 #UTIL: 1014134
87 96 82 92 #UTIL: 1001972
87 96 82 92 94 #UTIL: 1233214
87 65 95 73 82 92 94 #UTIL: 1081294
87 65 95 74 82 92 94 #UTIL: 1008806
87 65 95 72 82 93 92 94 #UTIL: 1037424
87 65 95 72 82 92 94 #UTIL: 1206606
87 65 95 82 93 92 94 #UTIL: 1174402
87 65 95 82 92 #UTIL: 1140357
87 65 95 82 92 94 #UTIL: 1396960
87 65 95 82 94 #UTIL: 1008077
87 65 73 72 82 92 94 #UTIL: 1028686
87 65 73 82 92 94 #UTIL: 1143200
87 65 74 72 82 92 94 #UTIL: 1021421
87 65 74 82 92 94 #UTIL: 1056779
87 65 72 82 93 92 94 #UTIL: 1035168
87 65 72 82 92 #UTIL: 1047463
87 65 72 82 92 94 #UTIL: 1292890
87 65 82 93 92 94 #UTIL: 1170358
87 65 82 92 #UTIL: 1204525
87 65 82 92 94 #UTIL: 1483276
87 65 82 94 #UTIL: 1087386
87 47 46 95 82 93 92 94 #UTIL: 1008238
87 47 46 95 82 92 94 #UTIL: 1068304
87 47 46 82 92 94 #UTIL: 1071013
87 47 95 73 74 82 92 94 #UTIL: 1018819
87 47 95 73 72 82 93 92 94 #UTIL: 1088456
87 47 95 73 72 82 92 94 #UTIL: 1216694
87 47 95 73 82 93 92 94 #UTIL: 1216991
87 47 95 73 82 92 #UTIL: 1096458
87 47 95 73 82 92 94 #UTIL: 1353291
87 47 95 74 72 82 92 94 #UTIL: 1074458
87 47 95 74 82 93 92 94 #UTIL: 1030999
87 47 95 74 82 92 94 #UTIL: 1143596
87 47 95 72 82 93 92 94 #UTIL: 1220411
87 47 95 72 82 92 #UTIL: 1138588
87 47 95 72 82 92 94 #UTIL: 1407094
87 47 95 72 82 94 #UTIL: 1005961
87 47 95 82 93 92 #UTIL: 1113627
87 47 95 82 93 92 94 #UTIL: 1388752
87 47 95 82 92 #UTIL: 1315399
87 47 95 82 92 94 #UTIL: 1627774
87 47 95 82 94 #UTIL: 1153927
87 47 73 74 82 92 94 #UTIL: 1007455
87 47 73 72 82 93 92 94 #UTIL: 1095169
87 47 73 72 82 92 #UTIL: 1013898
87 47 73 72 82 92 94 #UTIL: 1254219
87 47 73 82 93 92 94 #UTIL: 1212986
87 47 73 82 92 #UTIL: 1106035
87 47 73 82 92 94 #UTIL: 1378660
87 47 74 72 82 92 94 #UTIL: 1060187
87 47 74 82 93 92 94 #UTIL: 1019720
87 47 74 82 92 94 #UTIL: 1124273
87 47 72 82 93 92 94 #UTIL: 1220989
87 47 72 82 92 #UTIL: 1154725
87 47 72 82 92 94 #UTIL: 1441061
87 47 72 82 94 #UTIL: 1025044
87 47 82 93 92 #UTIL: 1088653
87 47 82 93 92 94 #UTIL: 1375885
87 47 82 92 #UTIL: 1324966
87 47 82 92 94 #UTIL: 1656863
87 47 82 94 #UTIL: 1166057
87 46 95 73 74 82 92 94 #UTIL: 1006420
87 46 95 73 72 82 93 92 94 #UTIL: 1129533
87 46 95 73 72 82 92 #UTIL: 1001171
87 46 95 73 72 82 92 94 #UTIL: 1234671
87 46 95 73 82 93 92 #UTIL: 1058589
87 46 95 73 82 93 92 94 #UTIL: 1315053
87 46 95 73 82 92 #UTIL: 1158951
87 46 95 73 82 92 94 #UTIL: 1439984
87 46 95 73 82 94 #UTIL: 1008627
87 46 95 74 72 82 93 92 94 #UTIL: 1028291
87 46 95 74 72 82 92 94 #UTIL: 1144754
87 46 95 74 82 93 92 94 #UTIL: 1121499
87 46 95 74 82 92 #UTIL: 1008113
87 46 95 74 82 92 94 #UTIL: 1243083
87 46 95 72 82 93 92 #UTIL: 1134928
87 46 95 72 82 93 92 94 #UTIL: 1400920
87 46 95 72 82 92 #UTIL: 1271371
87 46 95 72 82 92 94 #UTIL: 1565073
87 46 95 72 82 94 #UTIL: 1109976
87 46 95 82 93 92 #UTIL: 1284569
87 46 95 82 93 92 94 #UTIL: 1592660
87 46 95 82 93 94 #UTIL: 1109839
87 46 95 82 92 #UTIL: 1486417
87 46 95 82 92 94 #UTIL: 1837660
87 46 95 82 94 #UTIL: 1289393
87 46 95 93 92 94 #UTIL: 1040199
87 46 95 92 94 #UTIL: 1138916
87 46 73 72 82 93 92 94 #UTIL: 1114824
87 46 73 72 82 92 94 #UTIL: 1227251
87 46 73 82 93 92 #UTIL: 1022657
87 46 73 82 93 92 94 #UTIL: 1288099
87 46 73 82 92 #UTIL: 1129317
87 46 73 82 92 94 #UTIL: 1424813
87 46 74 72 82 93 92 94 #UTIL: 1026320
87 46 74 72 82 92 94 #UTIL: 1149215
87 46 74 82 93 92 94 #UTIL: 1120900
87 46 74 82 92 #UTIL: 1001260
87 46 74 82 92 94 #UTIL: 1252924
87 46 72 82 93 92 #UTIL: 1127114
87 46 72 82 93 92 94 #UTIL: 1408108
87 46 72 82 92 #UTIL: 1292260
87 46 72 82 92 94 #UTIL: 1608574
87 46 72 82 94 #UTIL: 1125327
87 46 82 93 92 #UTIL: 1271599
87 46 82 93 92 94 #UTIL: 1597778
87 46 82 93 94 #UTIL: 1092990
87 46 82 92 #UTIL: 1514407
87 46 82 92 94 #UTIL: 1895621
87 46 82 94 #UTIL: 1311827
87 46 93 92 94 #UTIL: 1032395
87 46 92 94 #UTIL: 1146808
87 95 73 74 72 82 93 92 94 #UTIL: 1191654
87 95 73 74 72 82 92 #UTIL: 1100139
87 95 73 74 72 82 92 94 #UTIL: 1336773
87 95 73 74 82 93 92 #UTIL: 1078957
87 95 73 74 82 93 92 94 #UTIL: 1319106
87 95 73 74 82 92 #UTIL: 1237318
87 95 73 74 82 92 94 #UTIL: 1506845
87 95 73 74 82 94 #UTIL: 1099433
87 95 73 72 82 93 92 #UTIL: 1210228
87 95 73 72 82 93 92 94 #UTIL: 1483690
87 95 73 72 82 93 94 #UTIL: 1064709
87 95 73 72 82 92 #UTIL: 1376444
87 95 73 72 82 92 94 #UTIL: 1685668
87 95 73 72 82 94 #UTIL: 1220423
87 95 73 72 92 94 #UTIL: 1009534
87 95 73 82 #UTIL: 1079535
87 95 73 82 93 92 #UTIL: 1424464
87 95 73 82 93 92 94 #UTIL: 1751600
87 95 73 82 93 94 #UTIL: 1243063
87 95 73 82 92 #UTIL: 1660859
87 95 73 82 92 94 #UTIL: 2037161
87 95 73 82 94 #UTIL: 1455837
87 95 73 93 92 94 #UTIL: 1064431
87 95 73 92 94 #UTIL: 1184802
87 95 74 72 82 93 92 #UTIL: 1158485
87 95 74 72 82 93 92 94 #UTIL: 1408512
87 95 74 72 82 93 94 #UTIL: 1018336
87 95 74 72 82 92 #UTIL: 1359217
87 95 74 72 82 92 94 #UTIL: 1649772
87 95 74 72 82 94 #UTIL: 1199750
87 95 74 72 92 94 #UTIL: 1017402
87 95 74 82 #UTIL: 1080451
87 95 74 82 93 92 #UTIL: 1330239
87 95 74 82 93 92 94 #UTIL: 1619800
87 95 74 82 93 94 #UTIL: 1172441
87 95 74 82 92 #UTIL: 1607029
87 95 74 82 92 94 #UTIL: 1951499
87 95 74 82 94 #UTIL: 1424921
87 95 74 92 94 #UTIL: 1137009
87 95 72 82 #UTIL: 1154464
87 95 72 82 93 92 #UTIL: 1464168
87 95 72 82 93 92 94 #UTIL: 1797984
87 95 72 82 93 94 #UTIL: 1276552
87 95 72 82 92 #UTIL: 1764488
87 95 72 82 92 94 #UTIL: 2158371
87 95 72 82 94 #UTIL: 1548347
87 95 72 93 92 94 #UTIL: 1152459
87 95 72 92 94 #UTIL: 1305661
87 95 82 #UTIL: 1538073
87 95 82 93 #UTIL: 1177133
87 95 82 93 92 #UTIL: 1816388
87 95 82 93 92 94 #UTIL: 2227393
87 95 82 93 94 #UTIL: 1588138
87 95 82 92 #UTIL: 2335802
87 95 82 92 94 #UTIL: 2849006
87 95 82 94 #UTIL: 2051277
87 95 93 92 94 #UTIL: 1351401
87 95 92 #UTIL: 1101293
87 95 92 94 #UTIL: 1636824
87 73 74 72 82 93 92 94 #UTIL: 1193057
87 73 74 72 82 92 #UTIL: 1104125
87 73 74 72 82 92 94 #UTIL: 1359484
87 73 74 72 82 94 #UTIL: 1016286
87 73 74 82 93 92 #UTIL: 1059771
87 73 74 82 93 92 94 #UTIL: 1311241
87 73 74 82 92 #UTIL: 1232474
87 73 74 82 92 94 #UTIL: 1522880
87 73 74 82 94 #UTIL: 1121753
87 73 72 82 93 92 #UTIL: 1211490
87 73 72 82 93 92 94 #UTIL: 1502992
87 73 72 82 93 94 #UTIL: 1085413
87 73 72 82 92 #UTIL: 1419910
87 73 72 82 92 94 #UTIL: 1758263
87 73 72 82 94 #UTIL: 1294581
87 73 72 92 94 #UTIL: 1007175
87 73 82 #UTIL: 1100233
87 73 82 93 92 #UTIL: 1411398
87 73 82 93 92 94 #UTIL: 1758489
87 73 82 93 94 #UTIL: 1248245
87 73 82 92 #UTIL: 1687848
87 73 82 92 94 #UTIL: 2097348
87 73 82 94 #UTIL: 1510934
87 73 93 92 94 #UTIL: 1051252
87 73 92 94 #UTIL: 1182834
87 74 72 82 93 92 #UTIL: 1193126
87 74 72 82 93 92 94 #UTIL: 1464852
87 74 72 82 93 94 #UTIL: 1064602
87 74 72 82 92 #UTIL: 1415662
87 74 72 82 92 94 #UTIL: 1732180
87 74 72 82 94 #UTIL: 1272619
87 74 72 92 94 #UTIL: 1029190
87 74 82 #UTIL: 1118909
87 74 82 93 92 #UTIL: 1357777
87 74 82 93 92 94 #UTIL: 1670956
87 74 82 93 94 #UTIL: 1210058
87 74 82 92 #UTIL: 1667573
87 74 82 92 94 #UTIL: 2045321
87 74 82 94 #UTIL: 1498566
87 74 93 92 94 #UTIL: 1003335
87 74 92 94 #UTIL: 1162308
87 72 82 #UTIL: 1244037
87 72 82 93 92 #UTIL: 1508787
87 72 82 93 92 94 #UTIL: 1872176
87 72 82 93 94 #UTIL: 1332752
87 72 82 92 #UTIL: 1884302
87 72 82 92 94 #UTIL: 2320035
87 72 82 94 #UTIL: 1681679
87 72 93 92 94 #UTIL: 1157353
87 72 92 94 #UTIL: 1336073
87 82 #UTIL: 1657862
87 82 93 #UTIL: 1193641
87 82 93 92 #UTIL: 1860944
87 82 93 92 94 #UTIL: 2303803
87 82 93 94 #UTIL: 1637989
87 82 92 #UTIL: 2488341
87 82 92 94 #UTIL: 3046377
87 82 94 #UTIL: 2197946
87 93 92 94 #UTIL: 1369808
87 92 #UTIL: 1088105
87 92 94 #UTIL: 1690785
48 96 47 93 92 94 #UTIL: 1014510
48 96 46 73 74 93 92 94 #UTIL: 1090688
48 96 46 73 74 92 94 #UTIL: 1052882
48 96 46 73 93 92 94 #UTIL: 1195169
48 96 46 73 92 94 #UTIL: 1149884
48 96 46 74 93 92 94 #UTIL: 1142276
48 96 46 74 92 94 #UTIL: 1103535
48 96 46 72 93 92 94 #UTIL: 1005010
48 96 46 93 92 94 #UTIL: 1286709
48 96 46 92 94 #UTIL: 1245033
48 96 73 74 72 93 92 94 #UTIL: 1015527
48 96 73 74 93 92 94 #UTIL: 1192568
48 96 73 74 92 94 #UTIL: 1150328
48 96 73 72 93 92 94 #UTIL: 1028072
48 96 73 72 92 94 #UTIL: 1002593
48 96 73 93 92 94 #UTIL: 1299303
48 96 73 92 94 #UTIL: 1254719
48 96 74 72 93 92 94 #UTIL: 1068571
48 96 74 72 92 94 #UTIL: 1044939
48 96 74 93 92 94 #UTIL: 1263394
48 96 74 92 94 #UTIL: 1221501
48 96 72 93 92 94 #UTIL: 1111679
48 96 72 92 94 #UTIL: 1094193
48 96 82 92 94 #UTIL: 1010256
48 96 93 92 94 #UTIL: 1436880
48 96 92 94 #UTIL: 1395467
48 65 82 92 94 #UTIL: 1009668
48 47 46 73 74 93 92 94 #UTIL: 1036790
48 47 46 73 74 92 94 #UTIL: 1002736
48 47 46 73 93 92 94 #UTIL: 1193514
48 47 46 73 92 94 #UTIL: 1150901
48 47 46 74 93 92 94 #UTIL: 1105118
48 47 46 74 92 94 #UTIL: 1068906
48 47 46 72 93 92 94 #UTIL: 1093955
48 47 46 72 92 94 #UTIL: 1074767
48 47 46 82 93 92 94 #UTIL: 1041115
48 47 46 82 92 94 #UTIL: 1053716
48 47 46 93 92 94 #UTIL: 1327433
48 47 46 92 94 #UTIL: 1296328
48 47 95 73 72 82 92 94 #UTIL: 1016221
48 47 95 73 82 93 92 94 #UTIL: 1066802
48 47 95 73 82 92 94 #UTIL: 1110487
48 47 95 72 82 93 92 94 #UTIL: 1026485
48 47 95 72 82 92 94 #UTIL: 1091172
48 47 95 82 93 92 94 #UTIL: 1137488
48 47 95 82 92 94 #UTIL: 1194420
48 47 95 93 92 94 #UTIL: 1085811
48 47 95 92 94 #UTIL: 1104367
48 47 73 74 82 93 92 94 #UTIL: 1005692
48 47 73 74 82 92 94 #UTIL: 1039000
48 47 73 74 93 92 94 #UTIL: 1088541
48 47 73 74 92 94 #UTIL: 1073689
48 47 73 72 82 93 92 94 #UTIL: 1061037
48 47 73 72 82 92 94 #UTIL: 1103605
48 47 73 72 93 92 94 #UTIL: 1046275
48 47 73 72 92 94 #UTIL: 1045881
48 47 73 82 93 92 94 #UTIL: 1161992
48 47 73 82 92 94 #UTIL: 1196201
48 47 73 93 92 94 #UTIL: 1254113
48 47 73 92 94 #UTIL: 1235133
48 47 74 72 82 92 94 #UTIL: 1002405
48 47 74 72 93 92 94 #UTIL: 1048356
48 47 74 72 92 94 #UTIL: 1045354
48 47 74 82 93 92 94 #UTIL: 1019632
48 47 74 82 92 94 #UTIL: 1050204
48 47 74 93 92 94 #UTIL: 1165959
48 47 74 92 94 #UTIL: 1152472
48 47 72 82 93 92 94 #UTIL: 1125184
48 47 72 82 92 94 #UTIL: 1178928
48 47 72 93 92 94 #UTIL: 1166323
48 47 72 92 94 #UTIL: 1171941
48 47 82 93 92 94 #UTIL: 1234428
48 47 82 92 94 #UTIL: 1291842
48 47 93 92 94 #UTIL: 1419819
48 47 92 94 #UTIL: 1413832
48 46 95 73 82 92 94 #UTIL: 1056284
48 46 95 73 93 92 94 #UTIL: 1048752
48 46 95 73 92 94 #UTIL: 1049152
48 46 95 74 82 92 94 #UTIL: 1020545
48 46 95 72 82 92 94 #UTIL: 1080916
48 46 95 82 93 92 94 #UTIL: 1093044
48 46 95 82 92 94 #UTIL: 1211506
48 46 95 93 92 94 #UTIL: 1204768
48 46 95 92 94 #UTIL: 1228334
48 46 73 74 72 82 92 94 #UTIL: 1027944
48 46 73 74 72 93 92 94 #UTIL: 1133673
48 46 73 74 72 92 94 #UTIL: 1136948
48 46 73 74 82 92 94 #UTIL: 1075880
48 46 73 74 93 92 94 #UTIL: 1324148
48 46 73 74 92 94 #UTIL: 1309403
48 46 73 72 82 93 92 94 #UTIL: 1042729
48 46 73 72 82 92 94 #UTIL: 1114840
48 46 73 72 93 92 94 #UTIL: 1225350
48 46 73 72 92 94 #UTIL: 1221786
48 46 73 82 93 92 94 #UTIL: 1150416
48 46 73 82 92 94 #UTIL: 1221227
48 46 73 93 92 94 #UTIL: 1542182
48 46 73 92 94 #UTIL: 1514087
48 46 74 72 82 92 94 #UTIL: 1077723
48 46 74 72 93 92 94 #UTIL: 1219543
48 46 74 72 92 94 #UTIL: 1224228
48 46 74 82 93 92 94 #UTIL: 1067768
48 46 74 82 92 94 #UTIL: 1175417
48 46 74 93 92 94 #UTIL: 1458638
48 46 74 92 94 #UTIL: 1452020
48 46 72 82 93 92 94 #UTIL: 1142535
48 46 72 82 92 94 #UTIL: 1247803
48 46 72 93 92 94 #UTIL: 1374755
48 46 72 92 94 #UTIL: 1380465
48 46 82 93 92 94 #UTIL: 1283173
48 46 82 92 94 #UTIL: 1414060
48 46 93 92 94 #UTIL: 1817826
48 46 93 94 #UTIL: 1125875
48 46 92 94 #UTIL: 1806394
48 46 94 #UTIL: 1036370
48 95 73 74 72 82 92 94 #UTIL: 1089294
48 95 73 74 82 93 92 94 #UTIL: 1051683
48 95 73 74 82 92 94 #UTIL: 1183582
48 95 73 74 92 94 #UTIL: 1046456
48 95 73 72 82 93 92 94 #UTIL: 1098306
48 95 73 72 82 92 94 #UTIL: 1230811
48 95 73 72 93 92 94 #UTIL: 1004430
48 95 73 72 92 94 #UTIL: 1045719
48 95 73 82 93 92 94 #UTIL: 1258047
48 95 73 82 92 #UTIL: 1013436
48 95 73 82 92 94 #UTIL: 1388422
48 95 73 93 92 94 #UTIL: 1213595
48 95 73 92 94 #UTIL: 1250707
48 95 74 72 82 92 94 #UTIL: 1144352
48 95 74 72 92 94 #UTIL: 1005081
48 95 74 82 93 92 94 #UTIL: 1138956
48 95 74 82 92 94 #UTIL: 1302306
48 95 74 93 92 94 #UTIL: 1101265
48 95 74 92 94 #UTIL: 1160392
48 95 72 82 93 92 94 #UTIL: 1189355
48 95 72 82 92 94 #UTIL: 1352573
48 95 72 93 92 94 #UTIL: 1118795
48 95 72 92 94 #UTIL: 1169677
48 95 82 93 92 #UTIL: 1038734
48 95 82 93 92 94 #UTIL: 1431713
48 95 82 92 #UTIL: 1169900
48 95 82 92 94 #UTIL: 1607576
48 95 82 94 #UTIL: 1100647
48 95 93 92 94 #UTIL: 1420591
48 95 92 94 #UTIL: 1478644
48 73 74 72 82 93 92 94 #UTIL: 1137939
48 73 74 72 82 92 94 #UTIL: 1275510
48 73 74 72 93 92 94 #UTIL: 1255756
48 73 74 72 92 94 #UTIL: 1293130
48 73 74 82 93 92 94 #UTIL: 1225918
48 73 74 82 92 94 #UTIL: 1360525
48 73 74 93 92 94 #UTIL: 1460563
48 73 74 92 94 #UTIL: 1473581
48 73 72 82 93 92 94 #UTIL: 1267842
48 73 72 82 92 #UTIL: 1026664
48 73 72 82 92 94 #UTIL: 1406963
48 73 72 82 94 #UTIL: 1009439
48 73 72 93 92 94 #UTIL: 1361300
48 73 72 92 94 #UTIL: 1395160
48 73 82 93 92 #UTIL: 1038086
48 73 82 93 92 94 #UTIL: 1438448
48 73 82 93 94 #UTIL: 1025651
48 73 82 92 #UTIL: 1130917
48 73 82 92 94 #UTIL: 1571594
48 73 82 94 #UTIL: 1097923
48 73 93 92 94 #UTIL: 1714003
48 73 93 94 #UTIL: 1008746
48 73 92 94 #UTIL: 1715109
48 74 72 82 93 92 94 #UTIL: 1169507
48 74 72 82 92 94 #UTIL: 1331965
48 74 72 93 92 94 #UTIL: 1349590
48 74 72 92 94 #UTIL: 1391063
48 74 82 93 92 94 #UTIL: 1316126
48 74 82 92 #UTIL: 1070492
48 74 82 92 94 #UTIL: 1489938
48 74 82 94 #UTIL: 1066047
48 74 93 92 94 #UTIL: 1619786
48 74 92 94 #UTIL: 1648479
48 72 82 93 92 94 #UTIL: 1372184
48 72 82 92 #UTIL: 1123850
48 72 82 92 94 #UTIL: 1553322
48 72 82 94 #UTIL: 1103305
48 72 93 92 94 #UTIL: 1540294
48 72 92 94 #UTIL: 1583860
48 82 93 92 #UTIL: 1180795
48 82 93 92 94 #UTIL: 1641144
48 82 93 94 #UTIL: 1170349
48 82 92 #UTIL: 1324097
48 82 92 94 #UTIL: 1841128
48 82 94 #UTIL: 1287047
48 93 92 #UTIL: 1101809
48 93 92 94 #UTIL: 2080271
48 93 94 #UTIL: 1232075
48 92 #UTIL: 1035674
48 92 94 #UTIL: 2099860
48 94 #UTIL: 1136293
96 65 95 82 92 94 #UTIL: 1003275
96 65 74 72 82 92 94 #UTIL: 1024712
96 65 74 82 92 94 #UTIL: 1055231
96 65 72 82 93 92 94 #UTIL: 1001202
96 65 72 82 92 94 #UTIL: 1081925
96 65 82 93 92 94 #UTIL: 1049844
96 65 82 92 94 #UTIL: 1166575
96 65 93 92 94 #UTIL: 1053765
96 65 92 94 #UTIL: 1072455
96 47 46 73 74 93 92 94 #UTIL: 1052371
96 47 46 73 74 92 94 #UTIL: 1036194
96 47 46 73 93 92 94 #UTIL: 1135884
96 47 46 73 92 94 #UTIL: 1116844
96 47 46 74 93 92 94 #UTIL: 1116435
96 47 46 74 92 94 #UTIL: 1093163
96 47 46 72 92 94 #UTIL: 1012460
96 47 46 93 92 94 #UTIL: 1244250
96 47 46 92 94 #UTIL: 1233088
96 47 95 73 92 94 #UTIL: 1021006
96 47 95 82 93 92 94 #UTIL: 1014145
96 47 95 82 92 94 #UTIL: 1104776
96 47 95 93 92 94 #UTIL: 1092969
96 47 95 92 94 #UTIL: 1127575
96 47 73 74 72 93 92 94 #UTIL: 1016841
96 47 73 74 72 92 94 #UTIL: 1022265
96 47 73 74 82 92 94 #UTIL: 1002098
96 47 73 74 93 92 94 #UTIL: 1141329
96 47 73 74 92 94 #UTIL: 1129587
96 47 73 72 93 92 94 #UTIL: 1029548
96 47 73 72 92 94 #UTIL: 1050442
96 47 73 82 93 92 94 #UTIL: 1031081
96 47 73 82 92 94 #UTIL: 1082523
96 47 73 93 92 94 #UTIL: 1252111
96 47 73 92 94 #UTIL: 1250433
96 47 74 72 93 92 94 #UTIL: 1085008
96 47 74 72 92 94 #UTIL: 1085589
96 47 74 82 93 92 94 #UTIL: 1013056
96 47 74 82 92 94 #UTIL: 1041093
96 47 74 93 92 94 #UTIL: 1235823
96 47 74 92 94 #UTIL: 1219530
96 47 72 82 92 94 #UTIL: 1062502
96 47 72 93 92 94 #UTIL: 1112736
96 47 72 92 94 #UTIL: 1151502
96 47 82 93 92 94 #UTIL: 1116334
96 47 82 92 94 #UTIL: 1224790
96 47 93 92 94 #UTIL: 1415513
96 47 92 94 #UTIL: 1432401
96 46 95 73 74 82 93 92 94 #UTIL: 1005548
96 46 95 73 74 82 92 94 #UTIL: 1081963
96 46 95 73 74 93 92 94 #UTIL: 1061161
96 46 95 73 74 92 94 #UTIL: 1080842
96 46 95 73 72 82 92 94 #UTIL: 1058866
96 46 95 73 72 92 94 #UTIL: 1012282
96 46 95 73 82 93 92 94 #UTIL: 1095923
96 46 95 73 82 92 94 #UTIL: 1168969
96 46 95 73 93 92 94 #UTIL: 1201999
96 46 95 73 92 94 #UTIL: 1211584
96 46 95 74 72 82 93 92 94 #UTIL: 1049007
96 46 95 74 72 82 92 94 #UTIL: 1164588
96 46 95 74 72 93 92 94 #UTIL: 1003975
96 46 95 74 72 92 94 #UTIL: 1043610
96 46 95 74 82 93 92 94 #UTIL: 1141412
96 46 95 74 82 92 94 #UTIL: 1259431
96 46 95 74 93 92 94 #UTIL: 1152152
96 46 95 74 92 94 #UTIL: 1186514
96 46 95 72 82 93 92 94 #UTIL: 1139522
96 46 95 72 82 92 94 #UTIL: 1283803
96 46 95 72 93 92 94 #UTIL: 1088950
96 46 95 72 92 94 #UTIL: 1139980
96 46 95 82 93 92 94 #UTIL: 1273483
96 46 95 82 92 #UTIL: 1022798
96 46 95 82 92 94 #UTIL: 1418937
96 46 95 93 92 94 #UTIL: 1323913
96 46 95 92 94 #UTIL: 1366368
96 46 73 74 72 82 93 92 94 #UTIL: 1044764
96 46 73 74 72 82 92 94 #UTIL: 1119336
96 46 73 74 72 93 92 94 #UTIL: 1235380
96 46 73 74 72 92 94 #UTIL: 1251561
96 46 73 74 82 93 92 94 #UTIL: 1109980
96 46 73 74 82 92 94 #UTIL: 1187425
96 46 73 74 93 92 94 #UTIL: 1447306
96 46 73 74 92 94 #UTIL: 1445696
96 46 73 72 82 93 92 94 #UTIL: 1103514
96 46 73 72 82 92 94 #UTIL: 1189132
96 46 73 72 93 92 94 #UTIL: 1295950
96 46 73 72 92 94 #UTIL: 1305847
96 46 73 82 93 92 94 #UTIL: 1218203
96 46 73 82 92 94 #UTIL: 1304571
96 46 73 93 92 94 #UTIL: 1633041
96 46 73 93 94 #UTIL: 1022398
96 46 73 92 94 #UTIL: 1621607
96 46 74 72 82 93 92 94 #UTIL: 1158451
96 46 74 72 82 92 94 #UTIL: 1275084
96 46 74 72 93 92 94 #UTIL: 1329483
96 46 74 72 92 94 #UTIL: 1365393
96 46 74 82 93 92 94 #UTIL: 1234496
96 46 74 82 92 94 #UTIL: 1351886
96 46 74 93 92 94 #UTIL: 1591102
96 46 74 93 94 #UTIL: 1007573
96 46 74 92 94 #UTIL: 1603170
96 46 72 82 93 92 94 #UTIL: 1240635
96 46 72 82 92 #UTIL: 1031449
96 46 72 82 92 94 #UTIL: 1412339
96 46 72 82 94 #UTIL: 1003163
96 46 72 93 92 94 #UTIL: 1421204
96 46 72 92 94 #UTIL: 1476255
96 46 82 93 92 94 #UTIL: 1388007
96 46 82 92 #UTIL: 1112148
96 46 82 92 94 #UTIL: 1555804
96 46 82 94 #UTIL: 1075164
96 46 93 92 #UTIL: 1046688
96 46 93 92 94 #UTIL: 1857991
96 46 93 94 #UTIL: 1146693
96 46 92 #UTIL: 1001622
96 46 92 94 #UTIL: 1881597
96 46 94 #UTIL: 1098279
96 95 73 74 72 82 93 92 94 #UTIL: 1059285
96 95 73 74 72 82 92 94 #UTIL: 1150700
96 95 73 74 72 93 92 94 #UTIL: 1064140
96 95 73 74 72 92 94 #UTIL: 1090200
96 95 73 74 82 93 92 94 #UTIL: 1189124
96 95 73 74 82 92 94 #UTIL: 1307392
96 95 73 74 93 92 94 #UTIL: 1209802
96 95 73 74 92 94 #UTIL: 1236510
96 95 73 72 82 93 92 94 #UTIL: 1121867
96 95 73 72 82 92 94 #UTIL: 1228445
96 95 73 72 93 92 94 #UTIL: 1125644
96 95 73 72 92 94 #UTIL: 1163561
96 95 73 82 93 92 94 #UTIL: 1300223
96 95 73 82 92 #UTIL: 1030672
96 95 73 82 92 94 #UTIL: 1432572
96 95 73 93 92 94 #UTIL: 1376142
96 95 73 92 94 #UTIL: 1409818
96 95 74 72 82 93 92 94 #UTIL: 1200650
96 95 74 72 82 92 94 #UTIL: 1351375
96 95 74 72 93 92 94 #UTIL: 1164464
96 95 74 72 92 94 #UTIL: 1214768
96 95 74 82 93 92 #UTIL: 1011087
96 95 74 82 93 92 94 #UTIL: 1385713
96 95 74 82 92 #UTIL: 1170824
96 95 74 82 92 94 #UTIL: 1594947
96 95 74 82 94 #UTIL: 1121412
96 95 74 93 92 94 #UTIL: 1346887
96 95 74 92 94 #UTIL: 1417892
96 95 72 82 93 92 94 #UTIL: 1298115
96 95 72 82 92 #UTIL: 1096541
96 95 72 82 92 94 #UTIL: 1494964
96 95 72 82 94 #UTIL: 1033746
96 95 72 93 92 94 #UTIL: 1252416
96 95 72 92 94 #UTIL: 1332558
96 95 82 93 92 #UTIL: 1135265
96 95 82 93 92 94 #UTIL: 1546944
96 95 82 93 94 #UTIL: 1069281
96 95 82 92 #UTIL: 1374183
96 95 82 92 94 #UTIL: 1851910
96 95 82 94 #UTIL: 1289423
96 95 93 92 94 #UTIL: 1570233
96 95 92 94 #UTIL: 1683232
96 73 74 72 82 93 92 94 #UTIL: 1272122
96 73 74 72 82 92 94 #UTIL: 1372405
96 73 74 72 93 92 94 #UTIL: 1419457
96 73 74 72 92 94 #UTIL: 1440000
96 73 74 82 93 92 94 #UTIL: 1380278
96 73 74 82 92 #UTIL: 1087401
96 73 74 82 92 94 #UTIL: 1504979
96 73 74 82 94 #UTIL: 1072194
96 73 74 93 92 94 #UTIL: 1644080
96 73 74 93 94 #UTIL: 1029103
96 73 74 92 94 #UTIL: 1647968
96 73 72 82 93 92 94 #UTIL: 1337095
96 73 72 82 92 #UTIL: 1063941
96 73 72 82 92 94 #UTIL: 1468254
96 73 72 82 94 #UTIL: 1050454
96 73 72 93 92 94 #UTIL: 1489623
96 73 72 92 94 #UTIL: 1526259
96 73 82 93 92 #UTIL: 1102625
96 73 82 93 92 94 #UTIL: 1523898
96 73 82 93 94 #UTIL: 1077359
96 73 82 92 #UTIL: 1208309
96 73 82 92 94 #UTIL: 1675925
96 73 82 94 #UTIL: 1178678
96 73 93 92 #UTIL: 1060149
96 73 93 92 94 #UTIL: 1883961
96 73 93 94 #UTIL: 1147494
96 73 92 #UTIL: 1007422
96 73 92 94 #UTIL: 1896557
96 73 94 #UTIL: 1097005
96 74 72 82 93 92 #UTIL: 1049719
96 74 72 82 93 92 94 #UTIL: 1424654
96 74 72 82 93 94 #UTIL: 1028802
96 74 72 82 92 #UTIL: 1163845
96 74 72 82 92 94 #UTIL: 1581419
96 74 72 82 94 #UTIL: 1137657
96 74 72 93 92 94 #UTIL: 1547974
96 74 72 92 94 #UTIL: 1595136
96 74 82 93 92 #UTIL: 1168641
96 74 82 93 92 94 #UTIL: 1593261
96 74 82 93 94 #UTIL: 1144476
96 74 82 92 #UTIL: 1324452
96 74 82 92 94 #UTIL: 1804382
96 74 82 94 #UTIL: 1291101
96 74 93 92 #UTIL: 1047575
96 74 93 92 94 #UTIL: 1853260
96 74 93 94 #UTIL: 1137072
96 74 92 #UTIL: 1018994
96 74 92 94 #UTIL: 1899802
96 74 94 #UTIL: 1104890
96 72 82 93 92 #UTIL: 1130055
96 72 82 93 92 94 #UTIL: 1530037
96 72 82 93 94 #UTIL: 1091386
96 72 82 92 #UTIL: 1303199
96 72 82 92 94 #UTIL: 1766902
96 72 82 94 #UTIL: 1256108
96 72 93 92 94 #UTIL: 1670020
96 72 93 94 #UTIL: 1010942
96 72 92 94 #UTIL: 1761009
96 72 94 #UTIL: 1016894
96 82 93 92 #UTIL: 1332324
96 82 93 92 94 #UTIL: 1812912
96 82 93 94 #UTIL: 1281914
96 82 92 #UTIL: 1584776
96 82 92 94 #UTIL: 2146112
96 82 94 #UTIL: 1516702
96 93 92 #UTIL: 1271408
96 93 92 94 #UTIL: 2250320
96 93 94 #UTIL: 1348417
96 92 #UTIL: 1253812
96 92 94 #UTIL: 2339227
96 94 #UTIL: 1318542
65 47 95 73 72 82 92 94 #UTIL: 1088933
65 47 95 73 82 93 92 94 #UTIL: 1018452
65 47 95 73 82 92 94 #UTIL: 1103503
65 47 95 72 82 93 92 94 #UTIL: 1064784
65 47 95 72 82 92 94 #UTIL: 1197032
65 47 95 82 93 92 94 #UTIL: 1109836
65 47 95 82 92 94 #UTIL: 1267702
65 47 95 92 94 #UTIL: 1013264
65 47 73 74 72 82 92 94 #UTIL: 1020652
65 47 73 74 82 92 94 #UTIL: 1004651
65 47 73 72 82 93 92 94 #UTIL: 1096540
65 47 73 72 82 92 94 #UTIL: 1230082
65 47 73 82 93 92 94 #UTIL: 1106257
65 47 73 82 92 94 #UTIL: 1233454
65 47 73 92 94 #UTIL: 1012693
65 47 74 72 82 92 94 #UTIL: 1078472
65 47 74 82 92 94 #UTIL: 1070533
65 47 72 82 93 92 94 #UTIL: 1163665
65 47 72 82 92 94 #UTIL: 1341997
65 47 72 92 94 #UTIL: 1050674
65 47 82 93 92 94 #UTIL: 1203687
65 47 82 92 #UTIL: 1024042
65 47 82 92 94 #UTIL: 1403915
65 47 93 92 94 #UTIL: 1080725
65 47 92 94 #UTIL: 1130370
65 46 95 73 72 82 92 94 #UTIL: 1057363
65 46 95 73 82 93 92 94 #UTIL: 1044515
65 46 95 73 82 92 94 #UTIL: 1137752
65 46 95 74 72 82 92 94 #UTIL: 1023688
65 46 95 74 82 92 94 #UTIL: 1035154
65 46 95 72 82 93 92 94 #UTIL: 1149698
65 46 95 72 82 92 94 #UTIL: 1275582
65 46 95 72 92 94 #UTIL: 1016167
65 46 95 82 93 92 94 #UTIL: 1244718
65 46 95 82 92 #UTIL: 1028808
65 46 95 82 92 94 #UTIL: 1400306
65 46 95 93 92 94 #UTIL: 1074859
65 46 95 92 94 #UTIL: 1127723
65 46 73 74 72 82 93 92 94 #UTIL: 1000030
65 46 73 74 72 82 92 94 #UTIL: 1071255
65 46 73 74 82 92 94 #UTIL: 1061868
65 46 73 74 92 94 #UTIL: 1005275
65 46 73 72 82 93 92 94 #UTIL: 1140285
65 46 73 72 82 92 94 #UTIL: 1247400
65 46 73 72 93 92 94 #UTIL: 1045691
65 46 73 72 92 94 #UTIL: 1093529
65 46 73 82 93 92 94 #UTIL: 1184237
65 46 73 82 92 94 #UTIL: 1316936
65 46 73 93 92 94 #UTIL: 1117040
65 46 73 92 94 #UTIL: 1170196
65 46 74 72 82 93 92 94 #UTIL: 1088184
65 46 74 72 82 92 94 #UTIL: 1195980
65 46 74 72 93 92 94 #UTIL: 1010068
65 46 74 72 92 94 #UTIL: 1063347
65 46 74 82 93 92 94 #UTIL: 1094196
65 46 74 82 92 94 #UTIL: 1209591
65 46 74 93 92 94 #UTIL: 1057837
65 46 74 92 94 #UTIL: 1100765
65 46 72 82 93 92 94 #UTIL: 1289360
65 46 72 82 92 #UTIL: 1110535
65 46 72 82 92 94 #UTIL: 1485588
65 46 72 82 94 #UTIL: 1034504
65 46 72 93 92 94 #UTIL: 1142617
65 46 72 92 94 #UTIL: 1229232
65 46 82 93 92 #UTIL: 1019036
65 46 82 93 92 94 #UTIL: 1389565
65 46 82 92 #UTIL: 1191787
65 46 82 92 94 #UTIL: 1613923
65 46 82 94 #UTIL: 1089165
65 46 93 92 94 #UTIL: 1300687
65 46 92 94 #UTIL: 1382400
65 95 73 74 72 82 93 92 94 #UTIL: 1091346
65 95 73 74 72 82 92 94 #UTIL: 1202829
65 95 73 74 82 93 92 94 #UTIL: 1116436
65 95 73 74 82 92 94 #UTIL: 1232596
65 95 73 72 82 93 92 94 #UTIL: 1249463
65 95 73 72 82 92 #UTIL: 1025589
65 95 73 72 82 92 94 #UTIL: 1376677
65 95 73 72 93 92 94 #UTIL: 1007126
65 95 73 72 92 94 #UTIL: 1052325
65 95 73 82 93 92 #UTIL: 1002760
65 95 73 82 93 92 94 #UTIL: 1348109
65 95 73 82 92 #UTIL: 1112137
65 95 73 82 92 94 #UTIL: 1496606
65 95 73 82 94 #UTIL: 1003827
65 95 73 93 92 94 #UTIL: 1084713
65 95 73 92 94 #UTIL: 1143417
65 95 74 72 82 93 92 94 #UTIL: 1233807
65 95 74 72 82 92 #UTIL: 1056384
65 95 74 72 82 92 94 #UTIL: 1407276
65 95 74 72 93 92 94 #UTIL: 1005484
65 95 74 72 92 94 #UTIL: 1074088
65 95 74 82 93 92 94 #UTIL: 1280962
65 95 74 82 92 #UTIL: 1081913
65 95 74 82 92 94 #UTIL: 1455678
65 95 74 93 92 94 #UTIL: 1028841
65 95 74 92 94 #UTIL: 1093771
65 95 72 82 93 92 #UTIL: 1089929
65 95 72 82 93 92 94 #UTIL: 1454698
65 95 72 82 92 #UTIL: 1270519
65 95 72 82 92 94 #UTIL: 1680250
65 95 72 82 94 #UTIL: 1155936
65 95 72 93 92 94 #UTIL: 1151131
65 95 72 92 94 #UTIL: 1236681
65 95 82 93 92 #UTIL: 1222838
65 95 82 93 92 94 #UTIL: 1626987
65 95 82 93 94 #UTIL: 1097414
65 95 82 92 #UTIL: 1451256
65 95 82 92 94 #UTIL: 1912496
65 95 82 94 #UTIL: 1297136
65 95 93 92 94 #UTIL: 1296701
65 95 92 94 #UTIL: 1394414
65 73 74 72 82 93 92 94 #UTIL: 1323755
65 73 74 72 82 92 #UTIL: 1111456
65 73 74 72 82 92 94 #UTIL: 1485767
65 73 74 72 82 94 #UTIL: 1091012
65 73 74 72 93 92 94 #UTIL: 1151673
65 73 74 72 92 94 #UTIL: 1241400
65 73 74 82 93 92 94 #UTIL: 1328845
65 73 74 82 92 #UTIL: 1104344
65 73 74 82 92 94 #UTIL: 1496173
65 73 74 82 94 #UTIL: 1069377
65 73 74 93 92 94 #UTIL: 1169665
65 73 74 92 94 #UTIL: 1245433
65 73 72 82 93 92 #UTIL: 1093764
65 73 72 82 93 92 94 #UTIL: 1464957
65 73 72 82 93 94 #UTIL: 1055071
65 73 72 82 92 #UTIL: 1275858
65 73 72 82 92 94 #UTIL: 1694127
65 73 72 82 94 #UTIL: 1229106
65 73 72 93 92 94 #UTIL: 1231722
65 73 72 92 94 #UTIL: 1347835
65 73 82 93 92 #UTIL: 1148577
65 73 82 93 92 94 #UTIL: 1547104
65 73 82 93 94 #UTIL: 1087472
65 73 82 92 #UTIL: 1338229
65 73 82 92 94 #UTIL: 1795073
65 73 82 94 #UTIL: 1262032
65 73 93 92 94 #UTIL: 1334936
65 73 92 94 #UTIL: 1443962
65 74 72 82 93 92 #UTIL: 1099682
65 74 72 82 93 92 94 #UTIL: 1453691
65 74 72 82 93 94 #UTIL: 1052785
65 74 72 82 92 #UTIL: 1294119
65 74 72 82 92 94 #UTIL: 1704374
65 74 72 82 94 #UTIL: 1241875
65 74 72 93 92 94 #UTIL: 1248469
65 74 72 92 94 #UTIL: 1374790
65 74 82 93 92 #UTIL: 1114510
65 74 82 93 92 94 #UTIL: 1493346
65 74 82 93 94 #UTIL: 1057269
65 74 82 92 #UTIL: 1305355
65 74 82 92 94 #UTIL: 1745597
65 74 82 94 #UTIL: 1238739
65 74 93 92 94 #UTIL: 1301652
65 74 92 94 #UTIL: 1410930
65 72 82 #UTIL: 1037448
65 72 82 93 92 #UTIL: 1257045
65 72 82 93 92 94 #UTIL: 1668582
65 72 82 93 94 #UTIL: 1187317
65 72 82 92 #UTIL: 1590497
65 72 82 92 94 #UTIL: 2076203
65 72 82 94 #UTIL: 1498196
65 72 93 92 94 #UTIL: 1392507
65 72 92 94 #UTIL: 1578043
65 82 #UTIL: 1108050
65 82 93 92 #UTIL: 1382986
65 82 93 92 94 #UTIL: 1839009
65 82 93 94 #UTIL: 1274466
65 82 92 #UTIL: 1767091
65 82 92 94 #UTIL: 2313106
65 82 94 #UTIL: 1626682
65 93 92 94 #UTIL: 1595535
65 92 94 #UTIL: 1775134
47 46 95 73 74 72 82 93 92 94 #UTIL: 1035568
47 46 95 73 74 72 82 92 94 #UTIL: 1078946
47 46 95 73 74 82 93 92 94 #UTIL: 1117007
47 46 95 73 74 82 92 94 #UTIL: 1153228
47 46 95 73 74 93 92 94 #UTIL: 1056180
47 46 95 73 74 92 94 #UTIL: 1085673
47 46 95 73 72 82 93 92 94 #UTIL: 1271002
47 46 95 73 72 82 92 94 #UTIL: 1347170
47 46 95 73 72 93 92 94 #UTIL: 1125864
47 46 95 73 72 92 94 #UTIL: 1161434
47 46 95 73 82 93 92 #UTIL: 1008198
47 46 95 73 82 93 92 94 #UTIL: 1399297
47 46 95 73 82 92 #UTIL: 1045928
47 46 95 73 82 92 94 #UTIL: 1466486
47 46 95 73 93 92 94 #UTIL: 1310397
47 46 95 73 92 94 #UTIL: 1342112
47 46 95 74 72 82 93 92 94 #UTIL: 1105881
47 46 95 74 72 82 92 94 #UTIL: 1145412
47 46 95 74 72 93 92 94 #UTIL: 1047459
47 46 95 74 72 92 94 #UTIL: 1071263
47 46 95 74 82 93 92 94 #UTIL: 1185523
47 46 95 74 82 92 94 #UTIL: 1217897
47 46 95 74 93 92 94 #UTIL: 1145987
47 46 95 74 92 94 #UTIL: 1174559
47 46 95 72 82 93 92 #UTIL: 1017817
47 46 95 72 82 93 92 94 #UTIL: 1408498
47 46 95 72 82 92 #UTIL: 1091556
47 46 95 72 82 92 94 #UTIL: 1516768
47 46 95 72 82 94 #UTIL: 1010365
47 46 95 72 93 92 94 #UTIL: 1258188
47 46 95 72 92 94 #UTIL: 1309721
47 46 95 82 93 92 #UTIL: 1110548
47 46 95 82 93 92 94 #UTIL: 1550906
47 46 95 82 93 94 #UTIL: 1034512
47 46 95 82 92 #UTIL: 1181140
47 46 95 82 92 94 #UTIL: 1659430
47 46 95 82 94 #UTIL: 1084888
47 46 95 93 92 94 #UTIL: 1487838
47 46 95 92 94 #UTIL: 1548269
47 46 73 74 72 82 93 92 94 #UTIL: 1144330
47 46 73 74 72 82 92 94 #UTIL: 1178661
47 46 73 74 72 93 92 94 #UTIL: 1188230
47 46 73 74 72 92 94 #UTIL: 1200492
47 46 73 74 82 93 92 94 #UTIL: 1225437
47 46 73 74 82 92 94 #UTIL: 1259280
47 46 73 74 93 92 94 #UTIL: 1357909
47 46 73 74 92 94 #UTIL: 1358390
47 46 73 72 82 93 92 94 #UTIL: 1386186
47 46 73 72 82 92 #UTIL: 1046052
47 46 73 72 82 92 94 #UTIL: 1465823
47 46 73 72 93 92 94 #UTIL: 1367959
47 46 73 72 92 94 #UTIL: 1389359
47 46 73 82 93 92 #UTIL: 1073696
47 46 73 82 93 92 94 #UTIL: 1511638
47 46 73 82 93 94 #UTIL: 1021077
47 46 73 82 92 #UTIL: 1117113
47 46 73 82 92 94 #UTIL: 1587331
47 46 73 82 94 #UTIL: 1054379
47 46 73 93 92 94 #UTIL: 1632677
47 46 73 92 94 #UTIL: 1634443
47 46 74 72 82 93 92 94 #UTIL: 1207163
47 46 74 72 82 92 94 #UTIL: 1237647
47 46 74 72 93 92 94 #UTIL: 1295079
47 46 74 72 92 94 #UTIL: 1308767
47 46 74 82 93 92 94 #UTIL: 1286122
47 46 74 82 92 94 #UTIL: 1315929
47 46 74 93 92 94 #UTIL: 1487171
47 46 74 92 94 #UTIL: 1489935
47 46 72 82 93 92 #UTIL: 1084071
47 46 72 82 93 92 94 #UTIL: 1520271
47 46 72 82 93 94 #UTIL: 1039159
47 46 72 82 92 #UTIL: 1164997
47 46 72 82 92 94 #UTIL: 1641866
47 46 72 82 94 #UTIL: 1101155
47 46 72 93 92 94 #UTIL: 1525441
47 46 72 92 94 #UTIL: 1576903
47 46 82 93 92 #UTIL: 1173463
47 46 82 93 92 94 #UTIL: 1664641
47 46 82 93 94 #UTIL: 1109976
47 46 82 92 #UTIL: 1263250
47 46 82 92 94 #UTIL: 1801836
47 46 82 94 #UTIL: 1181199
47 46 93 92 #UTIL: 1035950
47 46 93 92 94 #UTIL: 1882132
47 46 93 94 #UTIL: 1075283
47 46 92 #UTIL: 1008117
47 46 92 94 #UTIL: 1927935
47 46 94 #UTIL: 1027326
47 95 73 74 72 82 93 92 94 #UTIL: 1312255
47 95 73 74 72 82 92 #UTIL: 1057956
47 95 73 74 72 82 92 94 #UTIL: 1440921
47 95 73 74 72 93 92 94 #UTIL: 1116631
47 95 73 74 72 92 94 #UTIL: 1186608
47 95 73 74 82 93 92 #UTIL: 1032000
47 95 73 74 82 93 92 94 #UTIL: 1411054
47 95 73 74 82 92 #UTIL: 1111403
47 95 73 74 82 92 94 #UTIL: 1530619
47 95 73 74 82 94 #UTIL: 1036088
47 95 73 74 93 92 94 #UTIL: 1204363
47 95 73 74 92 94 #UTIL: 1272627
47 95 73 72 82 93 92 #UTIL: 1160018
47 95 73 72 82 93 92 94 #UTIL: 1560325
47 95 73 72 82 93 94 #UTIL: 1071947
47 95 73 72 82 92 #UTIL: 1294407
47 95 73 72 82 92 94 #UTIL: 1743729
47 95 73 72 82 94 #UTIL: 1186934
47 95 73 72 93 92 94 #UTIL: 1280027
47 95 73 72 92 94 #UTIL: 1368970
47 95 73 82 93 92 #UTIL: 1275079
47 95 73 82 93 92 94 #UTIL: 1727707
47 95 73 82 93 94 #UTIL: 1169361
47 95 73 82 92 #UTIL: 1410667
47 95 73 82 92 94 #UTIL: 1913993
47 95 73 82 94 #UTIL: 1280663
47 95 73 93 92 94 #UTIL: 1485129
47 95 73 92 94 #UTIL: 1575515
47 95 74 72 82 93 92 #UTIL: 1042129
47 95 74 72 82 93 92 94 #UTIL: 1416868
47 95 74 72 82 92 #UTIL: 1161881
47 95 74 72 82 92 94 #UTIL: 1583144
47 95 74 72 82 94 #UTIL: 1076638
47 95 74 72 93 92 94 #UTIL: 1231616
47 95 74 72 92 94 #UTIL: 1318479
47 95 74 82 93 92 #UTIL: 1111250
47 95 74 82 93 92 94 #UTIL: 1523676
47 95 74 82 93 94 #UTIL: 1040730
47 95 74 82 92 #UTIL: 1220538
47 95 74 82 92 94 #UTIL: 1679488
47 95 74 82 94 #UTIL: 1128108
47 95 74 93 92 94 #UTIL: 1338862
47 95 74 92 94 #UTIL: 1426728
47 95 72 82 93 92 #UTIL: 1284124
47 95 72 82 93 92 94 #UTIL: 1740623
47 95 72 82 93 94 #UTIL: 1181608
47 95 72 82 92 #UTIL: 1479309
47 95 72 82 92 94 #UTIL: 1996257
47 95 72 82 94 #UTIL: 1342140
47 95 72 93 92 94 #UTIL: 1452327
47 95 72 92 94 #UTIL: 1577828
47 95 82 93 92 #UTIL: 1470951
47 95 82 93 92 94 #UTIL: 1995645
47 95 82 93 94 #UTIL: 1340313
47 95 82 92 #UTIL: 1714469
47 95 82 92 94 #UTIL: 2309223
47 95 82 94 #UTIL: 1541913
47 95 93 92 #UTIL: 1048203
47 95 93 92 94 #UTIL: 1759357
47 95 92 #UTIL: 1114734
47 95 92 94 #UTIL: 1910766
47 73 74 72 82 93 92 #UTIL: 1052177
47 73 74 72 82 93 92 94 #UTIL: 1441576
47 73 74 72 82 93 94 #UTIL: 1019450
47 73 74 72 82 92 #UTIL: 1127964
47 73 74 72 82 92 94 #UTIL: 1557525
47 73 74 72 82 94 #UTIL: 1078804
47 73 74 72 93 92 94 #UTIL: 1353509
47 73 74 72 92 94 #UTIL: 1400858
47 73 74 82 93 92 #UTIL: 1108955
47 73 74 82 93 92 94 #UTIL: 1537035
47 73 74 82 93 94 #UTIL: 1066127
47 73 74 82 92 #UTIL: 1180275
47 73 74 82 92 94 #UTIL: 1650163
47 73 74 82 94 #UTIL: 1121646
47 73 74 93 92 94 #UTIL: 1523707
47 73 74 92 94 #UTIL: 1556190
47 73 72 82 93 92 #UTIL: 1240804
47 73 72 82 93 92 94 #UTIL: 1692264
47 73 72 82 93 94 #UTIL: 1172526
47 73 72 82 92 #UTIL: 1404230
47 73 72 82 92 94 #UTIL: 1909561
47 73 72 82 94 #UTIL: 1317061
47 73 72 93 92 94 #UTIL: 1530599
47 73 72 92 94 #UTIL: 1610283
47 73 82 93 92 #UTIL: 1347126
47 73 82 93 92 94 #UTIL: 1854905
47 73 82 93 94 #UTIL: 1258021
47 73 82 92 #UTIL: 1513142
47 73 82 92 94 #UTIL: 2078121
47 73 82 94 #UTIL: 1400894
47 73 93 92 #UTIL: 1008389
47 73 93 92 94 #UTIL: 1823514
47 73 93 94 #UTIL: 1001582
47 73 92 94 #UTIL: 1886099
47 74 72 82 93 92 #UTIL: 1123607
47 74 72 82 93 92 94 #UTIL: 1549765
47 74 72 82 93 94 #UTIL: 1078917
47 74 72 82 92 #UTIL: 1225852
47 74 72 82 92 94 #UTIL: 1698534
47 74 72 82 94 #UTIL: 1159252
47 74 72 93 92 94 #UTIL: 1506147
47 74 72 92 94 #UTIL: 1572463
47 74 82 93 92 #UTIL: 1191709
47 74 82 93 92 94 #UTIL: 1660547
47 74 82 93 94 #UTIL: 1137860
47 74 82 92 #UTIL: 1287794
47 74 82 92 94 #UTIL: 1804802
47 74 82 94 #UTIL: 1212667
47 74 93 92 94 #UTIL: 1713816
47 74 92 94 #UTIL: 1767742
47 72 82 93 92 #UTIL: 1372402
47 72 82 93 92 94 #UTIL: 1886621
47 72 82 93 94 #UTIL: 1289320
47 72 82 92 #UTIL: 1600288
47 72 82 92 94 #UTIL: 2186466
47 72 82 94 #UTIL: 1483541
47 72 93 92 94 #UTIL: 1740829
47 72 92 #UTIL: 1026418
47 72 92 94 #UTIL: 1872043
47 82 #UTIL: 1029776
47 82 93 92 #UTIL: 1552538
47 82 93 92 94 #UTIL: 2144114
47 82 93 94 #UTIL: 1439892
47 82 92 #UTIL: 1837361
47 82 92 94 #UTIL: 2514827
47 82 94 #UTIL: 1684351
47 93 92 #UTIL: 1210188
47 93 92 94 #UTIL: 2201183
47 93 94 #UTIL: 1197952
47 92 #UTIL: 1230620
47 92 94 #UTIL: 2342967
47 94 #UTIL: 1176309
46 95 73 74 72 82 93 92 94 #UTIL: 1343532
46 95 73 74 72 82 92 #UTIL: 1067381
46 95 73 74 72 82 92 94 #UTIL: 1460229
46 95 73 74 72 82 94 #UTIL: 1003075
46 95 73 74 72 93 92 94 #UTIL: 1221938
46 95 73 74 72 92 94 #UTIL: 1277110
46 95 73 74 82 93 92 #UTIL: 1074437
46 95 73 74 82 93 92 94 #UTIL: 1474346
46 95 73 74 82 93 94 #UTIL: 1010439
46 95 73 74 82 92 #UTIL: 1150175
46 95 73 74 82 92 94 #UTIL: 1590542
46 95 73 74 82 94 #UTIL: 1072807
46 95 73 74 93 92 94 #UTIL: 1374364
46 95 73 74 92 94 #UTIL: 1429515
46 95 73 72 82 93 92 #UTIL: 1212055
46 95 73 72 82 93 92 94 #UTIL: 1632687
46 95 73 72 82 93 94 #UTIL: 1113032
46 95 73 72 82 92 #UTIL: 1315284
46 95 73 72 82 92 94 #UTIL: 1778295
46 95 73 72 82 94 #UTIL: 1202148
46 95 73 72 93 92 94 #UTIL: 1438283
46 95 73 72 92 94 #UTIL: 1496069
46 95 73 82 93 92 #UTIL: 1392743
46 95 73 82 93 92 94 #UTIL: 1879259
46 95 73 82 93 94 #UTIL: 1263711
46 95 73 82 92 #UTIL: 1509359
46 95 73 82 92 94 #UTIL: 2047824
46 95 73 82 94 #UTIL: 1358842
46 95 73 93 92 #UTIL: 1034150
46 95 73 93 92 94 #UTIL: 1720149
46 95 73 92 #UTIL: 1043031
46 95 73 92 94 #UTIL: 1791511
46 95 74 72 82 93 92 #UTIL: 1168807
46 95 74 72 82 93 92 94 #UTIL: 1568121
46 95 74 72 82 93 94 #UTIL: 1079407
46 95 74 72 82 92 #UTIL: 1295127
46 95 74 72 82 92 94 #UTIL: 1744566
46 95 74 72 82 94 #UTIL: 1190627
46 95 74 72 93 92 94 #UTIL: 1394214
46 95 74 72 92 94 #UTIL: 1472352
46 95 74 82 93 92 #UTIL: 1276017
46 95 74 82 93 92 94 #UTIL: 1729096
46 95 74 82 93 94 #UTIL: 1176575
46 95 74 82 92 #UTIL: 1421015
46 95 74 82 92 94 #UTIL: 1933258
46 95 74 82 94 #UTIL: 1300425
46 95 74 93 92 94 #UTIL: 1597019
46 95 74 92 94 #UTIL: 1691897
46 95 72 82 93 92 #UTIL: 1467307
46 95 72 82 93 92 94 #UTIL: 1961533
46 95 72 82 93 94 #UTIL: 1325930
46 95 72 82 92 #UTIL: 1663430
46 95 72 82 92 94 #UTIL: 2221067
46 95 72 82 94 #UTIL: 1490362
46 95 72 93 92 #UTIL: 1054063
46 95 72 93 92 94 #UTIL: 1697330
46 95 72 92 #UTIL: 1094715
46 95 72 92 94 #UTIL: 1808500
46 95 82 #UTIL: 1079899
46 95 82 93 92 #UTIL: 1694549
46 95 82 93 92 94 #UTIL: 2269459
46 95 82 93 94 #UTIL: 1513299
46 95 82 92 #UTIL: 1971929
46 95 82 92 94 #UTIL: 2633733
46 95 82 94 #UTIL: 1741703
46 95 93 92 #UTIL: 1271044
46 95 93 92 94 #UTIL: 2096524
46 95 93 94 #UTIL: 1115473
46 95 92 #UTIL: 1341446
46 95 92 94 #UTIL: 2268112
46 95 94 #UTIL: 1129782
46 73 74 72 82 93 92 #UTIL: 1114545
46 73 74 72 82 93 92 94 #UTIL: 1523089
46 73 74 72 82 93 94 #UTIL: 1080813
46 73 74 72 82 92 #UTIL: 1217471
46 73 74 72 82 92 94 #UTIL: 1674596
46 73 74 72 82 94 #UTIL: 1177756
46 73 74 72 93 92 94 #UTIL: 1597382
46 73 74 72 92 94 #UTIL: 1671630
46 73 74 82 93 92 #UTIL: 1187045
46 73 74 82 93 92 94 #UTIL: 1642791
46 73 74 82 93 94 #UTIL: 1139606
46 73 74 82 92 #UTIL: 1286563
46 73 74 82 92 94 #UTIL: 1797437
46 73 74 82 94 #UTIL: 1232258
46 73 74 93 92 #UTIL: 1039946
46 73 74 93 92 94 #UTIL: 1862276
46 73 74 93 94 #UTIL: 1100734
46 73 74 92 #UTIL: 1004892
46 73 74 92 94 #UTIL: 1909596
46 73 74 94 #UTIL: 1067719
46 73 72 82 93 92 #UTIL: 1334989
46 73 72 82 93 92 94 #UTIL: 1813585
46 73 72 82 93 94 #UTIL: 1256264
46 73 72 82 92 #UTIL: 1484451
46 73 72 82 92 94 #UTIL: 2022016
46 73 72 82 94 #UTIL: 1393933
46 73 72 93 92 #UTIL: 1065205
46 73 72 93 92 94 #UTIL: 1833597
46 73 72 93 94 #UTIL: 1052474
46 73 72 92 #UTIL: 1067342
46 73 72 92 94 #UTIL: 1922029
46 73 72 94 #UTIL: 1056608
46 73 82 93 92 #UTIL: 1514300
46 73 82 93 92 94 #UTIL: 2072784
46 73 82 93 94 #UTIL: 1401760
46 73 82 92 #UTIL: 1672749
46 73 82 92 94 #UTIL: 2303572
46 73 82 94 #UTIL: 1542875
46 73 93 92 #UTIL: 1284028
46 73 93 92 94 #UTIL: 2304691
46 73 93 94 #UTIL: 1303638
46 73 92 #UTIL: 1241211
46 73 92 94 #UTIL: 2368333
46 73 94 #UTIL: 1253895
46 74 72 82 93 92 #UTIL: 1301978
46 74 72 82 93 92 94 #UTIL: 1760146
46 74 72 82 93 94 #UTIL: 1228516
46 74 72 82 92 #UTIL: 1447123
46 74 72 82 92 94 #UTIL: 1966286
46 74 72 82 94 #UTIL: 1363234
46 74 72 93 92 #UTIL: 1059561
46 74 72 93 92 94 #UTIL: 1815932
46 74 72 93 94 #UTIL: 1057257
46 74 72 92 #UTIL: 1072503
46 74 72 92 94 #UTIL: 1918626
46 74 72 94 #UTIL: 1070892
46 74 82 93 92 #UTIL: 1413537
46 74 82 93 92 94 #UTIL: 1939458
46 74 82 93 94 #UTIL: 1328293
46 74 82 92 #UTIL: 1573506
46 74 82 92 94 #UTIL: 2173261
46 74 82 94 #UTIL: 1473618
46 74 93 92 #UTIL: 1221888
46 74 93 92 94 #UTIL: 2192487
46 74 93 94 #UTIL: 1265002
46 74 92 #UTIL: 1194910
46 74 92 94 #UTIL: 2275683
46 74 94 #UTIL: 1229041
46 72 82 #UTIL: 1079038
46 72 82 93 92 #UTIL: 1613736
46 72 82 93 92 94 #UTIL: 2175769
46 72 82 93 94 #UTIL: 1488174
46 72 82 92 #UTIL: 1887477
46 72 82 92 94 #UTIL: 2540780
46 72 82 94 #UTIL: 1732476
46 72 93 92 #UTIL: 1256230
46 72 93 92 94 #UTIL: 2161853
46 72 93 94 #UTIL: 1204060
46 72 92 #UTIL: 1299461
46 72 92 94 #UTIL: 2331792
46 72 94 #UTIL: 1230005
46 82 #UTIL: 1227463
46 82 93 #UTIL: 1036506
46 82 93 92 #UTIL: 1869914
46 82 93 92 94 #UTIL: 2545064
46 82 93 94 #UTIL: 1711886
46 82 92 #UTIL: 2235551
46 82 92 94 #UTIL: 3034582
46 82 94 #UTIL: 2026859
46 93 92 #UTIL: 1611077
46 93 92 94 #UTIL: 2893621
46 93 94 #UTIL: 1620904
46 92 #UTIL: 1624793
46 92 94 #UTIL: 3086470
46 94 #UTIL: 1585704
95 73 74 72 82 93 92 #UTIL: 1298570
95 73 74 72 82 93 92 94 #UTIL: 1725827
95 73 74 72 82 93 94 #UTIL: 1204194
95 73 74 72 82 92 #UTIL: 1480624
95 73 74 72 82 92 94 #UTIL: 1968877
95 73 74 72 82 94 #UTIL: 1362014
95 73 74 72 93 92 94 #UTIL: 1465627
95 73 74 72 92 94 #UTIL: 1591672
95 73 74 82 93 92 #UTIL: 1429427
95 73 74 82 93 92 94 #UTIL: 1908346
95 73 74 82 93 94 #UTIL: 1314577
95 73 74 82 92 #UTIL: 1657261
95 73 74 82 92 94 #UTIL: 2205882
95 73 74 82 94 #UTIL: 1508684
95 73 74 93 92 94 #UTIL: 1636120
95 73 74 92 #UTIL: 1043976
95 73 74 92 94 #UTIL: 1787155
95 73 72 82 #UTIL: 1047694
95 73 72 82 93 92 #UTIL: 1570727
95 73 72 82 93 92 94 #UTIL: 2074855
95 73 72 82 93 94 #UTIL: 1421069
95 73 72 82 92 #UTIL: 1802545
95 73 72 82 92 94 #UTIL: 2381909
95 73 72 82 94 #UTIL: 1627058
95 73 72 93 92 #UTIL: 1053455
95 73 72 93 92 94 #UTIL: 1709404
95 73 72 92 #UTIL: 1114252
95 73 72 92 94 #UTIL: 1858449
95 73 82 #UTIL: 1213231
95 73 82 93 #UTIL: 1046752
95 73 82 93 92 #UTIL: 1831100
95 73 82 93 92 94 #UTIL: 2418489
95 73 82 93 94 #UTIL: 1634141
95 73 82 92 #UTIL: 2134891
95 73 82 92 94 #UTIL: 2814728
95 73 82 94 #UTIL: 1893068
95 73 93 92 #UTIL: 1239686
95 73 93 92 94 #UTIL: 2055664
95 73 93 94 #UTIL: 1072555
95 73 92 #UTIL: 1318375
95 73 92 94 #UTIL: 2248813
95 73 94 #UTIL: 1104754
95 74 72 82 #UTIL: 1061485
95 74 72 82 93 92 #UTIL: 1514690
95 74 72 82 93 92 94 #UTIL: 1997422
95 74 72 82 93 94 #UTIL: 1374915
95 74 72 82 92 #UTIL: 1805592
95 74 72 82 92 94 #UTIL: 2374047
95 74 72 82 94 #UTIL: 1629940
95 74 72 93 92 #UTIL: 1045338
95 74 72 93 92 94 #UTIL: 1684648
95 74 72 92 #UTIL: 1140428
95 74 72 92 94 #UTIL: 1875924
95 74 82 #UTIL: 1242430
95 74 82 93 #UTIL: 1012475
95 74 82 93 92 #UTIL: 1728096
95 74 82 93 92 94 #UTIL: 2285876
95 74 82 93 94 #UTIL: 1570255
95 74 82 92 #UTIL: 2117846
95 74 82 92 94 #UTIL: 2785153
95 74 82 94 #UTIL: 1909737
95 74 93 92 #UTIL: 1172928
95 74 93 92 94 #UTIL: 1944081
95 74 93 94 #UTIL: 1036289
95 74 92 #UTIL: 1298728
95 74 92 94 #UTIL: 2201666
95 74 94 #UTIL: 1104908
95 72 82 #UTIL: 1339182
95 72 82 93 #UTIL: 1073605
95 72 82 93 92 #UTIL: 1869993
95 72 82 93 92 94 #UTIL: 2464162
95 72 82 93 94 #UTIL: 1667774
95 72 82 92 #UTIL: 2307060
95 72 82 92 94 #UTIL: 3017701
95 72 82 94 #UTIL: 2049823
95 72 93 92 #UTIL: 1258277
95 72 93 92 94 #UTIL: 2032783
95 72 93 94 #UTIL: 1078279
95 72 92 #UTIL: 1392074
95 72 92 94 #UTIL: 2296521
95 72 94 #UTIL: 1152720
95 82 #UTIL: 1767505
95 82 93 #UTIL: 1341832
95 82 93 92 #UTIL: 2340181
95 82 93 92 94 #UTIL: 3068423
95 82 93 94 #UTIL: 2070074
95 82 92 #UTIL: 3044814
95 82 92 94 #UTIL: 3949697
95 82 94 #UTIL: 2672388
95 93 92 #UTIL: 1604601
95 93 92 94 #UTIL: 2634614
95 93 94 #UTIL: 1341930
95 92 #UTIL: 1848690
95 92 94 #UTIL: 3082740
95 94 #UTIL: 1465287
73 74 72 82 #UTIL: 1074164
73 74 72 82 93 92 #UTIL: 1496907
73 74 72 82 93 92 94 #UTIL: 2002340
73 74 72 82 93 94 #UTIL: 1444656
73 74 72 82 92 #UTIL: 1732830
73 74 72 82 92 94 #UTIL: 2324782
73 74 72 82 94 #UTIL: 1667317
73 74 72 93 92 #UTIL: 1108367
73 74 72 93 92 94 #UTIL: 1902460
73 74 72 93 94 #UTIL: 1114266
73 74 72 92 #UTIL: 1166412
73 74 72 92 94 #UTIL: 2073332
73 74 72 94 #UTIL: 1174175
73 74 82 #UTIL: 1131850
73 74 82 93 92 #UTIL: 1605270
73 74 82 93 92 94 #UTIL: 2164795
73 74 82 93 94 #UTIL: 1540294
73 74 82 92 #UTIL: 1880834
73 74 82 92 94 #UTIL: 2539384
73 74 82 94 #UTIL: 1791860
73 74 93 92 #UTIL: 1218414
73 74 93 92 94 #UTIL: 2185178
73 74 93 94 #UTIL: 1244847
73 74 92 #UTIL: 1241057
73 74 92 94 #UTIL: 2346544
73 74 94 #UTIL: 1256803
73 72 82 #UTIL: 1289343
73 72 82 93 #UTIL: 1070322
73 72 82 93 92 #UTIL: 1766767
73 72 82 93 92 94 #UTIL: 2355790
73 72 82 93 94 #UTIL: 1660302
73 72 82 92 #UTIL: 2114168
73 72 82 92 94 #UTIL: 2816311
73 72 82 94 #UTIL: 1992687
73 72 93 92 #UTIL: 1253613
73 72 93 92 94 #UTIL: 2172036
73 72 93 94 #UTIL: 1210078
73 72 92 #UTIL: 1326218
73 72 92 94 #UTIL: 2396089
73 72 94 #UTIL: 1280156
73 82 #UTIL: 1426661
73 82 93 #UTIL: 1186465
73 82 93 92 #UTIL: 2028112
73 82 93 92 94 #UTIL: 2720734
73 82 93 94 #UTIL: 1880303
73 82 92 #UTIL: 2434640
73 82 92 94 #UTIL: 3261394
73 82 94 #UTIL: 2251537
73 93 92 #UTIL: 1516894
73 93 92 94 #UTIL: 2741782
73 93 94 #UTIL: 1488940
73 92 #UTIL: 1544709
73 92 94 #UTIL: 2956898
73 94 #UTIL: 1490656
74 72 82 #UTIL: 1327803
74 72 82 93 #UTIL: 1076663
74 72 82 93 92 #UTIL: 1762258
74 72 82 93 92 94 #UTIL: 2333779
74 72 82 93 94 #UTIL: 1650156
74 72 82 92 #UTIL: 2135312
74 72 82 92 94 #UTIL: 2824742
74 72 82 94 #UTIL: 1992961
74 72 93 92 #UTIL: 1285433
74 72 93 92 94 #UTIL: 2204191
74 72 93 94 #UTIL: 1246655
74 72 92 #UTIL: 1391023
74 72 92 94 #UTIL: 2464652
74 72 94 #UTIL: 1337837
74 82 #UTIL: 1490231
74 82 93 #UTIL: 1187183
74 82 93 92 #UTIL: 1973745
74 82 93 92 94 #UTIL: 2639706
74 82 93 94 #UTIL: 1855375
74 82 92 #UTIL: 2448052
74 82 92 94 #UTIL: 3263777
74 82 94 #UTIL: 2282861
74 93 92 #UTIL: 1472650
74 93 92 94 #UTIL: 2650916
74 93 94 #UTIL: 1464826
74 92 #UTIL: 1559134
74 92 94 #UTIL: 2948442
74 94 #UTIL: 1513437
72 82 #UTIL: 1737822
72 82 93 #UTIL: 1277348
72 82 93 92 #UTIL: 2153487
72 82 93 92 94 #UTIL: 2856313
72 82 93 94 #UTIL: 1982146
72 82 92 #UTIL: 2824453
72 82 92 94 #UTIL: 3688643
72 82 94 #UTIL: 2580278
72 93 92 #UTIL: 1512949
72 93 92 94 #UTIL: 2624276
72 93 94 #UTIL: 1419368
72 92 #UTIL: 1695706
72 92 94 #UTIL: 3035798
72 94 #UTIL: 1553183
82 #UTIL: 2231148
82 93 #UTIL: 1565551
82 93 92 #UTIL: 2673053
82 93 92 94 #UTIL: 3553133
82 93 94 #UTIL: 2448624
82 92 #UTIL: 3670227
82 92 94 #UTIL: 4789155
82 94 #UTIL: 3304259
93 92 #UTIL: 2032439
93 92 94 #UTIL: 3682315
93 94 #UTIL: 1974217
92 #UTIL: 2264355
92 94 #UTIL: 4280634
94 #UTIL: 2078086
