89 86 87 82 #UTIL: 1188155
89 86 87 82 95 #UTIL: 1149572
89 86 87 82 95 92 #UTIL: 1368847
89 86 87 82 92 #UTIL: 1228547
89 86 82 #UTIL: 1241367
89 86 82 95 #UTIL: 1198681
89 86 82 95 92 #UTIL: 1478401
89 86 82 92 #UTIL: 1350393
89 87 82 95 92 #UTIL: 1066791
89 82 95 92 #UTIL: 1134942
88 82 94 92 #UTIL: 1011610
88 82 92 #UTIL: 1120524
96 93 94 92 #UTIL: 1235028
96 74 94 92 #UTIL: 1021457
96 94 92 #UTIL: 1378907
36 82 95 94 92 #UTIL: 1026777
36 82 95 92 #UTIL: 1075867
36 82 94 92 #UTIL: 1052531
36 82 92 #UTIL: 1059709
99 97 95 92 #UTIL: 1222417
99 82 95 94 92 #UTIL: 1007403
99 82 95 92 #UTIL: 1386727
99 82 92 #UTIL: 1211335
99 95 94 92 #UTIL: 1123283
99 95 92 #UTIL: 1656929
99 92 #UTIL: 1086334
48 93 94 92 #UTIL: 1188847
48 82 95 94 92 #UTIL: 1071642
48 82 94 92 #UTIL: 1151173
48 94 92 #UTIL: 1356709
77 72 82 92 #UTIL: 1039622
77 82 95 92 #UTIL: 1100000
77 82 92 #UTIL: 1139834
83 86 82 #UTIL: 1099119
83 86 82 95 92 #UTIL: 1062692
83 86 82 92 #UTIL: 1225265
83 87 82 92 #UTIL: 1111439
83 74 82 95 94 92 #UTIL: 1070522
83 74 82 94 92 #UTIL: 1109567
83 74 82 92 #UTIL: 1045443
83 72 82 #UTIL: 1149012
83 72 82 95 94 92 #UTIL: 1230094
83 72 82 95 92 #UTIL: 1315360
83 72 82 94 #UTIL: 1017250
83 72 82 94 92 #UTIL: 1360281
83 72 82 92 #UTIL: 1490159
83 82 #UTIL: 1606122
83 82 95 #UTIL: 1307572
83 82 95 94 #UTIL: 1165794
83 82 95 94 92 #UTIL: 1737442
83 82 95 92 #UTIL: 1926261
83 82 94 #UTIL: 1386670
83 82 94 92 #UTIL: 1931514
83 82 92 #UTIL: 2162352
83 95 94 92 #UTIL: 1100894
83 95 92 #UTIL: 1069522
83 94 92 #UTIL: 1136898
83 92 #UTIL: 1063661
63 82 95 92 #UTIL: 1017061
63 82 94 92 #UTIL: 1050508
63 82 92 #UTIL: 1092722
76 72 82 92 #UTIL: 1054545
76 82 #UTIL: 1075820
76 82 95 92 #UTIL: 1111414
76 82 94 92 #UTIL: 1084177
76 82 92 #UTIL: 1265452
73 46 93 94 92 #UTIL: 1041078
73 46 94 92 #UTIL: 1064898
73 93 74 72 94 92 #UTIL: 1018258
73 93 74 94 92 #UTIL: 1163851
73 93 72 94 92 #UTIL: 1210154
73 93 82 95 94 92 #UTIL: 1002688
73 93 82 94 92 #UTIL: 1087270
73 93 95 94 92 #UTIL: 1030046
73 93 94 92 #UTIL: 1527934
73 74 72 82 94 92 #UTIL: 1004082
73 74 72 94 92 #UTIL: 1158501
73 74 82 95 94 92 #UTIL: 1028467
73 74 82 94 92 #UTIL: 1110744
73 74 94 92 #UTIL: 1309851
73 72 82 95 94 92 #UTIL: 1161409
73 72 82 95 92 #UTIL: 1038960
73 72 82 94 92 #UTIL: 1261882
73 72 82 92 #UTIL: 1102505
73 72 95 94 92 #UTIL: 1103016
73 72 94 92 #UTIL: 1394263
73 82 95 94 92 #UTIL: 1384797
73 82 95 92 #UTIL: 1257042
73 82 94 92 #UTIL: 1476191
73 82 92 #UTIL: 1293187
73 95 94 92 #UTIL: 1367506
73 95 92 #UTIL: 1033387
73 94 92 #UTIL: 1750505
73 92 #UTIL: 1095753
47 86 82 95 92 #UTIL: 1006816
47 93 94 92 #UTIL: 1063381
47 74 82 94 92 #UTIL: 1003375
47 72 82 95 94 92 #UTIL: 1324691
47 72 82 95 92 #UTIL: 1262134
47 72 82 94 92 #UTIL: 1309399
47 72 82 92 #UTIL: 1232649
47 72 95 94 92 #UTIL: 1035988
47 72 94 92 #UTIL: 1045339
47 82 95 #UTIL: 1013647
47 82 95 94 #UTIL: 1056952
47 82 95 94 92 #UTIL: 1729258
47 82 95 92 #UTIL: 1729359
47 82 94 #UTIL: 1022169
47 82 94 92 #UTIL: 1684247
47 82 92 #UTIL: 1640586
47 95 94 92 #UTIL: 1490934
47 95 92 #UTIL: 1335400
47 94 92 #UTIL: 1499875
47 92 #UTIL: 1132710
46 93 74 94 92 #UTIL: 1089155
46 93 72 94 92 #UTIL: 1068178
46 93 82 94 92 #UTIL: 1056773
46 93 95 94 92 #UTIL: 1037592
46 93 94 92 #UTIL: 1542702
46 97 94 92 #UTIL: 1009129
46 74 72 94 92 #UTIL: 1013578
46 74 82 94 92 #UTIL: 1069108
46 74 94 92 #UTIL: 1203982
46 72 82 95 94 92 #UTIL: 1057314
46 72 82 94 92 #UTIL: 1094532
46 72 94 92 #UTIL: 1210514
46 82 95 94 #UTIL: 1031156
46 82 95 94 92 #UTIL: 1690547
46 82 95 92 #UTIL: 1652135
46 82 94 92 #UTIL: 1722346
46 82 92 #UTIL: 1611801
46 95 94 92 #UTIL: 1580477
46 95 92 #UTIL: 1313467
46 94 92 #UTIL: 1895869
46 92 #UTIL: 1290946
38 86 87 82 #UTIL: 1013227
38 86 87 82 95 #UTIL: 1100224
38 86 87 82 95 92 #UTIL: 1355206
38 86 87 82 92 #UTIL: 1270672
38 86 72 82 95 92 #UTIL: 1108399
38 86 72 82 92 #UTIL: 1083619
38 86 82 #UTIL: 1202688
38 86 82 95 #UTIL: 1284435
38 86 82 95 94 92 #UTIL: 1254233
38 86 82 95 92 #UTIL: 1668874
38 86 82 94 92 #UTIL: 1225805
38 86 82 92 #UTIL: 1593043
38 86 95 92 #UTIL: 1023791
38 87 72 82 95 92 #UTIL: 1107821
38 87 82 95 #UTIL: 1081140
38 87 82 95 94 92 #UTIL: 1221923
38 87 82 95 92 #UTIL: 1502356
38 87 82 94 92 #UTIL: 1103373
38 87 82 92 #UTIL: 1342304
38 74 82 95 94 92 #UTIL: 1017456
38 74 82 95 92 #UTIL: 1025866
38 74 82 94 92 #UTIL: 1036536
38 74 82 92 #UTIL: 1025468
38 72 82 95 #UTIL: 1078892
38 72 82 95 94 92 #UTIL: 1460631
38 72 82 95 92 #UTIL: 1622880
38 72 82 94 92 #UTIL: 1425642
38 72 82 92 #UTIL: 1556736
38 72 95 94 92 #UTIL: 1066157
38 72 95 92 #UTIL: 1029278
38 82 #UTIL: 1253057
38 82 95 #UTIL: 1443932
38 82 95 94 #UTIL: 1260508
38 82 95 94 92 #UTIL: 1973792
38 82 95 92 #UTIL: 2252294
38 82 94 #UTIL: 1138074
38 82 94 92 #UTIL: 1886811
38 82 92 #UTIL: 2097680
38 95 94 92 #UTIL: 1465351
38 95 92 #UTIL: 1492259
38 94 92 #UTIL: 1291167
38 92 #UTIL: 1175918
86 #UTIL: 1293432
86 87 97 82 95 92 #UTIL: 1103930
86 87 72 82 #UTIL: 1298672
86 87 72 82 95 #UTIL: 1285780
86 87 72 82 95 94 92 #UTIL: 1104363
86 87 72 82 95 92 #UTIL: 1551713
86 87 72 82 94 92 #UTIL: 1075021
86 87 72 82 92 #UTIL: 1485587
86 87 82 #UTIL: 2350716
86 87 82 95 #UTIL: 2236579
86 87 82 95 94 #UTIL: 1519447
86 87 82 95 94 92 #UTIL: 1921618
86 87 82 95 92 #UTIL: 2732891
86 87 82 94 #UTIL: 1610091
86 87 82 94 92 #UTIL: 1935137
86 87 82 92 #UTIL: 2676677
86 87 95 #UTIL: 1104614
86 87 95 94 92 #UTIL: 1220686
86 87 95 92 #UTIL: 1622046
86 87 94 92 #UTIL: 1101082
86 87 92 #UTIL: 1412309
86 97 82 95 #UTIL: 1027274
86 97 82 95 92 #UTIL: 1318799
86 97 82 92 #UTIL: 1238656
86 74 82 95 92 #UTIL: 1113341
86 74 82 94 92 #UTIL: 1072749
86 74 82 92 #UTIL: 1180666
86 72 82 #UTIL: 1504816
86 72 82 95 #UTIL: 1402956
86 72 82 95 94 92 #UTIL: 1292726
86 72 82 95 92 #UTIL: 1774016
86 72 82 94 #UTIL: 1086744
86 72 82 94 92 #UTIL: 1318477
86 72 82 92 #UTIL: 1775402
86 72 95 92 #UTIL: 1084072
86 72 92 #UTIL: 1045728
86 82 #UTIL: 2856938
86 82 95 #UTIL: 2641921
86 82 95 94 #UTIL: 1884902
86 82 95 94 92 #UTIL: 2514435
86 82 95 92 #UTIL: 3373719
86 82 94 #UTIL: 2006830
86 82 94 92 #UTIL: 2570468
86 82 92 #UTIL: 3369852
86 95 #UTIL: 1300750
86 95 94 #UTIL: 1014721
86 95 94 92 #UTIL: 1674909
86 95 92 #UTIL: 2080541
86 94 92 #UTIL: 1576751
86 92 #UTIL: 1967050
64 65 72 82 94 92 #UTIL: 1055630
64 65 82 94 92 #UTIL: 1127242
64 65 82 92 #UTIL: 1030639
64 74 82 94 92 #UTIL: 1048071
64 72 82 95 94 92 #UTIL: 1119403
64 72 82 95 92 #UTIL: 1136401
64 72 82 94 92 #UTIL: 1215359
64 72 82 92 #UTIL: 1237314
64 72 94 92 #UTIL: 1002683
64 82 95 94 92 #UTIL: 1347413
64 82 95 92 #UTIL: 1335723
64 82 94 #UTIL: 1019539
64 82 94 92 #UTIL: 1463011
64 82 92 #UTIL: 1437761
64 94 92 #UTIL: 1226192
87 97 82 95 94 92 #UTIL: 1048293
87 97 82 95 92 #UTIL: 1308032
87 97 82 92 #UTIL: 1144134
87 74 82 95 94 92 #UTIL: 1066038
87 74 82 95 92 #UTIL: 1142778
87 74 82 92 #UTIL: 1111367
87 72 82 #UTIL: 1421327
87 72 82 95 #UTIL: 1425966
87 72 82 95 94 #UTIL: 1082469
87 72 82 95 94 92 #UTIL: 1493035
87 72 82 95 92 #UTIL: 1890908
87 72 82 94 #UTIL: 1064591
87 72 82 94 92 #UTIL: 1413272
87 72 82 92 #UTIL: 1827895
87 82 #UTIL: 2241593
87 82 95 #UTIL: 2252078
87 82 95 94 #UTIL: 1669659
87 82 95 94 92 #UTIL: 2365880
87 82 95 92 #UTIL: 3057100
87 82 94 #UTIL: 1636554
87 82 94 92 #UTIL: 2279239
87 82 92 #UTIL: 2937717
87 95 94 92 #UTIL: 1333501
87 95 92 #UTIL: 1514246
87 94 92 #UTIL: 1090868
87 92 #UTIL: 1153428
93 65 82 94 92 #UTIL: 1039717
93 65 94 92 #UTIL: 1127652
93 97 94 92 #UTIL: 1337731
93 74 72 82 95 94 92 #UTIL: 1017747
93 74 72 82 94 92 #UTIL: 1091308
93 74 72 94 92 #UTIL: 1303494
93 74 82 95 94 92 #UTIL: 1232527
93 74 82 95 92 #UTIL: 1055684
93 74 82 94 92 #UTIL: 1309076
93 74 82 92 #UTIL: 1077473
93 74 95 94 92 #UTIL: 1137683
93 74 94 92 #UTIL: 1619138
93 74 92 #UTIL: 1018586
93 72 82 95 94 92 #UTIL: 1339271
93 72 82 95 92 #UTIL: 1146290
93 72 82 94 92 #UTIL: 1431535
93 72 82 92 #UTIL: 1184411
93 72 95 94 92 #UTIL: 1243384
93 72 94 92 #UTIL: 1691538
93 72 92 #UTIL: 1103079
93 82 95 94 #UTIL: 1202448
93 82 95 94 92 #UTIL: 1940819
93 82 95 92 #UTIL: 1716898
93 82 94 #UTIL: 1216225
93 82 94 92 #UTIL: 2039252
93 82 92 #UTIL: 1732057
93 95 94 92 #UTIL: 1916816
93 95 92 #UTIL: 1487703
93 94 #UTIL: 1222658
93 94 92 #UTIL: 2624689
93 92 #UTIL: 1741437
65 74 72 82 95 94 92 #UTIL: 1154644
65 74 72 82 95 92 #UTIL: 1075900
65 74 72 82 94 #UTIL: 1043685
65 74 72 82 94 92 #UTIL: 1326002
65 74 72 82 92 #UTIL: 1224422
65 74 72 94 92 #UTIL: 1098887
65 74 82 95 94 92 #UTIL: 1203131
65 74 82 95 92 #UTIL: 1117258
65 74 82 94 #UTIL: 1059205
65 74 82 94 92 #UTIL: 1385637
65 74 82 92 #UTIL: 1268880
65 74 94 92 #UTIL: 1115946
65 72 82 #UTIL: 1116963
65 72 82 95 94 92 #UTIL: 1359810
65 72 82 95 92 #UTIL: 1305221
65 72 82 94 #UTIL: 1189818
65 72 82 94 92 #UTIL: 1568038
65 72 82 92 #UTIL: 1480008
65 72 95 94 92 #UTIL: 1004901
65 72 94 92 #UTIL: 1271865
65 82 #UTIL: 1346356
65 82 95 #UTIL: 1122311
65 82 95 94 #UTIL: 1176950
65 82 95 94 92 #UTIL: 1717218
65 82 95 92 #UTIL: 1676499
65 82 94 #UTIL: 1417852
65 82 94 92 #UTIL: 1945046
65 82 92 #UTIL: 1857702
65 95 94 92 #UTIL: 1224767
65 95 92 #UTIL: 1037597
65 94 92 #UTIL: 1542435
65 92 #UTIL: 1163356
97 74 94 92 #UTIL: 1065803
97 72 82 95 94 92 #UTIL: 1054261
97 72 82 95 92 #UTIL: 1164773
97 72 82 94 92 #UTIL: 1139674
97 72 82 92 #UTIL: 1177664
97 72 94 92 #UTIL: 1125347
97 82 #UTIL: 1153165
97 82 95 #UTIL: 1244400
97 82 95 94 #UTIL: 1126585
97 82 95 94 92 #UTIL: 1706495
97 82 95 92 #UTIL: 1892297
97 82 94 #UTIL: 1136688
97 82 94 92 #UTIL: 1783756
97 82 92 #UTIL: 1860868
97 95 94 92 #UTIL: 1745738
97 95 92 #UTIL: 1910426
97 94 92 #UTIL: 1942455
97 92 #UTIL: 1686760
74 72 82 #UTIL: 1219513
74 72 82 95 #UTIL: 1080023
74 72 82 95 94 #UTIL: 1137818
74 72 82 95 94 92 #UTIL: 1718334
74 72 82 95 92 #UTIL: 1671902
74 72 82 94 #UTIL: 1292187
74 72 82 94 92 #UTIL: 1873818
74 72 82 92 #UTIL: 1809999
74 72 95 94 92 #UTIL: 1376445
74 72 95 92 #UTIL: 1131544
74 72 94 92 #UTIL: 1710756
74 72 92 #UTIL: 1220690
74 82 #UTIL: 1383501
74 82 95 #UTIL: 1265129
74 82 95 94 #UTIL: 1380300
74 82 95 94 92 #UTIL: 2155828
74 82 95 92 #UTIL: 2064796
74 82 94 #UTIL: 1538081
74 82 94 92 #UTIL: 2341393
74 82 92 #UTIL: 2210660
74 95 94 92 #UTIL: 1802345
74 95 92 #UTIL: 1463405
74 94 92 #UTIL: 2173326
74 92 #UTIL: 1493477
72 82 #UTIL: 2098238
72 82 95 #UTIL: 1911079
72 82 95 94 #UTIL: 1743018
72 82 95 94 92 #UTIL: 2650680
72 82 95 92 #UTIL: 2901014
72 82 94 #UTIL: 1915812
72 82 94 92 #UTIL: 2846025
72 82 92 #UTIL: 3068586
72 95 94 92 #UTIL: 2105798
72 95 92 #UTIL: 1904047
72 94 92 #UTIL: 2398793
72 92 #UTIL: 1834905
82 #UTIL: 3561154
82 95 #UTIL: 3246517
82 95 94 #UTIL: 2824265
82 95 94 92 #UTIL: 4412250
82 95 92 #UTIL: 5025234
82 94 #UTIL: 2962886
82 94 92 #UTIL: 4645830
82 92 #UTIL: 5155680
95 #UTIL: 1203746
95 94 #UTIL: 1598688
95 94 92 #UTIL: 3961874
95 92 #UTIL: 3957047
94 #UTIL: 1398200
94 92 #UTIL: 4299415
92 #UTIL: 3459799
