47 74 93 94 92 #UTIL: 1041856
47 93 94 92 #UTIL: 1335043
47 94 92 #UTIL: 1344523
65 93 94 92 #UTIL: 1136776
65 94 92 #UTIL: 1144274
64 96 93 94 92 #UTIL: 1022040
64 46 93 94 92 #UTIL: 1029320
64 73 93 94 92 #UTIL: 1063962
64 73 94 92 #UTIL: 1021516
64 72 93 94 92 #UTIL: 1071280
64 72 94 92 #UTIL: 1096164
64 74 93 94 92 #UTIL: 1106911
64 74 94 92 #UTIL: 1083917
64 93 94 92 #UTIL: 1347756
64 94 92 #UTIL: 1374368
82 95 94 92 #UTIL: 1180536
82 93 94 92 #UTIL: 1125112
82 94 92 #UTIL: 1497436
82 92 #UTIL: 1184838
97 96 74 93 94 92 #UTIL: 1013923
97 96 93 94 92 #UTIL: 1228603
97 96 94 92 #UTIL: 1140104
97 48 93 94 92 #UTIL: 1099898
97 48 94 92 #UTIL: 1021783
97 46 93 94 92 #UTIL: 1218083
97 46 94 92 #UTIL: 1139701
97 73 74 93 94 92 #UTIL: 1060630
97 73 93 94 92 #UTIL: 1246198
97 73 94 92 #UTIL: 1166659
97 72 74 93 94 92 #UTIL: 1014444
97 72 93 94 92 #UTIL: 1199503
97 72 94 92 #UTIL: 1174738
97 74 93 94 92 #UTIL: 1306911
97 74 94 92 #UTIL: 1230643
97 93 94 #UTIL: 1066185
97 93 94 92 #UTIL: 1741501
97 93 92 #UTIL: 1048310
97 94 92 #UTIL: 1704011
96 48 46 93 94 92 #UTIL: 1098319
96 48 46 94 92 #UTIL: 1012373
96 48 73 93 94 92 #UTIL: 1106656
96 48 73 94 92 #UTIL: 1036057
96 48 72 93 94 92 #UTIL: 1060618
96 48 72 94 92 #UTIL: 1000903
96 48 74 93 94 92 #UTIL: 1072876
96 48 93 94 92 #UTIL: 1366332
96 48 94 92 #UTIL: 1292151
96 46 73 72 74 93 94 92 #UTIL: 1014269
96 46 73 72 93 94 92 #UTIL: 1070695
96 46 73 72 94 92 #UTIL: 1002462
96 46 73 74 93 94 92 #UTIL: 1088431
96 46 73 74 94 92 #UTIL: 1009091
96 46 73 93 94 92 #UTIL: 1221904
96 46 73 94 92 #UTIL: 1138050
96 46 72 74 93 94 92 #UTIL: 1063100
96 46 72 93 94 92 #UTIL: 1180965
96 46 72 94 92 #UTIL: 1104140
96 46 74 93 94 92 #UTIL: 1178433
96 46 74 94 92 #UTIL: 1095929
96 46 93 94 92 #UTIL: 1433280
96 46 94 92 #UTIL: 1340267
96 73 72 74 93 94 92 #UTIL: 1105373
96 73 72 74 94 92 #UTIL: 1044085
96 73 72 93 94 92 #UTIL: 1203407
96 73 72 94 92 #UTIL: 1139896
96 73 74 93 94 92 #UTIL: 1301005
96 73 74 94 92 #UTIL: 1210263
96 73 93 94 92 #UTIL: 1503372
96 73 94 92 #UTIL: 1417718
96 72 74 93 94 92 #UTIL: 1250206
96 72 74 94 92 #UTIL: 1177649
96 72 93 94 92 #UTIL: 1465454
96 72 94 92 #UTIL: 1392653
96 74 93 94 #UTIL: 1004685
96 74 93 94 92 #UTIL: 1512688
96 74 94 92 #UTIL: 1423627
96 93 94 #UTIL: 1297370
96 93 94 92 #UTIL: 1985613
96 93 92 #UTIL: 1119696
96 94 #UTIL: 1170744
96 94 92 #UTIL: 1926750
96 92 #UTIL: 1011772
95 48 94 92 #UTIL: 1022230
95 46 93 94 92 #UTIL: 1176600
95 46 94 92 #UTIL: 1217396
95 73 74 93 94 92 #UTIL: 1057724
95 73 74 94 92 #UTIL: 1045746
95 73 93 94 92 #UTIL: 1211059
95 73 94 92 #UTIL: 1247195
95 72 74 94 92 #UTIL: 1014339
95 72 93 94 92 #UTIL: 1189553
95 72 94 92 #UTIL: 1299661
95 74 93 94 92 #UTIL: 1332840
95 74 94 92 #UTIL: 1358201
95 93 94 92 #UTIL: 1797358
95 93 92 #UTIL: 1110438
95 94 92 #UTIL: 2081380
95 92 #UTIL: 1349937
48 46 73 72 93 94 92 #UTIL: 1013597
48 46 73 74 93 94 92 #UTIL: 1057032
48 46 73 93 94 92 #UTIL: 1226125
48 46 73 94 92 #UTIL: 1142853
48 46 72 74 93 94 92 #UTIL: 1001088
48 46 72 93 94 92 #UTIL: 1139762
48 46 72 94 92 #UTIL: 1062627
48 46 74 93 94 92 #UTIL: 1204398
48 46 74 94 92 #UTIL: 1107597
48 46 93 94 92 #UTIL: 1552162
48 46 94 92 #UTIL: 1435514
48 73 72 74 93 94 92 #UTIL: 1027480
48 73 72 93 94 92 #UTIL: 1115301
48 73 72 94 92 #UTIL: 1049457
48 73 74 93 94 92 #UTIL: 1221310
48 73 74 94 92 #UTIL: 1140176
48 73 93 94 92 #UTIL: 1465198
48 73 94 92 #UTIL: 1378368
48 72 74 93 94 92 #UTIL: 1161586
48 72 74 94 92 #UTIL: 1096525
48 72 93 94 92 #UTIL: 1367418
48 72 94 92 #UTIL: 1306831
48 74 93 94 92 #UTIL: 1504916
48 74 94 92 #UTIL: 1397448
48 93 94 #UTIL: 1292113
48 93 94 92 #UTIL: 2109150
48 93 92 #UTIL: 1144999
48 94 #UTIL: 1082798
48 94 92 #UTIL: 2031377
48 92 #UTIL: 1016444
46 73 72 74 93 94 92 #UTIL: 1204351
46 73 72 74 94 92 #UTIL: 1148845
46 73 72 93 94 92 #UTIL: 1300227
46 73 72 94 92 #UTIL: 1243945
46 73 74 93 94 92 #UTIL: 1387886
46 73 74 94 92 #UTIL: 1301506
46 73 93 94 #UTIL: 1021395
46 73 93 94 92 #UTIL: 1646698
46 73 94 92 #UTIL: 1574626
46 72 74 93 94 92 #UTIL: 1327518
46 72 74 94 92 #UTIL: 1272982
46 72 93 94 92 #UTIL: 1550903
46 72 94 92 #UTIL: 1511837
46 74 93 94 #UTIL: 1029518
46 74 93 94 92 #UTIL: 1657167
46 74 94 92 #UTIL: 1559696
46 93 94 #UTIL: 1384237
46 93 94 92 #UTIL: 2249804
46 93 92 #UTIL: 1212398
46 94 #UTIL: 1203687
46 94 92 #UTIL: 2217606
46 92 #UTIL: 1104541
73 72 74 93 94 92 #UTIL: 1404623
73 72 74 94 92 #UTIL: 1372648
73 72 93 94 92 #UTIL: 1587105
73 72 94 92 #UTIL: 1558686
73 74 93 94 #UTIL: 1080666
73 74 93 94 92 #UTIL: 1793791
73 74 94 92 #UTIL: 1721664
73 93 94 #UTIL: 1356247
73 93 94 92 #UTIL: 2273708
73 93 92 #UTIL: 1240401
73 94 #UTIL: 1187691
73 94 92 #UTIL: 2234140
73 92 #UTIL: 1124418
72 74 93 94 #UTIL: 1014788
72 74 93 94 92 #UTIL: 1667016
72 74 94 92 #UTIL: 1649773
72 93 94 #UTIL: 1235462
72 93 94 92 #UTIL: 2085255
72 93 92 #UTIL: 1167063
72 94 #UTIL: 1124715
72 94 92 #UTIL: 2137562
72 92 #UTIL: 1151280
74 93 94 #UTIL: 1356850
74 93 94 92 #UTIL: 2335460
74 93 92 #UTIL: 1295499
74 94 #UTIL: 1196703
74 94 92 #UTIL: 2296067
74 92 #UTIL: 1182761
93 94 #UTIL: 2091837
93 94 92 #UTIL: 3615570
93 92 #UTIL: 1997858
94 #UTIL: 1895347
94 92 #UTIL: 3848151
92 #UTIL: 2055395
