90 89 87 86 82 #UTIL: 1300347
90 89 86 #UTIL: 1142361
90 89 86 82 #UTIL: 1493804
90 87 86 82 #UTIL: 1338052
90 86 #UTIL: 1218346
90 86 82 #UTIL: 1642194
16 87 86 82 #UTIL: 1190204
16 86 82 #UTIL: 1468950
17 89 87 86 82 #UTIL: 1075506
17 89 86 #UTIL: 1015268
17 89 86 82 #UTIL: 1431446
17 87 86 82 #UTIL: 1437835
17 86 #UTIL: 1339463
17 86 72 82 #UTIL: 1148553
17 86 82 #UTIL: 1939596
17 86 82 92 #UTIL: 1093453
47 93 94 92 #UTIL: 1000174
47 72 94 82 92 #UTIL: 1034533
47 94 82 92 #UTIL: 1307215
47 94 92 #UTIL: 1167168
47 82 92 #UTIL: 1072285
48 46 93 94 92 #UTIL: 1061591
48 46 94 92 #UTIL: 1065570
48 93 94 92 #UTIL: 1278656
48 74 94 92 #UTIL: 1021959
48 72 94 82 92 #UTIL: 1043209
48 72 94 92 #UTIL: 1065228
48 94 82 92 #UTIL: 1229917
48 94 92 #UTIL: 1384717
36 83 95 72 94 82 92 #UTIL: 1005510
36 83 95 94 82 92 #UTIL: 1009706
36 83 72 94 82 92 #UTIL: 1134532
36 83 72 82 92 #UTIL: 1035923
36 83 94 82 92 #UTIL: 1123373
36 83 82 92 #UTIL: 1029103
36 95 86 72 94 82 92 #UTIL: 1012929
36 95 86 94 82 92 #UTIL: 1025155
36 95 72 94 82 92 #UTIL: 1193979
36 95 72 82 92 #UTIL: 1065099
36 95 94 82 92 #UTIL: 1236829
36 95 82 92 #UTIL: 1098606
36 74 72 94 82 92 #UTIL: 1108713
36 74 94 82 92 #UTIL: 1097246
36 86 72 94 82 92 #UTIL: 1116585
36 86 72 82 92 #UTIL: 1069484
36 86 94 82 92 #UTIL: 1141227
36 86 82 92 #UTIL: 1108727
36 72 94 82 #UTIL: 1057853
36 72 94 82 92 #UTIL: 1425854
36 72 82 92 #UTIL: 1266956
36 94 82 #UTIL: 1047806
36 94 82 92 #UTIL: 1450389
36 82 92 #UTIL: 1295234
96 46 93 94 92 #UTIL: 1095836
96 46 94 92 #UTIL: 1108602
96 93 73 94 92 #UTIL: 1055310
96 93 74 94 92 #UTIL: 1126297
96 93 72 94 92 #UTIL: 1067226
96 93 94 82 92 #UTIL: 1012457
96 93 94 92 #UTIL: 1344421
96 73 94 92 #UTIL: 1061180
96 74 94 92 #UTIL: 1176939
96 72 94 82 92 #UTIL: 1115101
96 72 94 92 #UTIL: 1127051
96 94 82 92 #UTIL: 1262181
96 94 92 #UTIL: 1471959
96 82 92 #UTIL: 1020335
80 86 82 #UTIL: 1014314
38 83 95 86 72 94 82 92 #UTIL: 1019712
38 83 95 86 94 82 92 #UTIL: 1069535
38 83 95 86 82 92 #UTIL: 1082736
38 83 95 72 94 82 92 #UTIL: 1107004
38 83 95 72 82 92 #UTIL: 1029030
38 83 95 94 82 92 #UTIL: 1160274
38 83 95 82 92 #UTIL: 1103646
38 83 86 72 94 82 92 #UTIL: 1002713
38 83 86 72 82 92 #UTIL: 1006932
38 83 86 94 82 92 #UTIL: 1108155
38 83 86 82 92 #UTIL: 1140430
38 83 72 94 82 92 #UTIL: 1195815
38 83 72 82 92 #UTIL: 1111686
38 83 94 82 92 #UTIL: 1279072
38 83 82 92 #UTIL: 1215125
38 87 86 82 92 #UTIL: 1067988
38 95 74 94 82 92 #UTIL: 1040812
38 95 86 72 94 82 92 #UTIL: 1196882
38 95 86 72 82 #UTIL: 1103760
38 95 86 72 82 92 #UTIL: 1351897
38 95 86 94 82 #UTIL: 1038712
38 95 86 94 82 92 #UTIL: 1299498
38 95 86 82 #UTIL: 1239670
38 95 86 82 92 #UTIL: 1511789
38 95 72 94 82 92 #UTIL: 1357113
38 95 72 82 92 #UTIL: 1328068
38 95 94 82 #UTIL: 1079568
38 95 94 82 92 #UTIL: 1477450
38 95 82 #UTIL: 1068292
38 95 82 92 #UTIL: 1478095
38 74 86 82 92 #UTIL: 1018935
38 74 72 94 82 92 #UTIL: 1067771
38 74 94 82 92 #UTIL: 1159636
38 74 82 92 #UTIL: 1061779
38 86 72 94 82 92 #UTIL: 1218200
38 86 72 82 #UTIL: 1184878
38 86 72 82 92 #UTIL: 1414202
38 86 94 82 #UTIL: 1126157
38 86 94 82 92 #UTIL: 1404067
38 86 82 #UTIL: 1388475
38 86 82 92 #UTIL: 1648476
38 72 94 82 #UTIL: 1053852
38 72 94 82 92 #UTIL: 1457437
38 72 82 #UTIL: 1024450
38 72 82 92 #UTIL: 1432411
38 94 82 #UTIL: 1178824
38 94 82 92 #UTIL: 1637360
38 82 #UTIL: 1163111
38 82 92 #UTIL: 1630998
89 77 86 82 #UTIL: 1006424
89 87 95 86 82 #UTIL: 1084801
89 87 95 86 82 92 #UTIL: 1089672
89 87 86 #UTIL: 1759121
89 87 86 72 82 #UTIL: 1377752
89 87 86 72 82 92 #UTIL: 1004436
89 87 86 82 #UTIL: 2858414
89 87 86 82 92 #UTIL: 1618699
89 87 82 #UTIL: 1380033
89 87 82 92 #UTIL: 1012466
89 95 86 82 #UTIL: 1405047
89 95 86 82 92 #UTIL: 1427029
89 86 #UTIL: 2222360
89 86 72 82 #UTIL: 1669225
89 86 72 82 92 #UTIL: 1235243
89 86 82 #UTIL: 3439511
89 86 82 92 #UTIL: 1943101
89 86 92 #UTIL: 1092508
89 82 #UTIL: 1575792
89 82 92 #UTIL: 1153482
97 93 94 92 #UTIL: 1162957
97 95 72 94 82 92 #UTIL: 1075915
97 95 94 82 92 #UTIL: 1260962
97 95 94 92 #UTIL: 1031809
97 95 82 92 #UTIL: 1199407
97 74 94 82 92 #UTIL: 1054575
97 74 94 92 #UTIL: 1047577
97 86 82 #UTIL: 1001290
97 86 82 92 #UTIL: 1040812
97 72 94 82 92 #UTIL: 1273989
97 72 94 92 #UTIL: 1125324
97 72 82 92 #UTIL: 1156732
97 94 82 #UTIL: 1195466
97 94 82 92 #UTIL: 1577637
97 94 92 #UTIL: 1485492
97 82 #UTIL: 1149816
97 82 92 #UTIL: 1510142
77 87 86 82 #UTIL: 1215282
77 86 #UTIL: 1195394
77 86 72 82 #UTIL: 1287172
77 86 82 #UTIL: 1699613
77 86 82 92 #UTIL: 1124754
77 82 #UTIL: 1092988
77 82 92 #UTIL: 1042474
76 86 82 #UTIL: 1235024
76 72 94 82 92 #UTIL: 1004332
76 94 82 92 #UTIL: 1093842
76 82 #UTIL: 1108040
76 82 92 #UTIL: 1169532
64 93 94 92 #UTIL: 1048398
64 73 94 82 92 #UTIL: 1018156
64 83 94 82 92 #UTIL: 1031640
64 65 94 82 92 #UTIL: 1091568
64 95 72 94 82 92 #UTIL: 1027636
64 95 94 82 92 #UTIL: 1180687
64 95 82 92 #UTIL: 1027830
64 74 72 94 82 92 #UTIL: 1161421
64 74 72 94 92 #UTIL: 1004808
64 74 72 82 92 #UTIL: 1029810
64 74 94 82 92 #UTIL: 1199012
64 74 94 92 #UTIL: 1042516
64 74 82 92 #UTIL: 1033818
64 86 82 #UTIL: 1004722
64 72 94 82 #UTIL: 1112211
64 72 94 82 92 #UTIL: 1388391
64 72 94 92 #UTIL: 1121164
64 72 82 92 #UTIL: 1229568
64 94 82 #UTIL: 1279997
64 94 82 92 #UTIL: 1599726
64 94 92 #UTIL: 1305075
64 82 #UTIL: 1110750
64 82 92 #UTIL: 1385236
46 93 73 74 94 92 #UTIL: 1115024
46 93 73 72 94 92 #UTIL: 1040629
46 93 73 94 82 92 #UTIL: 1062803
46 93 73 94 92 #UTIL: 1274391
46 93 95 74 94 82 92 #UTIL: 1012616
46 93 95 72 94 82 92 #UTIL: 1076095
46 93 95 94 82 92 #UTIL: 1177914
46 93 95 94 92 #UTIL: 1082048
46 93 74 72 94 82 92 #UTIL: 1078619
46 93 74 72 94 92 #UTIL: 1184629
46 93 74 94 82 92 #UTIL: 1177391
46 93 74 94 92 #UTIL: 1380231
46 93 72 94 82 92 #UTIL: 1256793
46 93 72 94 92 #UTIL: 1321510
46 93 94 82 #UTIL: 1104401
46 93 94 82 92 #UTIL: 1509016
46 93 94 92 #UTIL: 1733850
46 93 82 92 #UTIL: 1187985
46 73 74 94 82 92 #UTIL: 1040681
46 73 74 94 92 #UTIL: 1132451
46 73 72 94 82 92 #UTIL: 1092045
46 73 72 94 92 #UTIL: 1080386
46 73 94 82 92 #UTIL: 1240705
46 73 94 92 #UTIL: 1328793
46 83 72 94 82 92 #UTIL: 1055013
46 83 94 82 92 #UTIL: 1154465
46 65 94 82 92 #UTIL: 1121857
46 65 94 92 #UTIL: 1089644
46 95 74 72 94 82 92 #UTIL: 1124313
46 95 74 94 82 92 #UTIL: 1195724
46 95 72 94 82 92 #UTIL: 1324808
46 95 72 94 92 #UTIL: 1029642
46 95 72 82 92 #UTIL: 1094790
46 95 94 82 #UTIL: 1104333
46 95 94 82 92 #UTIL: 1496374
46 95 94 92 #UTIL: 1242243
46 95 82 92 #UTIL: 1246307
46 74 72 94 82 92 #UTIL: 1328740
46 74 72 94 92 #UTIL: 1267832
46 74 72 82 92 #UTIL: 1073806
46 74 94 82 #UTIL: 1071389
46 74 94 82 92 #UTIL: 1467090
46 74 94 92 #UTIL: 1505494
46 74 82 92 #UTIL: 1188067
46 72 94 82 #UTIL: 1195255
46 72 94 82 92 #UTIL: 1620361
46 72 94 92 #UTIL: 1468741
46 72 82 92 #UTIL: 1311335
46 94 82 #UTIL: 1453480
46 94 82 92 #UTIL: 1977452
46 94 92 #UTIL: 1977678
46 82 #UTIL: 1109263
46 82 92 #UTIL: 1609857
46 92 #UTIL: 1084141
93 73 95 94 82 92 #UTIL: 1060507
93 73 74 72 94 82 92 #UTIL: 1057571
93 73 74 72 94 92 #UTIL: 1193210
93 73 74 94 82 92 #UTIL: 1147255
93 73 74 94 92 #UTIL: 1363246
93 73 72 94 82 92 #UTIL: 1177507
93 73 72 94 92 #UTIL: 1279842
93 73 94 82 #UTIL: 1004857
93 73 94 82 92 #UTIL: 1379275
93 73 94 92 #UTIL: 1594353
93 73 82 92 #UTIL: 1106529
93 83 95 94 82 92 #UTIL: 1025097
93 83 74 94 82 92 #UTIL: 1068686
93 83 72 94 82 92 #UTIL: 1128521
93 83 94 82 #UTIL: 1005266
93 83 94 82 92 #UTIL: 1341848
93 83 82 92 #UTIL: 1158415
93 65 74 94 92 #UTIL: 1033735
93 65 72 94 82 92 #UTIL: 1005096
93 65 94 82 92 #UTIL: 1157915
93 65 94 92 #UTIL: 1179980
93 95 74 72 94 82 92 #UTIL: 1189322
93 95 74 72 94 92 #UTIL: 1070424
93 95 74 94 82 92 #UTIL: 1291758
93 95 74 94 92 #UTIL: 1164474
93 95 74 82 92 #UTIL: 1063388
93 95 72 94 82 92 #UTIL: 1343781
93 95 72 94 92 #UTIL: 1200090
93 95 72 82 92 #UTIL: 1107179
93 95 94 82 #UTIL: 1132282
93 95 94 82 92 #UTIL: 1578460
93 95 94 92 #UTIL: 1464722
93 95 82 92 #UTIL: 1294647
93 74 72 94 82 #UTIL: 1081379
93 74 72 94 82 92 #UTIL: 1429651
93 74 72 94 92 #UTIL: 1459644
93 74 72 82 92 #UTIL: 1168348
93 74 94 82 #UTIL: 1169286
93 74 94 82 92 #UTIL: 1584301
93 74 94 92 #UTIL: 1734916
93 74 82 92 #UTIL: 1281247
93 74 92 #UTIL: 1008539
93 86 94 82 92 #UTIL: 1047335
93 72 94 82 #UTIL: 1287675
93 72 94 82 92 #UTIL: 1711590
93 72 94 92 #UTIL: 1691640
93 72 82 92 #UTIL: 1398048
93 72 92 #UTIL: 1015993
93 94 #UTIL: 1266423
93 94 82 #UTIL: 1612000
93 94 82 92 #UTIL: 2189894
93 94 92 #UTIL: 2403993
93 82 #UTIL: 1220119
93 82 92 #UTIL: 1793489
93 92 #UTIL: 1382543
73 83 95 72 94 82 92 #UTIL: 1061186
73 83 95 94 82 92 #UTIL: 1137853
73 83 95 82 92 #UTIL: 1033415
73 83 74 72 94 82 92 #UTIL: 1069708
73 83 74 94 82 92 #UTIL: 1112187
73 83 72 94 82 #UTIL: 1015704
73 83 72 94 82 92 #UTIL: 1301566
73 83 72 82 92 #UTIL: 1188684
73 83 94 82 #UTIL: 1137480
73 83 94 82 92 #UTIL: 1477028
73 83 82 #UTIL: 1017678
73 83 82 92 #UTIL: 1330849
73 65 72 94 82 92 #UTIL: 1082501
73 65 94 82 92 #UTIL: 1148343
73 65 94 92 #UTIL: 1052154
73 65 82 92 #UTIL: 1010081
73 95 74 72 94 82 92 #UTIL: 1093717
73 95 74 94 82 92 #UTIL: 1149138
73 95 72 94 82 #UTIL: 1038389
73 95 72 94 82 92 #UTIL: 1371850
73 95 72 94 92 #UTIL: 1022527
73 95 72 82 92 #UTIL: 1225775
73 95 94 82 #UTIL: 1118898
73 95 94 82 92 #UTIL: 1504890
73 95 94 92 #UTIL: 1163851
73 95 82 92 #UTIL: 1326736
73 74 72 94 82 #UTIL: 1108353
73 74 72 94 82 92 #UTIL: 1437847
73 74 72 94 92 #UTIL: 1331572
73 74 72 82 92 #UTIL: 1261236
73 74 94 82 #UTIL: 1139440
73 74 94 82 92 #UTIL: 1522064
73 74 94 92 #UTIL: 1496815
73 74 82 92 #UTIL: 1298651
73 86 72 94 82 92 #UTIL: 1009938
73 86 72 82 #UTIL: 1032848
73 86 72 82 92 #UTIL: 1115020
73 86 94 82 92 #UTIL: 1116158
73 86 82 #UTIL: 1143110
73 86 82 92 #UTIL: 1197662
73 72 94 82 #UTIL: 1349354
73 72 94 82 92 #UTIL: 1768956
73 72 94 92 #UTIL: 1507439
73 72 82 #UTIL: 1206837
73 72 82 92 #UTIL: 1595968
73 94 82 #UTIL: 1501693
73 94 82 92 #UTIL: 2017175
73 94 92 #UTIL: 1848072
73 82 #UTIL: 1302822
73 82 92 #UTIL: 1764172
73 92 #UTIL: 1052924
83 65 72 94 82 92 #UTIL: 1155586
83 65 72 82 92 #UTIL: 1104794
83 65 94 82 #UTIL: 1046574
83 65 94 82 92 #UTIL: 1235332
83 65 82 #UTIL: 1043907
83 65 82 92 #UTIL: 1167961
83 87 95 86 94 82 92 #UTIL: 1091930
83 87 95 86 82 92 #UTIL: 1084335
83 87 95 94 82 92 #UTIL: 1072280
83 87 95 82 92 #UTIL: 1039010
83 87 86 72 82 92 #UTIL: 1066262
83 87 86 94 82 #UTIL: 1072320
83 87 86 94 82 92 #UTIL: 1211642
83 87 86 82 #UTIL: 1358141
83 87 86 82 92 #UTIL: 1318209
83 87 72 94 82 92 #UTIL: 1088580
83 87 72 82 92 #UTIL: 1101914
83 87 94 82 #UTIL: 1060305
83 87 94 82 92 #UTIL: 1291161
83 87 82 #UTIL: 1195280
83 87 82 92 #UTIL: 1329349
83 95 74 86 72 94 82 92 #UTIL: 1177884
83 95 74 86 72 82 92 #UTIL: 1157828
83 95 74 86 94 82 #UTIL: 1047623
83 95 74 86 94 82 92 #UTIL: 1264267
83 95 74 86 82 #UTIL: 1023819
83 95 74 86 82 92 #UTIL: 1243257
83 95 74 72 94 82 #UTIL: 1169477
83 95 74 72 94 82 92 #UTIL: 1506857
83 95 74 72 82 #UTIL: 1061249
83 95 74 72 82 92 #UTIL: 1402093
83 95 74 94 82 #UTIL: 1226032
83 95 74 94 82 92 #UTIL: 1601935
83 95 74 82 #UTIL: 1109510
83 95 74 82 92 #UTIL: 1492406
83 95 86 72 94 82 #UTIL: 1345876
83 95 86 72 94 82 92 #UTIL: 1614025
83 95 86 72 82 #UTIL: 1369553
83 95 86 72 82 92 #UTIL: 1641646
83 95 86 94 82 #UTIL: 1479003
83 95 86 94 82 92 #UTIL: 1785037
83 95 86 94 92 #UTIL: 1042561
83 95 86 82 #UTIL: 1587602
83 95 86 82 92 #UTIL: 1903859
83 95 86 92 #UTIL: 1069807
83 95 72 94 82 #UTIL: 1549936
83 95 72 94 82 92 #UTIL: 1996573
83 95 72 94 92 #UTIL: 1091761
83 95 72 82 #UTIL: 1442342
83 95 72 82 92 #UTIL: 1894635
83 95 94 82 #UTIL: 1721190
83 95 94 82 92 #UTIL: 2243453
83 95 94 92 #UTIL: 1230005
83 95 82 #UTIL: 1660767
83 95 82 92 #UTIL: 2203469
83 95 92 #UTIL: 1043960
83 74 86 72 94 82 92 #UTIL: 1196272
83 74 86 72 82 #UTIL: 1177032
83 74 86 72 82 92 #UTIL: 1312544
83 74 86 94 82 #UTIL: 1096875
83 74 86 94 82 92 #UTIL: 1329105
83 74 86 82 #UTIL: 1292713
83 74 86 82 92 #UTIL: 1459306
83 74 72 94 82 #UTIL: 1335821
83 74 72 94 82 92 #UTIL: 1732055
83 74 72 94 92 #UTIL: 1112921
83 74 72 82 #UTIL: 1324751
83 74 72 82 92 #UTIL: 1676099
83 74 94 82 #UTIL: 1425980
83 74 94 82 92 #UTIL: 1858461
83 74 94 92 #UTIL: 1173664
83 74 82 #UTIL: 1424248
83 74 82 92 #UTIL: 1809346
83 86 #UTIL: 1100251
83 86 72 94 82 #UTIL: 1417441
83 86 72 94 82 92 #UTIL: 1687824
83 86 72 82 #UTIL: 1755797
83 86 72 82 92 #UTIL: 1887817
83 86 72 92 #UTIL: 1040363
83 86 94 82 #UTIL: 1709448
83 86 94 82 92 #UTIL: 1995085
83 86 94 92 #UTIL: 1150430
83 86 82 #UTIL: 2299363
83 86 82 92 #UTIL: 2331224
83 86 92 #UTIL: 1282641
83 72 94 82 #UTIL: 1845219
83 72 94 82 92 #UTIL: 2366905
83 72 94 92 #UTIL: 1414277
83 72 82 #UTIL: 1871941
83 72 82 92 #UTIL: 2319422
83 72 92 #UTIL: 1140337
83 94 82 #UTIL: 2223149
83 94 82 92 #UTIL: 2812358
83 94 92 #UTIL: 1667144
83 82 #UTIL: 2463753
83 82 92 #UTIL: 2872875
83 92 #UTIL: 1351204
65 95 74 72 94 82 92 #UTIL: 1028759
65 95 74 94 82 92 #UTIL: 1048056
65 95 86 94 82 92 #UTIL: 1013745
65 95 72 94 82 #UTIL: 1010069
65 95 72 94 82 92 #UTIL: 1275614
65 95 72 82 92 #UTIL: 1128706
65 95 94 82 #UTIL: 1119975
65 95 94 82 92 #UTIL: 1443207
65 95 82 92 #UTIL: 1268543
65 74 86 72 82 92 #UTIL: 1039803
65 74 86 82 92 #UTIL: 1010092
65 74 72 94 82 #UTIL: 1128317
65 74 72 94 82 92 #UTIL: 1401744
65 74 72 94 92 #UTIL: 1182986
65 74 72 82 #UTIL: 1055217
65 74 72 82 92 #UTIL: 1305104
65 74 94 82 #UTIL: 1115234
65 74 94 82 92 #UTIL: 1409381
65 74 94 92 #UTIL: 1254092
65 74 82 #UTIL: 1017112
65 74 82 92 #UTIL: 1285762
65 86 72 94 82 92 #UTIL: 1117794
65 86 72 82 #UTIL: 1186169
65 86 72 82 92 #UTIL: 1218591
65 86 94 82 #UTIL: 1119140
65 86 94 82 92 #UTIL: 1232945
65 86 82 #UTIL: 1313335
65 86 82 92 #UTIL: 1321997
65 72 94 82 #UTIL: 1427083
65 72 94 82 92 #UTIL: 1728639
65 72 94 92 #UTIL: 1293421
65 72 82 #UTIL: 1385180
65 72 82 92 #UTIL: 1619153
65 94 82 #UTIL: 1621840
65 94 82 92 #UTIL: 1970957
65 94 92 #UTIL: 1565651
65 82 #UTIL: 1547187
65 82 92 #UTIL: 1811910
65 92 #UTIL: 1010149
87 95 86 72 94 82 92 #UTIL: 1094099
87 95 86 72 82 #UTIL: 1287113
87 95 86 72 82 92 #UTIL: 1390084
87 95 86 94 82 #UTIL: 1169629
87 95 86 94 82 92 #UTIL: 1352746
87 95 86 82 #UTIL: 1837122
87 95 86 82 92 #UTIL: 1932698
87 95 86 92 #UTIL: 1135625
87 95 72 94 82 92 #UTIL: 1144500
87 95 72 82 #UTIL: 1041103
87 95 72 82 92 #UTIL: 1254805
87 95 94 82 #UTIL: 1083848
87 95 94 82 92 #UTIL: 1363540
87 95 82 #UTIL: 1398063
87 95 82 92 #UTIL: 1631485
87 74 86 72 82 #UTIL: 1215513
87 74 86 72 82 92 #UTIL: 1166714
87 74 86 94 82 92 #UTIL: 1009525
87 74 86 82 #UTIL: 1269101
87 74 86 82 92 #UTIL: 1242868
87 74 72 82 92 #UTIL: 1072754
87 74 94 82 92 #UTIL: 1025880
87 74 82 92 #UTIL: 1101043
87 86 #UTIL: 2392698
87 86 72 #UTIL: 1337806
87 86 72 94 82 #UTIL: 1202079
87 86 72 94 82 92 #UTIL: 1376983
87 86 72 82 #UTIL: 2313801
87 86 72 82 92 #UTIL: 1857711
87 86 72 92 #UTIL: 1105066
87 86 94 82 #UTIL: 1576929
87 86 94 82 92 #UTIL: 1748643
87 86 94 92 #UTIL: 1067292
87 86 82 #UTIL: 4087402
87 86 82 92 #UTIL: 2660794
87 86 92 #UTIL: 1498956
87 72 94 82 #UTIL: 1134643
87 72 94 82 92 #UTIL: 1416861
87 72 82 #UTIL: 1645645
87 72 82 92 #UTIL: 1638085
87 94 82 #UTIL: 1468897
87 94 82 92 #UTIL: 1788233
87 82 #UTIL: 2562599
87 82 92 #UTIL: 2285862
95 74 86 72 94 82 #UTIL: 1165094
95 74 86 72 94 82 92 #UTIL: 1421795
95 74 86 72 82 #UTIL: 1288941
95 74 86 72 82 92 #UTIL: 1487319
95 74 86 94 82 #UTIL: 1262796
95 74 86 94 82 92 #UTIL: 1548079
95 74 86 94 92 #UTIL: 1007052
95 74 86 82 #UTIL: 1408838
95 74 86 82 92 #UTIL: 1638127
95 74 86 92 #UTIL: 1002723
95 74 72 94 82 #UTIL: 1410896
95 74 72 94 82 92 #UTIL: 1897725
95 74 72 94 92 #UTIL: 1362799
95 74 72 82 #UTIL: 1269184
95 74 72 82 92 #UTIL: 1726807
95 74 94 82 #UTIL: 1545821
95 74 94 82 92 #UTIL: 2116415
95 74 94 92 #UTIL: 1553624
95 74 82 #UTIL: 1381196
95 74 82 92 #UTIL: 1927892
95 74 92 #UTIL: 1042233
95 86 #UTIL: 1318529
95 86 72 #UTIL: 1016779
95 86 72 94 82 #UTIL: 1582819
95 86 72 94 82 92 #UTIL: 1933453
95 86 72 94 92 #UTIL: 1227344
95 86 72 82 #UTIL: 1964012
95 86 72 82 92 #UTIL: 2229891
95 86 72 92 #UTIL: 1329331
95 86 94 82 #UTIL: 1929385
95 86 94 82 92 #UTIL: 2332009
95 86 94 92 #UTIL: 1419666
95 86 82 #UTIL: 2682619
95 86 82 92 #UTIL: 2991449
95 86 92 #UTIL: 1717642
95 72 94 82 #UTIL: 1949702
95 72 94 82 92 #UTIL: 2626080
95 72 94 92 #UTIL: 1744625
95 72 82 #UTIL: 1882390
95 72 82 92 #UTIL: 2528673
95 72 92 #UTIL: 1241565
95 94 #UTIL: 1017145
95 94 82 #UTIL: 2415441
95 94 82 92 #UTIL: 3286463
95 94 92 #UTIL: 2339776
95 82 #UTIL: 2527127
95 82 92 #UTIL: 3375894
95 92 #UTIL: 1734297
74 86 #UTIL: 1123449
74 86 72 #UTIL: 1067853
74 86 72 94 82 #UTIL: 1357219
74 86 72 94 82 92 #UTIL: 1619344
74 86 72 94 92 #UTIL: 1067350
74 86 72 82 #UTIL: 1892612
74 86 72 82 92 #UTIL: 1880412
74 86 72 92 #UTIL: 1153320
74 86 94 82 #UTIL: 1483202
74 86 94 82 92 #UTIL: 1781634
74 86 94 92 #UTIL: 1162366
74 86 82 #UTIL: 2037092
74 86 82 92 #UTIL: 2071741
74 86 92 #UTIL: 1247769
74 72 94 82 #UTIL: 1801579
74 72 94 82 92 #UTIL: 2375219
74 72 94 92 #UTIL: 1880670
74 72 82 #UTIL: 1813359
74 72 82 92 #UTIL: 2256382
74 72 92 #UTIL: 1211648
74 94 #UTIL: 1060770
74 94 82 #UTIL: 1974727
74 94 82 92 #UTIL: 2654508
74 94 92 #UTIL: 2237132
74 82 #UTIL: 1969350
74 82 92 #UTIL: 2498876
74 92 #UTIL: 1329074
86 #UTIL: 3334458
86 72 #UTIL: 1869865
86 72 94 #UTIL: 1068367
86 72 94 82 #UTIL: 1962706
86 72 94 82 92 #UTIL: 2291782
86 72 94 92 #UTIL: 1420404
86 72 82 #UTIL: 3377679
86 72 82 92 #UTIL: 2888110
86 72 92 #UTIL: 1658273
86 94 #UTIL: 1275074
86 94 82 #UTIL: 2517499
86 94 82 92 #UTIL: 2888250
86 94 92 #UTIL: 1713471
86 82 #UTIL: 5680681
86 82 92 #UTIL: 4047144
86 92 #UTIL: 2230199
72 94 #UTIL: 1155667
72 94 82 #UTIL: 2545803
72 94 82 92 #UTIL: 3326910
72 94 92 #UTIL: 2387749
72 82 #UTIL: 2908761
72 82 92 #UTIL: 3318279
72 92 #UTIL: 1567255
94 #UTIL: 1499333
94 82 #UTIL: 3376365
94 82 92 #UTIL: 4397484
94 92 #UTIL: 3477191
82 #UTIL: 4578608
82 92 #UTIL: 4704815
92 #UTIL: 2178570
