99 92 #UTIL: 1086334
99 92 82 #UTIL: 1211335
89 86 87 92 82 #UTIL: 1228547
89 86 87 82 #UTIL: 1188155
89 86 92 82 #UTIL: 1350393
89 86 82 #UTIL: 1241367
65 74 72 92 82 #UTIL: 1224422
65 74 92 82 #UTIL: 1268880
65 64 92 82 #UTIL: 1030639
65 72 92 82 #UTIL: 1480008
65 72 82 #UTIL: 1116963
65 92 #UTIL: 1163356
65 92 82 #UTIL: 1857702
65 82 #UTIL: 1346356
88 92 82 #UTIL: 1120524
74 83 92 82 #UTIL: 1045443
74 72 92 #UTIL: 1220690
74 72 92 82 #UTIL: 1809999
74 72 82 #UTIL: 1219513
74 86 92 82 #UTIL: 1180666
74 87 92 82 #UTIL: 1111367
74 92 #UTIL: 1493477
74 92 82 #UTIL: 2210660
74 82 #UTIL: 1383501
73 72 92 82 #UTIL: 1102505
73 92 #UTIL: 1095753
73 92 82 #UTIL: 1293187
76 72 92 82 #UTIL: 1054545
76 92 82 #UTIL: 1265452
76 82 #UTIL: 1075820
83 72 92 82 #UTIL: 1490159
83 72 82 #UTIL: 1149012
83 86 92 82 #UTIL: 1225265
83 86 82 #UTIL: 1099119
83 87 92 82 #UTIL: 1111439
83 92 #UTIL: 1063661
83 92 82 #UTIL: 2162352
83 82 #UTIL: 1606122
64 72 92 82 #UTIL: 1237314
64 92 82 #UTIL: 1437761
72 86 87 92 82 #UTIL: 1485587
72 86 87 82 #UTIL: 1298672
72 86 92 #UTIL: 1045728
72 86 92 82 #UTIL: 1775402
72 86 82 #UTIL: 1504816
72 87 92 82 #UTIL: 1827895
72 87 82 #UTIL: 1421327
72 92 #UTIL: 1834905
72 92 82 #UTIL: 3068586
72 82 #UTIL: 2098238
86 #UTIL: 1293432
86 87 92 #UTIL: 1412309
86 87 92 82 #UTIL: 2676677
86 87 82 #UTIL: 2350716
86 92 #UTIL: 1967050
86 92 82 #UTIL: 3369852
86 82 #UTIL: 2856938
87 92 #UTIL: 1153428
87 92 82 #UTIL: 2937717
87 82 #UTIL: 2241593
92 #UTIL: 3459799
92 82 #UTIL: 5155680
82 #UTIL: 3561154
