89 86 82 #UTIL: 1087623
89 86 82 92 #UTIL: 1085708
47 96 93 94 92 #UTIL: 1059985
47 96 94 92 #UTIL: 1016389
47 48 93 94 92 #UTIL: 1136648
47 48 94 92 #UTIL: 1073022
47 46 93 73 94 92 #UTIL: 1096419
47 46 93 74 94 92 #UTIL: 1077043
47 46 93 72 94 92 #UTIL: 1069580
47 46 93 82 94 92 #UTIL: 1060114
47 46 93 94 92 #UTIL: 1351923
47 46 73 94 92 #UTIL: 1028049
47 46 74 94 92 #UTIL: 1040004
47 46 72 94 92 #UTIL: 1026679
47 46 82 94 92 #UTIL: 1125134
47 46 94 92 #UTIL: 1316338
47 93 73 74 72 94 92 #UTIL: 1178080
47 93 73 74 82 94 92 #UTIL: 1025654
47 93 73 74 94 92 #UTIL: 1298926
47 93 73 72 94 92 #UTIL: 1248377
47 93 73 82 94 92 #UTIL: 1118424
47 93 73 94 92 #UTIL: 1501733
47 93 95 82 94 92 #UTIL: 1120067
47 93 95 94 92 #UTIL: 1201519
47 93 74 72 82 94 92 #UTIL: 1018068
47 93 74 72 94 92 #UTIL: 1325910
47 93 74 82 94 92 #UTIL: 1206283
47 93 74 94 92 #UTIL: 1570210
47 93 72 82 94 92 #UTIL: 1155353
47 93 72 94 92 #UTIL: 1482791
47 93 82 94 92 #UTIL: 1456568
47 93 82 92 #UTIL: 1015333
47 93 94 #UTIL: 1092011
47 93 94 92 #UTIL: 1946145
47 93 92 #UTIL: 1094151
47 73 74 72 94 92 #UTIL: 1125196
47 73 74 82 94 92 #UTIL: 1078679
47 73 74 94 92 #UTIL: 1246177
47 73 72 94 92 #UTIL: 1182979
47 73 82 94 92 #UTIL: 1171647
47 73 94 92 #UTIL: 1437228
47 95 74 82 94 92 #UTIL: 1044701
47 95 74 94 92 #UTIL: 1003051
47 95 82 94 92 #UTIL: 1310742
47 95 82 92 #UTIL: 1029566
47 95 94 92 #UTIL: 1246465
47 74 72 82 94 92 #UTIL: 1070462
47 74 72 94 92 #UTIL: 1278891
47 74 82 94 92 #UTIL: 1310171
47 74 94 92 #UTIL: 1530155
47 72 82 94 92 #UTIL: 1268095
47 72 94 92 #UTIL: 1453468
47 82 94 #UTIL: 1056125
47 82 94 92 #UTIL: 1654401
47 82 92 #UTIL: 1220228
47 94 92 #UTIL: 1939356
47 92 #UTIL: 1033742
38 72 82 94 92 #UTIL: 1042200
38 82 94 92 #UTIL: 1100844
38 82 92 #UTIL: 1014102
96 48 97 93 94 92 #UTIL: 1134792
96 48 97 94 92 #UTIL: 1010764
96 48 46 93 73 74 94 92 #UTIL: 1060070
96 48 46 93 73 94 92 #UTIL: 1220811
96 48 46 93 74 72 94 92 #UTIL: 1004408
96 48 46 93 74 94 92 #UTIL: 1190255
96 48 46 93 72 94 92 #UTIL: 1087580
96 48 46 93 94 92 #UTIL: 1423269
96 48 46 73 94 92 #UTIL: 1097530
96 48 46 74 94 92 #UTIL: 1082272
96 48 46 94 92 #UTIL: 1279446
96 48 93 73 74 72 94 92 #UTIL: 1159840
96 48 93 73 74 94 92 #UTIL: 1331812
96 48 93 73 72 94 92 #UTIL: 1254182
96 48 93 73 94 #UTIL: 1087104
96 48 93 73 94 92 #UTIL: 1606325
96 48 93 74 72 94 92 #UTIL: 1228978
96 48 93 74 94 #UTIL: 1016134
96 48 93 74 94 92 #UTIL: 1509208
96 48 93 72 94 92 #UTIL: 1378242
96 48 93 94 #UTIL: 1296526
96 48 93 94 92 #UTIL: 1942821
96 48 93 92 #UTIL: 1115639
96 48 73 74 72 94 92 #UTIL: 1053721
96 48 73 74 94 92 #UTIL: 1201159
96 48 73 72 94 92 #UTIL: 1131230
96 48 73 94 92 #UTIL: 1435454
96 48 74 72 94 92 #UTIL: 1114349
96 48 74 94 92 #UTIL: 1366417
96 48 72 94 92 #UTIL: 1246120
96 48 94 #UTIL: 1087563
96 48 94 92 #UTIL: 1758015
96 97 46 93 94 92 #UTIL: 1029433
96 97 93 73 74 94 92 #UTIL: 1067606
96 97 93 73 94 92 #UTIL: 1266726
96 97 93 74 94 92 #UTIL: 1259291
96 97 93 72 94 92 #UTIL: 1104763
96 97 93 94 #UTIL: 1052446
96 97 93 94 92 #UTIL: 1544447
96 97 73 94 92 #UTIL: 1163877
96 97 74 94 92 #UTIL: 1188994
96 97 72 94 92 #UTIL: 1058834
96 97 94 92 #UTIL: 1464127
96 65 93 94 92 #UTIL: 1096870
96 65 94 92 #UTIL: 1037889
96 46 93 73 74 72 94 92 #UTIL: 1152348
96 46 93 73 74 94 92 #UTIL: 1340540
96 46 93 73 72 94 92 #UTIL: 1227213
96 46 93 73 94 #UTIL: 1004671
96 46 93 73 94 92 #UTIL: 1536855
96 46 93 95 94 92 #UTIL: 1103304
96 46 93 74 72 94 92 #UTIL: 1261883
96 46 93 74 94 #UTIL: 1006674
96 46 93 74 94 92 #UTIL: 1550666
96 46 93 72 94 92 #UTIL: 1404961
96 46 93 94 #UTIL: 1196041
96 46 93 94 92 #UTIL: 1865950
96 46 93 92 #UTIL: 1098142
96 46 73 74 72 94 92 #UTIL: 1072029
96 46 73 74 94 92 #UTIL: 1240428
96 46 73 72 94 92 #UTIL: 1131511
96 46 73 94 92 #UTIL: 1419904
96 46 95 94 92 #UTIL: 1066098
96 46 74 72 94 92 #UTIL: 1185404
96 46 74 94 92 #UTIL: 1452199
96 46 72 94 92 #UTIL: 1319766
96 46 94 #UTIL: 1038651
96 46 94 92 #UTIL: 1757534
96 64 93 74 94 92 #UTIL: 1052855
96 64 93 94 92 #UTIL: 1182085
96 64 74 94 92 #UTIL: 1028223
96 64 94 92 #UTIL: 1140572
96 93 73 95 94 92 #UTIL: 1136553
96 93 73 74 72 94 #UTIL: 1023836
96 93 73 74 72 94 92 #UTIL: 1521208
96 93 73 74 94 #UTIL: 1178805
96 93 73 74 94 92 #UTIL: 1779991
96 93 73 74 92 #UTIL: 1032297
96 93 73 72 94 #UTIL: 1097917
96 93 73 72 94 92 #UTIL: 1644684
96 93 73 82 94 92 #UTIL: 1018375
96 93 73 94 #UTIL: 1401275
96 93 73 94 92 #UTIL: 2139493
96 93 73 92 #UTIL: 1229306
96 93 95 74 94 92 #UTIL: 1151583
96 93 95 72 94 92 #UTIL: 1086511
96 93 95 94 92 #UTIL: 1435662
96 93 74 72 82 94 92 #UTIL: 1001885
96 93 74 72 94 #UTIL: 1109574
96 93 74 72 94 92 #UTIL: 1691742
96 93 74 72 92 #UTIL: 1008819
96 93 74 82 94 92 #UTIL: 1157705
96 93 74 94 #UTIL: 1362314
96 93 74 94 92 #UTIL: 2103402
96 93 74 92 #UTIL: 1222116
96 93 72 82 94 92 #UTIL: 1065979
96 93 72 94 #UTIL: 1240241
96 93 72 94 92 #UTIL: 1915433
96 93 72 92 #UTIL: 1125622
96 93 82 94 92 #UTIL: 1300319
96 93 94 #UTIL: 1752500
96 93 94 92 #UTIL: 2730900
96 93 92 #UTIL: 1582889
96 73 95 94 92 #UTIL: 1089672
96 73 74 72 94 92 #UTIL: 1431900
96 73 74 82 94 92 #UTIL: 1002037
96 73 74 94 #UTIL: 1030282
96 73 74 94 92 #UTIL: 1667210
96 73 72 94 92 #UTIL: 1538529
96 73 82 94 92 #UTIL: 1058467
96 73 94 #UTIL: 1214870
96 73 94 92 #UTIL: 2004458
96 73 92 #UTIL: 1060527
96 95 74 94 92 #UTIL: 1115068
96 95 72 94 92 #UTIL: 1060707
96 95 82 94 92 #UTIL: 1037307
96 95 94 92 #UTIL: 1402225
96 74 72 82 94 92 #UTIL: 1054130
96 74 72 94 92 #UTIL: 1606137
96 74 82 94 92 #UTIL: 1220459
96 74 94 #UTIL: 1201799
96 74 94 92 #UTIL: 1998322
96 74 92 #UTIL: 1073676
96 72 82 94 92 #UTIL: 1137806
96 72 94 #UTIL: 1092539
96 72 94 92 #UTIL: 1824446
96 82 94 92 #UTIL: 1386547
96 94 #UTIL: 1556410
96 94 92 #UTIL: 2631133
96 92 #UTIL: 1411651
36 93 94 92 #UTIL: 1007243
36 82 94 92 #UTIL: 1125922
36 94 92 #UTIL: 1056903
63 93 94 92 #UTIL: 1093241
63 74 82 94 92 #UTIL: 1015328
63 74 94 92 #UTIL: 1003996
63 72 82 94 92 #UTIL: 1068222
63 82 94 92 #UTIL: 1243930
63 94 92 #UTIL: 1144194
48 97 46 93 74 94 92 #UTIL: 1024311
48 97 46 93 94 92 #UTIL: 1158708
48 97 46 94 92 #UTIL: 1060620
48 97 93 73 74 94 92 #UTIL: 1134023
48 97 93 73 72 94 92 #UTIL: 1000333
48 97 93 73 94 92 #UTIL: 1306120
48 97 93 74 72 94 92 #UTIL: 1031252
48 97 93 74 94 92 #UTIL: 1353297
48 97 93 72 94 92 #UTIL: 1110033
48 97 93 94 #UTIL: 1090942
48 97 93 94 92 #UTIL: 1627927
48 97 73 74 94 92 #UTIL: 1016151
48 97 73 94 92 #UTIL: 1168482
48 97 74 94 92 #UTIL: 1217380
48 97 72 94 92 #UTIL: 1004698
48 97 94 92 #UTIL: 1502741
48 65 93 73 94 92 #UTIL: 1064664
48 65 93 74 94 92 #UTIL: 1079383
48 65 93 72 94 92 #UTIL: 1022791
48 65 93 94 92 #UTIL: 1249202
48 65 74 94 92 #UTIL: 1010749
48 65 94 92 #UTIL: 1176998
48 46 64 93 94 92 #UTIL: 1075483
48 46 64 94 92 #UTIL: 1004868
48 46 93 73 74 72 94 92 #UTIL: 1232935
48 46 93 73 74 94 92 #UTIL: 1468361
48 46 93 73 72 94 92 #UTIL: 1301770
48 46 93 73 94 #UTIL: 1102300
48 46 93 73 94 92 #UTIL: 1713828
48 46 93 95 94 92 #UTIL: 1151723
48 46 93 74 72 94 92 #UTIL: 1349227
48 46 93 74 94 #UTIL: 1090995
48 46 93 74 94 92 #UTIL: 1721386
48 46 93 72 94 92 #UTIL: 1517729
48 46 93 82 94 92 #UTIL: 1059738
48 46 93 94 #UTIL: 1381994
48 46 93 94 92 #UTIL: 2177356
48 46 93 92 #UTIL: 1184227
48 46 73 74 72 94 92 #UTIL: 1114074
48 46 73 74 94 92 #UTIL: 1321696
48 46 73 72 94 92 #UTIL: 1172455
48 46 73 94 92 #UTIL: 1537340
48 46 95 94 92 #UTIL: 1089832
48 46 74 72 94 92 #UTIL: 1240489
48 46 74 94 92 #UTIL: 1579471
48 46 72 94 92 #UTIL: 1389415
48 46 82 94 92 #UTIL: 1062773
48 46 94 #UTIL: 1147936
48 46 94 92 #UTIL: 2000071
48 64 93 73 74 94 92 #UTIL: 1028395
48 64 93 73 94 92 #UTIL: 1126018
48 64 93 74 72 94 92 #UTIL: 1001215
48 64 93 74 94 92 #UTIL: 1134310
48 64 93 72 94 92 #UTIL: 1076382
48 64 93 94 92 #UTIL: 1319676
48 64 73 94 92 #UTIL: 1024124
48 64 74 94 92 #UTIL: 1049556
48 64 94 92 #UTIL: 1231381
48 93 73 95 94 92 #UTIL: 1102939
48 93 73 74 72 94 #UTIL: 1069414
48 93 73 74 72 94 92 #UTIL: 1618841
48 93 73 74 94 #UTIL: 1251031
48 93 73 74 94 92 #UTIL: 1930933
48 93 73 74 92 #UTIL: 1047185
48 93 73 72 94 #UTIL: 1132554
48 93 73 72 94 92 #UTIL: 1732987
48 93 73 82 94 92 #UTIL: 1053309
48 93 73 94 #UTIL: 1495075
48 93 73 94 92 #UTIL: 2325209
48 93 73 92 #UTIL: 1243047
48 93 95 74 94 92 #UTIL: 1132109
48 93 95 72 94 92 #UTIL: 1060053
48 93 95 94 92 #UTIL: 1433037
48 93 74 72 94 #UTIL: 1168689
48 93 74 72 94 92 #UTIL: 1798230
48 93 74 72 92 #UTIL: 1000052
48 93 74 82 94 92 #UTIL: 1103840
48 93 74 94 #UTIL: 1476300
48 93 74 94 92 #UTIL: 2314228
48 93 74 92 #UTIL: 1235254
48 93 72 82 94 92 #UTIL: 1063477
48 93 72 94 #UTIL: 1313171
48 93 72 94 92 #UTIL: 2049833
48 93 72 92 #UTIL: 1114584
48 93 82 94 92 #UTIL: 1319020
48 93 94 #UTIL: 1981344
48 93 94 92 #UTIL: 3127272
48 93 92 #UTIL: 1661814
48 73 95 94 92 #UTIL: 1018279
48 73 74 72 94 92 #UTIL: 1468193
48 73 74 94 #UTIL: 1041036
48 73 74 94 92 #UTIL: 1740811
48 73 72 94 92 #UTIL: 1570070
48 73 82 94 92 #UTIL: 1068464
48 73 94 #UTIL: 1222390
48 73 94 92 #UTIL: 2085902
48 95 74 94 92 #UTIL: 1082391
48 95 72 94 92 #UTIL: 1031249
48 95 94 92 #UTIL: 1390949
48 74 72 94 92 #UTIL: 1664049
48 74 82 94 92 #UTIL: 1127798
48 74 94 #UTIL: 1242275
48 74 94 92 #UTIL: 2135213
48 74 92 #UTIL: 1013915
48 72 82 94 92 #UTIL: 1136336
48 72 94 #UTIL: 1114651
48 72 94 92 #UTIL: 1909923
48 82 94 92 #UTIL: 1410443
48 94 #UTIL: 1656867
48 94 92 #UTIL: 2915951
48 92 #UTIL: 1363826
76 74 72 82 94 92 #UTIL: 1014495
76 74 82 94 92 #UTIL: 1021477
76 72 82 94 92 #UTIL: 1151364
76 82 94 92 #UTIL: 1204902
76 82 92 #UTIL: 1049073
76 94 92 #UTIL: 1009251
97 65 93 74 94 92 #UTIL: 1021801
97 65 93 94 92 #UTIL: 1113516
97 65 94 92 #UTIL: 1091089
97 46 93 73 74 94 92 #UTIL: 1108184
97 46 93 73 94 92 #UTIL: 1227383
97 46 93 74 72 94 92 #UTIL: 1047553
97 46 93 74 94 92 #UTIL: 1368545
97 46 93 72 94 92 #UTIL: 1145274
97 46 93 94 #UTIL: 1016192
97 46 93 94 92 #UTIL: 1604718
97 46 73 74 94 92 #UTIL: 1036662
97 46 73 94 92 #UTIL: 1141422
97 46 74 72 94 92 #UTIL: 1007358
97 46 74 94 92 #UTIL: 1298539
97 46 72 94 92 #UTIL: 1106728
97 46 82 94 92 #UTIL: 1075083
97 46 94 92 #UTIL: 1547450
97 64 93 94 92 #UTIL: 1051280
97 64 94 92 #UTIL: 1025154
97 93 73 74 72 94 92 #UTIL: 1279866
97 93 73 74 94 92 #UTIL: 1518869
97 93 73 72 94 92 #UTIL: 1346783
97 93 73 94 #UTIL: 1155039
97 93 73 94 92 #UTIL: 1770387
97 93 73 92 #UTIL: 1038943
97 93 95 74 94 92 #UTIL: 1050981
97 93 95 94 92 #UTIL: 1271318
97 93 74 72 94 92 #UTIL: 1521470
97 93 74 82 94 92 #UTIL: 1109044
97 93 74 94 #UTIL: 1227392
97 93 74 94 92 #UTIL: 1938863
97 93 74 92 #UTIL: 1142596
97 93 72 94 #UTIL: 1058908
97 93 72 94 92 #UTIL: 1658074
97 93 82 94 92 #UTIL: 1282701
97 93 94 #UTIL: 1555995
97 93 94 92 #UTIL: 2456373
97 93 92 #UTIL: 1452749
97 73 74 72 94 92 #UTIL: 1218411
97 73 74 94 92 #UTIL: 1425064
97 73 72 94 92 #UTIL: 1270094
97 73 82 94 92 #UTIL: 1025850
97 73 94 92 #UTIL: 1653865
97 95 74 94 92 #UTIL: 1051963
97 95 82 94 92 #UTIL: 1220166
97 95 94 92 #UTIL: 1321431
97 74 72 82 94 92 #UTIL: 1076942
97 74 72 94 92 #UTIL: 1485393
97 74 82 94 92 #UTIL: 1287676
97 74 94 #UTIL: 1092390
97 74 94 92 #UTIL: 1864034
97 74 92 #UTIL: 1026589
97 72 82 94 92 #UTIL: 1215375
97 72 94 92 #UTIL: 1649009
97 82 94 #UTIL: 1117293
97 82 94 92 #UTIL: 1600198
97 82 92 #UTIL: 1224279
97 94 #UTIL: 1405955
97 94 92 #UTIL: 2426978
97 92 #UTIL: 1358158
88 86 82 92 #UTIL: 1009852
88 93 82 94 92 #UTIL: 1039359
88 93 94 92 #UTIL: 1081847
88 95 74 72 82 94 92 #UTIL: 1008592
88 95 74 82 94 92 #UTIL: 1116405
88 95 72 82 94 92 #UTIL: 1194006
88 95 72 82 92 #UTIL: 1074906
88 95 82 94 92 #UTIL: 1348897
88 95 82 92 #UTIL: 1221891
88 95 94 92 #UTIL: 1002434
88 74 72 82 94 92 #UTIL: 1111871
88 74 82 94 92 #UTIL: 1238353
88 74 82 92 #UTIL: 1055613
88 74 94 92 #UTIL: 1027636
88 72 82 94 92 #UTIL: 1288009
88 72 82 92 #UTIL: 1188642
88 72 94 92 #UTIL: 1066396
88 82 94 #UTIL: 1024246
88 82 94 92 #UTIL: 1489181
88 82 92 #UTIL: 1366779
88 94 92 #UTIL: 1218790
86 87 95 82 #UTIL: 1349346
86 87 95 82 94 92 #UTIL: 1136563
86 87 95 82 92 #UTIL: 1530524
86 87 74 82 92 #UTIL: 1035851
86 87 72 82 #UTIL: 1272747
86 87 72 82 92 #UTIL: 1218070
86 87 82 #UTIL: 1815180
86 87 82 94 #UTIL: 1157706
86 87 82 94 92 #UTIL: 1295920
86 87 82 92 #UTIL: 1768781
86 73 82 94 92 #UTIL: 1022536
86 73 82 92 #UTIL: 1009295
86 95 74 82 94 92 #UTIL: 1001209
86 95 74 82 92 #UTIL: 1014617
86 95 72 82 #UTIL: 1060707
86 95 72 82 94 92 #UTIL: 1105915
86 95 72 82 92 #UTIL: 1260916
86 95 82 #UTIL: 1661724
86 95 82 94 #UTIL: 1284281
86 95 82 94 92 #UTIL: 1557139
86 95 82 92 #UTIL: 1959270
86 74 72 82 94 92 #UTIL: 1054080
86 74 72 82 92 #UTIL: 1107848
86 74 82 #UTIL: 1177346
86 74 82 94 #UTIL: 1106155
86 74 82 94 92 #UTIL: 1322577
86 74 82 92 #UTIL: 1372565
86 72 82 #UTIL: 1605568
86 72 82 94 #UTIL: 1276484
86 72 82 94 92 #UTIL: 1437618
86 72 82 92 #UTIL: 1651337
86 82 #UTIL: 2399263
86 82 94 #UTIL: 1647828
86 82 94 92 #UTIL: 1910414
86 82 92 #UTIL: 2383918
86 94 92 #UTIL: 1061691
86 92 #UTIL: 1146918
65 46 93 73 74 72 94 92 #UTIL: 1058683
65 46 93 73 74 94 92 #UTIL: 1124730
65 46 93 73 72 94 92 #UTIL: 1056584
65 46 93 73 94 92 #UTIL: 1196163
65 46 93 74 72 94 92 #UTIL: 1153695
65 46 93 74 82 94 92 #UTIL: 1035173
65 46 93 74 94 92 #UTIL: 1288846
65 46 93 72 94 92 #UTIL: 1203765
65 46 93 82 94 92 #UTIL: 1108429
65 46 93 94 92 #UTIL: 1463484
65 46 73 74 72 82 94 92 #UTIL: 1023137
65 46 73 74 72 94 92 #UTIL: 1033456
65 46 73 74 82 94 92 #UTIL: 1055247
65 46 73 74 94 92 #UTIL: 1085089
65 46 73 72 82 94 92 #UTIL: 1001245
65 46 73 72 94 92 #UTIL: 1025563
65 46 73 82 94 92 #UTIL: 1062172
65 46 73 94 92 #UTIL: 1146463
65 46 74 72 82 94 92 #UTIL: 1099553
65 46 74 72 94 92 #UTIL: 1151911
65 46 74 82 94 92 #UTIL: 1165817
65 46 74 94 92 #UTIL: 1267496
65 46 72 82 94 92 #UTIL: 1131851
65 46 72 94 92 #UTIL: 1202757
65 46 82 94 92 #UTIL: 1248783
65 46 94 92 #UTIL: 1449630
65 64 93 73 74 72 94 92 #UTIL: 1034491
65 64 93 73 74 94 92 #UTIL: 1025819
65 64 93 73 72 94 92 #UTIL: 1012545
65 64 93 73 94 92 #UTIL: 1070310
65 64 93 74 72 94 92 #UTIL: 1083205
65 64 93 74 82 94 92 #UTIL: 1014660
65 64 93 74 94 92 #UTIL: 1111629
65 64 93 72 82 94 92 #UTIL: 1013648
65 64 93 72 94 92 #UTIL: 1131704
65 64 93 82 94 92 #UTIL: 1113587
65 64 93 94 92 #UTIL: 1250358
65 64 73 74 72 82 94 92 #UTIL: 1139416
65 64 73 74 72 94 92 #UTIL: 1048206
65 64 73 74 82 94 92 #UTIL: 1143458
65 64 73 74 94 92 #UTIL: 1021175
65 64 73 72 82 94 92 #UTIL: 1119757
65 64 73 72 94 92 #UTIL: 1024021
65 64 73 82 94 92 #UTIL: 1177069
65 64 73 94 92 #UTIL: 1061016
65 64 74 72 82 94 92 #UTIL: 1183784
65 64 74 72 94 92 #UTIL: 1106213
65 64 74 82 94 92 #UTIL: 1203720
65 64 74 94 92 #UTIL: 1115010
65 64 72 82 94 92 #UTIL: 1211557
65 64 72 94 92 #UTIL: 1150508
65 64 82 94 92 #UTIL: 1306633
65 64 94 92 #UTIL: 1274999
65 93 73 74 72 82 94 92 #UTIL: 1228403
65 93 73 74 72 94 92 #UTIL: 1440750
65 93 73 74 82 94 92 #UTIL: 1297858
65 93 73 74 94 92 #UTIL: 1509483
65 93 73 72 82 94 92 #UTIL: 1245284
65 93 73 72 94 92 #UTIL: 1435528
65 93 73 82 94 #UTIL: 1002735
65 93 73 82 94 92 #UTIL: 1391962
65 93 73 82 92 #UTIL: 1005813
65 93 73 94 #UTIL: 1010395
65 93 73 94 92 #UTIL: 1643828
65 93 95 74 94 92 #UTIL: 1093467
65 93 95 72 94 92 #UTIL: 1022759
65 93 95 82 94 92 #UTIL: 1116530
65 93 95 94 92 #UTIL: 1241553
65 93 74 72 82 94 92 #UTIL: 1318838
65 93 74 72 94 92 #UTIL: 1578494
65 93 74 82 94 #UTIL: 1002917
65 93 74 82 94 92 #UTIL: 1434392
65 93 74 82 92 #UTIL: 1027973
65 93 74 94 #UTIL: 1045047
65 93 74 94 92 #UTIL: 1734588
65 93 74 92 #UTIL: 1006968
65 93 72 82 94 #UTIL: 1006196
65 93 72 82 94 92 #UTIL: 1387692
65 93 72 82 92 #UTIL: 1011542
65 93 72 94 #UTIL: 1027021
65 93 72 94 92 #UTIL: 1659685
65 93 82 94 #UTIL: 1137928
65 93 82 94 92 #UTIL: 1636897
65 93 82 92 #UTIL: 1181730
65 93 94 #UTIL: 1210668
65 93 94 92 #UTIL: 2059349
65 93 92 #UTIL: 1184582
65 73 95 74 72 82 94 92 #UTIL: 1013634
65 73 95 74 82 94 92 #UTIL: 1045514
65 73 95 82 94 92 #UTIL: 1086517
65 73 74 72 82 94 #UTIL: 1073818
65 73 74 72 82 94 92 #UTIL: 1440139
65 73 74 72 82 92 #UTIL: 1117251
65 73 74 72 94 92 #UTIL: 1424849
65 73 74 82 94 #UTIL: 1083335
65 73 74 82 94 92 #UTIL: 1495739
65 73 74 82 92 #UTIL: 1136613
65 73 74 94 92 #UTIL: 1473020
65 73 72 82 94 #UTIL: 1101104
65 73 72 82 94 92 #UTIL: 1459911
65 73 72 82 92 #UTIL: 1133671
65 73 72 94 92 #UTIL: 1412880
65 73 82 94 #UTIL: 1148547
65 73 82 94 92 #UTIL: 1589684
65 73 82 92 #UTIL: 1205835
65 73 94 92 #UTIL: 1591619
65 95 74 72 82 94 92 #UTIL: 1095491
65 95 74 72 94 92 #UTIL: 1007396
65 95 74 82 94 92 #UTIL: 1167012
65 95 74 94 92 #UTIL: 1097619
65 95 72 82 94 92 #UTIL: 1177855
65 95 72 94 92 #UTIL: 1072772
65 95 82 94 92 #UTIL: 1370077
65 95 82 92 #UTIL: 1054901
65 95 94 92 #UTIL: 1291244
65 74 72 82 94 #UTIL: 1115169
65 74 72 82 94 92 #UTIL: 1550458
65 74 72 82 92 #UTIL: 1190885
65 74 72 94 92 #UTIL: 1587983
65 74 82 94 #UTIL: 1163942
65 74 82 94 92 #UTIL: 1664464
65 74 82 92 #UTIL: 1252491
65 74 94 92 #UTIL: 1721325
65 72 82 94 #UTIL: 1224346
65 72 82 94 92 #UTIL: 1701756
65 72 82 92 #UTIL: 1334588
65 72 94 92 #UTIL: 1705559
65 72 92 #UTIL: 1000865
65 82 94 #UTIL: 1354534
65 82 94 92 #UTIL: 1957339
65 82 92 #UTIL: 1504131
65 94 #UTIL: 1132665
65 94 92 #UTIL: 2105366
65 92 #UTIL: 1175942
87 46 82 94 92 #UTIL: 1034514
87 93 82 94 92 #UTIL: 1121769
87 95 74 82 94 92 #UTIL: 1053805
87 95 72 82 94 92 #UTIL: 1084004
87 95 72 82 92 #UTIL: 1107716
87 95 82 #UTIL: 1257609
87 95 82 94 #UTIL: 1107881
87 95 82 94 92 #UTIL: 1469234
87 95 82 92 #UTIL: 1624992
87 74 72 82 94 92 #UTIL: 1012284
87 74 82 94 92 #UTIL: 1257222
87 74 82 92 #UTIL: 1189468
87 72 82 #UTIL: 1087691
87 72 82 94 92 #UTIL: 1278297
87 72 82 92 #UTIL: 1321462
87 82 #UTIL: 1625710
87 82 94 #UTIL: 1312379
87 82 94 92 #UTIL: 1730066
87 82 92 #UTIL: 1910435
87 94 92 #UTIL: 1082601
46 64 93 73 74 72 94 92 #UTIL: 1008829
46 64 93 73 74 94 92 #UTIL: 1143842
46 64 93 73 72 94 92 #UTIL: 1051196
46 64 93 73 82 94 92 #UTIL: 1035724
46 64 93 73 94 92 #UTIL: 1261505
46 64 93 95 94 92 #UTIL: 1092567
46 64 93 74 72 94 92 #UTIL: 1118211
46 64 93 74 82 94 92 #UTIL: 1045654
46 64 93 74 94 92 #UTIL: 1307340
46 64 93 72 82 94 92 #UTIL: 1021904
46 64 93 72 94 92 #UTIL: 1260636
46 64 93 82 94 92 #UTIL: 1231781
46 64 93 94 92 #UTIL: 1554003
46 64 73 74 82 94 92 #UTIL: 1058223
46 64 73 74 94 92 #UTIL: 1112229
46 64 73 72 94 92 #UTIL: 1030749
46 64 73 82 94 92 #UTIL: 1126238
46 64 73 94 92 #UTIL: 1212374
46 64 95 82 94 92 #UTIL: 1094452
46 64 95 94 92 #UTIL: 1087062
46 64 74 72 82 94 92 #UTIL: 1034515
46 64 74 72 94 92 #UTIL: 1126647
46 64 74 82 94 92 #UTIL: 1159336
46 64 74 94 92 #UTIL: 1286470
46 64 72 82 94 92 #UTIL: 1148619
46 64 72 94 92 #UTIL: 1253134
46 64 82 94 92 #UTIL: 1363641
46 64 94 92 #UTIL: 1532668
46 93 73 95 74 72 94 92 #UTIL: 1047562
46 93 73 95 74 94 92 #UTIL: 1189368
46 93 73 95 72 94 92 #UTIL: 1095311
46 93 73 95 82 94 92 #UTIL: 1090916
46 93 73 95 94 92 #UTIL: 1366647
46 93 73 74 72 82 94 92 #UTIL: 1170998
46 93 73 74 72 94 #UTIL: 1056971
46 93 73 74 72 94 92 #UTIL: 1671194
46 93 73 74 82 94 92 #UTIL: 1326258
46 93 73 74 94 #UTIL: 1258805
46 93 73 74 94 92 #UTIL: 2026259
46 93 73 74 92 #UTIL: 1122247
46 93 73 72 82 94 92 #UTIL: 1218815
46 93 73 72 94 #UTIL: 1124357
46 93 73 72 94 92 #UTIL: 1816429
46 93 73 72 92 #UTIL: 1033439
46 93 73 82 94 92 #UTIL: 1425570
46 93 73 94 #UTIL: 1468560
46 93 73 94 92 #UTIL: 2401154
46 93 73 92 #UTIL: 1316588
46 93 95 74 72 82 94 92 #UTIL: 1077343
46 93 95 74 72 94 92 #UTIL: 1231476
46 93 95 74 82 94 92 #UTIL: 1255534
46 93 95 74 94 92 #UTIL: 1490467
46 93 95 72 82 94 92 #UTIL: 1192990
46 93 95 72 94 92 #UTIL: 1378644
46 93 95 82 94 92 #UTIL: 1452731
46 93 95 82 92 #UTIL: 1058756
46 93 95 94 #UTIL: 1033323
46 93 95 94 92 #UTIL: 1810529
46 93 95 92 #UTIL: 1068696
46 93 74 72 82 94 92 #UTIL: 1406197
46 93 74 72 82 92 #UTIL: 1004690
46 93 74 72 94 #UTIL: 1183158
46 93 74 72 94 92 #UTIL: 1942482
46 93 74 72 92 #UTIL: 1119557
46 93 74 82 94 #UTIL: 1158595
46 93 74 82 94 92 #UTIL: 1661874
46 93 74 82 92 #UTIL: 1173702
46 93 74 94 #UTIL: 1509396
46 93 74 94 92 #UTIL: 2510630
46 93 74 92 #UTIL: 1390239
46 93 72 82 94 #UTIL: 1105040
46 93 72 82 94 92 #UTIL: 1580771
46 93 72 82 92 #UTIL: 1133159
46 93 72 94 #UTIL: 1342371
46 93 72 94 92 #UTIL: 2256065
46 93 72 92 #UTIL: 1282677
46 93 82 94 #UTIL: 1335381
46 93 82 94 92 #UTIL: 1948989
46 93 82 92 #UTIL: 1378264
46 93 94 #UTIL: 1923851
46 93 94 92 #UTIL: 3241275
46 93 92 #UTIL: 1781086
46 73 95 74 72 94 92 #UTIL: 1010119
46 73 95 74 82 94 92 #UTIL: 1082749
46 73 95 74 94 92 #UTIL: 1145323
46 73 95 72 82 94 92 #UTIL: 1008927
46 73 95 72 94 92 #UTIL: 1055577
46 73 95 82 94 92 #UTIL: 1171917
46 73 95 94 92 #UTIL: 1309946
46 73 74 72 82 94 92 #UTIL: 1278650
46 73 74 72 94 92 #UTIL: 1586182
46 73 74 82 94 #UTIL: 1008059
46 73 74 82 94 92 #UTIL: 1439718
46 73 74 82 92 #UTIL: 1049149
46 73 74 94 #UTIL: 1077228
46 73 74 94 92 #UTIL: 1900740
46 73 72 82 94 92 #UTIL: 1320837
46 73 72 94 92 #UTIL: 1710469
46 73 82 94 #UTIL: 1058295
46 73 82 94 92 #UTIL: 1538618
46 73 82 92 #UTIL: 1108405
46 73 94 #UTIL: 1239749
46 73 94 92 #UTIL: 2243683
46 73 92 #UTIL: 1119231
46 95 74 72 82 94 92 #UTIL: 1188013
46 95 74 72 94 92 #UTIL: 1215803
46 95 74 82 94 92 #UTIL: 1421474
46 95 74 82 92 #UTIL: 1076816
46 95 74 94 92 #UTIL: 1484837
46 95 72 82 94 92 #UTIL: 1391594
46 95 72 82 92 #UTIL: 1089978
46 95 72 94 92 #UTIL: 1383349
46 95 82 94 #UTIL: 1181288
46 95 82 94 92 #UTIL: 1715872
46 95 82 92 #UTIL: 1345275
46 95 94 92 #UTIL: 1828387
46 95 92 #UTIL: 1058945
46 74 72 82 94 #UTIL: 1072601
46 74 72 82 94 92 #UTIL: 1541112
46 74 72 82 92 #UTIL: 1151765
46 74 72 94 #UTIL: 1045117
46 74 72 94 92 #UTIL: 1877483
46 74 72 92 #UTIL: 1022363
46 74 82 94 #UTIL: 1272393
46 74 82 94 92 #UTIL: 1844566
46 74 82 92 #UTIL: 1359412
46 74 94 #UTIL: 1304804
46 74 94 92 #UTIL: 2406885
46 74 92 #UTIL: 1234674
46 72 82 94 #UTIL: 1250117
46 72 82 94 92 #UTIL: 1804160
46 72 82 92 #UTIL: 1374674
46 72 94 #UTIL: 1172125
46 72 94 92 #UTIL: 2185092
46 72 92 #UTIL: 1170115
46 82 94 #UTIL: 1539505
46 82 94 92 #UTIL: 2250310
46 82 92 #UTIL: 1691905
46 94 #UTIL: 1671404
46 94 92 #UTIL: 3166065
46 92 #UTIL: 1603730
64 93 73 95 94 92 #UTIL: 1025383
64 93 73 74 72 82 94 92 #UTIL: 1062267
64 93 73 74 72 94 92 #UTIL: 1342455
64 93 73 74 82 94 92 #UTIL: 1185440
64 93 73 74 94 92 #UTIL: 1480234
64 93 73 72 82 94 92 #UTIL: 1081063
64 93 73 72 94 92 #UTIL: 1385064
64 93 73 82 94 92 #UTIL: 1278647
64 93 73 94 92 #UTIL: 1626139
64 93 95 74 94 92 #UTIL: 1110297
64 93 95 72 94 92 #UTIL: 1102040
64 93 95 82 94 92 #UTIL: 1182376
64 93 95 94 92 #UTIL: 1344540
64 93 74 72 82 94 92 #UTIL: 1169601
64 93 74 72 94 92 #UTIL: 1483312
64 93 74 82 94 92 #UTIL: 1322820
64 93 74 94 #UTIL: 1011817
64 93 74 94 92 #UTIL: 1697729
64 93 72 82 94 92 #UTIL: 1298282
64 93 72 94 #UTIL: 1017116
64 93 72 94 92 #UTIL: 1669517
64 93 82 94 #UTIL: 1049888
64 93 82 94 92 #UTIL: 1557206
64 93 82 92 #UTIL: 1091115
64 93 94 #UTIL: 1189105
64 93 94 92 #UTIL: 2046723
64 93 92 #UTIL: 1145242
64 73 95 74 82 94 92 #UTIL: 1051022
64 73 95 82 94 92 #UTIL: 1121048
64 73 95 94 92 #UTIL: 1022048
64 73 74 72 82 94 92 #UTIL: 1306861
64 73 74 72 82 92 #UTIL: 1023924
64 73 74 72 94 92 #UTIL: 1355197
64 73 74 82 94 #UTIL: 1008241
64 73 74 82 94 92 #UTIL: 1409762
64 73 74 82 92 #UTIL: 1071692
64 73 74 94 92 #UTIL: 1460421
64 73 72 82 94 92 #UTIL: 1320951
64 73 72 82 92 #UTIL: 1023200
64 73 72 94 92 #UTIL: 1382571
64 73 82 94 #UTIL: 1049555
64 73 82 94 92 #UTIL: 1492605
64 73 82 92 #UTIL: 1116664
64 73 94 92 #UTIL: 1581088
64 95 74 72 82 94 92 #UTIL: 1096219
64 95 74 72 94 92 #UTIL: 1016841
64 95 74 82 94 92 #UTIL: 1220909
64 95 74 94 92 #UTIL: 1133796
64 95 72 82 94 92 #UTIL: 1198080
64 95 72 94 92 #UTIL: 1124604
64 95 82 94 92 #UTIL: 1432674
64 95 82 92 #UTIL: 1085112
64 95 94 92 #UTIL: 1376558
64 74 72 82 94 #UTIL: 1060295
64 74 72 82 94 92 #UTIL: 1463238
64 74 72 82 92 #UTIL: 1141798
64 74 72 94 92 #UTIL: 1515788
64 74 82 94 #UTIL: 1145727
64 74 82 94 92 #UTIL: 1632973
64 74 82 92 #UTIL: 1249920
64 74 94 92 #UTIL: 1706848
64 72 82 94 #UTIL: 1139018
64 72 82 94 92 #UTIL: 1592437
64 72 82 92 #UTIL: 1229884
64 72 94 92 #UTIL: 1682146
64 82 94 #UTIL: 1297289
64 82 94 92 #UTIL: 1890513
64 82 92 #UTIL: 1436336
64 94 #UTIL: 1087912
64 94 92 #UTIL: 2069598
64 92 #UTIL: 1109201
93 73 95 74 72 82 94 92 #UTIL: 1179999
93 73 95 74 72 94 92 #UTIL: 1385323
93 73 95 74 82 94 92 #UTIL: 1322096
93 73 95 74 94 92 #UTIL: 1574127
93 73 95 72 82 94 92 #UTIL: 1238487
93 73 95 72 94 92 #UTIL: 1474711
93 73 95 82 94 92 #UTIL: 1490104
93 73 95 82 92 #UTIL: 1062658
93 73 95 94 #UTIL: 1091328
93 73 95 94 92 #UTIL: 1896561
93 73 95 92 #UTIL: 1106637
93 73 74 72 82 94 #UTIL: 1135879
93 73 74 72 82 94 92 #UTIL: 1593406
93 73 74 72 82 92 #UTIL: 1136427
93 73 74 72 94 #UTIL: 1508487
93 73 74 72 94 92 #UTIL: 2418772
93 73 74 72 92 #UTIL: 1402554
93 73 74 82 94 #UTIL: 1264099
93 73 74 82 94 92 #UTIL: 1824738
93 73 74 82 92 #UTIL: 1273317
93 73 74 94 #UTIL: 1779769
93 73 74 94 92 #UTIL: 2928360
93 73 74 92 #UTIL: 1612481
93 73 72 82 94 #UTIL: 1214109
93 73 72 82 94 92 #UTIL: 1690074
93 73 72 82 92 #UTIL: 1209462
93 73 72 94 #UTIL: 1624245
93 73 72 94 92 #UTIL: 2648337
93 73 72 92 #UTIL: 1503723
93 73 82 94 #UTIL: 1412183
93 73 82 94 92 #UTIL: 2054369
93 73 82 92 #UTIL: 1436799
93 73 94 #UTIL: 2181516
93 73 94 92 #UTIL: 3638111
93 73 92 #UTIL: 1974733
93 95 74 72 82 94 92 #UTIL: 1397898
93 95 74 72 82 92 #UTIL: 1021399
93 95 74 72 94 92 #UTIL: 1633919
93 95 74 82 94 #UTIL: 1111074
93 95 74 82 94 92 #UTIL: 1656186
93 95 74 82 92 #UTIL: 1202379
93 95 74 94 #UTIL: 1150260
93 95 74 94 92 #UTIL: 2025622
93 95 74 92 #UTIL: 1203699
93 95 72 82 94 #UTIL: 1087690
93 95 72 82 94 92 #UTIL: 1584617
93 95 72 82 92 #UTIL: 1174648
93 95 72 94 #UTIL: 1074093
93 95 72 94 92 #UTIL: 1871876
93 95 72 92 #UTIL: 1130538
93 95 82 94 #UTIL: 1356922
93 95 82 94 92 #UTIL: 2046000
93 95 82 92 #UTIL: 1511784
93 95 94 #UTIL: 1485854
93 95 94 92 #UTIL: 2667256
93 95 92 #UTIL: 1584311
93 74 72 82 94 #UTIL: 1352636
93 74 72 82 94 92 #UTIL: 1937064
93 74 72 82 92 #UTIL: 1397612
93 74 72 94 #UTIL: 1709895
93 74 72 94 92 #UTIL: 2843734
93 74 72 92 #UTIL: 1643852
93 74 82 94 #UTIL: 1598620
93 74 82 94 92 #UTIL: 2338218
93 74 82 92 #UTIL: 1657693
93 74 94 #UTIL: 2190366
93 74 94 92 #UTIL: 3729244
93 74 92 #UTIL: 2057558
93 72 82 94 #UTIL: 1557359
93 72 82 94 92 #UTIL: 2213705
93 72 82 92 #UTIL: 1617380
93 72 94 #UTIL: 1973836
93 72 94 92 #UTIL: 3341734
93 72 92 #UTIL: 1890729
93 82 #UTIL: 1152640
93 82 94 #UTIL: 1973778
93 82 94 92 #UTIL: 2905095
93 82 92 #UTIL: 2091879
93 94 #UTIL: 3073952
93 94 92 #UTIL: 5285558
93 92 #UTIL: 2892760
73 95 74 72 82 94 92 #UTIL: 1388932
73 95 74 72 82 92 #UTIL: 1060576
73 95 74 72 94 92 #UTIL: 1369996
73 95 74 82 94 #UTIL: 1074251
73 95 74 82 94 92 #UTIL: 1556252
73 95 74 82 92 #UTIL: 1177799
73 95 74 94 92 #UTIL: 1556137
73 95 72 82 94 #UTIL: 1060718
73 95 72 82 94 92 #UTIL: 1496068
73 95 72 82 92 #UTIL: 1177702
73 95 72 94 92 #UTIL: 1467063
73 95 82 94 #UTIL: 1224692
73 95 82 94 92 #UTIL: 1793810
73 95 82 92 #UTIL: 1390187
73 95 94 92 #UTIL: 1886879
73 95 92 #UTIL: 1062232
73 74 72 82 94 #UTIL: 1322528
73 74 72 82 94 92 #UTIL: 1844700
73 74 72 82 92 #UTIL: 1418021
73 74 72 94 #UTIL: 1351605
73 74 72 94 92 #UTIL: 2345309
73 74 72 92 #UTIL: 1290590
73 74 82 94 #UTIL: 1458768
73 74 82 94 92 #UTIL: 2095079
73 74 82 92 #UTIL: 1562503
73 74 94 #UTIL: 1555497
73 74 94 92 #UTIL: 2808650
73 74 92 #UTIL: 1432670
73 72 82 #UTIL: 1040150
73 72 82 94 #UTIL: 1443562
73 72 82 94 92 #UTIL: 1993465
73 72 82 92 #UTIL: 1575560
73 72 94 #UTIL: 1435399
73 72 94 92 #UTIL: 2558791
73 72 92 #UTIL: 1363643
73 82 #UTIL: 1131272
73 82 94 #UTIL: 1670680
73 82 94 92 #UTIL: 2406976
73 82 92 #UTIL: 1835434
73 94 #UTIL: 1877814
73 94 92 #UTIL: 3486892
73 92 #UTIL: 1726402
95 74 72 82 94 #UTIL: 1193672
95 74 72 82 94 92 #UTIL: 1711341
95 74 72 82 92 #UTIL: 1361058
95 74 72 94 92 #UTIL: 1675453
95 74 72 92 #UTIL: 1003363
95 74 82 #UTIL: 1034655
95 74 82 94 #UTIL: 1443056
95 74 82 94 92 #UTIL: 2105136
95 74 82 92 #UTIL: 1713401
95 74 94 #UTIL: 1088961
95 74 94 92 #UTIL: 2106425
95 74 92 #UTIL: 1244108
95 72 82 #UTIL: 1250800
95 72 82 94 #UTIL: 1538099
95 72 82 94 92 #UTIL: 2183896
95 72 82 92 #UTIL: 1919382
95 72 94 #UTIL: 1043292
95 72 94 92 #UTIL: 2008355
95 72 92 #UTIL: 1236947
95 82 #UTIL: 1826940
95 82 94 #UTIL: 2033310
95 82 94 92 #UTIL: 2943646
95 82 92 #UTIL: 2758714
95 94 #UTIL: 1456422
95 94 92 #UTIL: 2920512
95 92 #UTIL: 1827221
74 72 82 #UTIL: 1177517
74 72 82 94 #UTIL: 1652985
74 72 82 94 92 #UTIL: 2340373
74 72 82 92 #UTIL: 1867131
74 72 94 #UTIL: 1555235
74 72 94 92 #UTIL: 2828097
74 72 92 #UTIL: 1567596
74 82 #UTIL: 1409941
74 82 94 #UTIL: 2025130
74 82 94 92 #UTIL: 2915380
74 82 92 #UTIL: 2307663
74 94 #UTIL: 1952018
74 94 92 #UTIL: 3712132
74 92 #UTIL: 1925424
72 82 #UTIL: 1739011
72 82 94 #UTIL: 2089352
72 82 94 92 #UTIL: 2924997
72 82 92 #UTIL: 2530874
72 94 #UTIL: 1786338
72 94 92 #UTIL: 3391945
72 92 #UTIL: 1866760
82 #UTIL: 2526595
82 94 #UTIL: 2785667
82 94 92 #UTIL: 3988377
82 92 #UTIL: 3565232
94 #UTIL: 2764238
94 92 #UTIL: 5463724
92 #UTIL: 2864178
