83 92 94 #UTIL: 1063178
87 82 95 93 92 94 #UTIL: 1198130
87 82 95 92 94 #UTIL: 1288592
87 82 46 92 94 #UTIL: 1057233
87 82 72 93 92 94 #UTIL: 1031395
87 82 72 92 94 #UTIL: 1093618
87 82 74 93 92 94 #UTIL: 1081976
87 82 74 92 94 #UTIL: 1101473
87 82 93 92 #UTIL: 1048389
87 82 93 92 94 #UTIL: 1427972
87 82 92 #UTIL: 1137478
87 82 92 94 #UTIL: 1538419
87 95 93 92 94 #UTIL: 1142517
87 95 92 94 #UTIL: 1201892
87 46 93 92 94 #UTIL: 1002189
87 46 92 94 #UTIL: 1035812
87 72 93 92 94 #UTIL: 1057741
87 72 92 94 #UTIL: 1078605
87 74 93 92 94 #UTIL: 1078477
87 74 92 94 #UTIL: 1067365
87 93 92 94 #UTIL: 1424057
87 92 94 #UTIL: 1485802
65 64 72 93 92 94 #UTIL: 1019422
65 64 93 92 94 #UTIL: 1012909
65 97 93 92 94 #UTIL: 1010062
65 82 93 92 94 #UTIL: 1050662
65 82 92 94 #UTIL: 1082291
65 96 93 92 94 #UTIL: 1096685
65 96 92 94 #UTIL: 1046471
65 48 46 72 74 93 92 94 #UTIL: 1023362
65 48 46 72 93 92 94 #UTIL: 1043192
65 48 46 93 92 94 #UTIL: 1068807
65 48 72 73 74 93 92 94 #UTIL: 1031702
65 48 72 73 93 92 94 #UTIL: 1051853
65 48 72 74 93 92 94 #UTIL: 1102948
65 48 72 74 92 94 #UTIL: 1025155
65 48 72 93 92 94 #UTIL: 1150838
65 48 72 92 94 #UTIL: 1064259
65 48 73 93 92 94 #UTIL: 1050416
65 48 74 93 92 94 #UTIL: 1074428
65 48 93 92 94 #UTIL: 1204807
65 48 92 94 #UTIL: 1113262
65 95 93 92 94 #UTIL: 1169593
65 95 92 94 #UTIL: 1190289
65 46 72 73 74 93 92 94 #UTIL: 1139238
65 46 72 73 74 92 94 #UTIL: 1064854
65 46 72 73 93 92 94 #UTIL: 1182364
65 46 72 73 92 94 #UTIL: 1097899
65 46 72 74 93 92 94 #UTIL: 1183854
65 46 72 74 92 94 #UTIL: 1133954
65 46 72 93 92 94 #UTIL: 1260640
65 46 72 92 94 #UTIL: 1214073
65 46 73 74 93 92 94 #UTIL: 1147604
65 46 73 74 92 94 #UTIL: 1055845
65 46 73 93 92 94 #UTIL: 1249573
65 46 73 92 94 #UTIL: 1152578
65 46 74 93 92 94 #UTIL: 1258121
65 46 74 92 94 #UTIL: 1207394
65 46 93 92 94 #UTIL: 1447465
65 46 92 94 #UTIL: 1412580
65 72 73 74 93 92 94 #UTIL: 1258061
65 72 73 74 92 94 #UTIL: 1188204
65 72 73 93 92 94 #UTIL: 1349332
65 72 73 92 94 #UTIL: 1272687
65 72 74 93 92 94 #UTIL: 1364254
65 72 74 92 94 #UTIL: 1326914
65 72 93 92 94 #UTIL: 1527102
65 72 92 94 #UTIL: 1511154
65 73 74 93 92 94 #UTIL: 1284336
65 73 74 92 94 #UTIL: 1186319
65 73 93 92 94 #UTIL: 1471068
65 73 92 94 #UTIL: 1377661
65 74 93 92 94 #UTIL: 1498927
65 74 92 94 #UTIL: 1445754
65 93 92 #UTIL: 1113239
65 93 92 94 #UTIL: 1851734
65 93 94 #UTIL: 1030889
65 92 #UTIL: 1066897
65 92 94 #UTIL: 1844378
47 97 93 92 94 #UTIL: 1074348
47 97 92 94 #UTIL: 1070698
47 82 93 92 94 #UTIL: 1036551
47 82 92 94 #UTIL: 1145476
47 96 93 92 94 #UTIL: 1003717
47 48 46 72 74 93 92 94 #UTIL: 1043752
47 48 46 72 93 92 94 #UTIL: 1066786
47 48 46 74 93 92 94 #UTIL: 1030883
47 48 46 93 92 94 #UTIL: 1111513
47 48 46 92 94 #UTIL: 1004963
47 48 72 73 74 93 92 94 #UTIL: 1038685
47 48 72 73 93 92 94 #UTIL: 1046580
47 48 72 74 93 92 94 #UTIL: 1123490
47 48 72 74 92 94 #UTIL: 1031930
47 48 72 93 92 94 #UTIL: 1171280
47 48 72 92 94 #UTIL: 1075021
47 48 73 74 93 92 94 #UTIL: 1024728
47 48 73 93 92 94 #UTIL: 1103552
47 48 74 93 92 94 #UTIL: 1154411
47 48 74 92 94 #UTIL: 1051012
47 48 93 92 94 #UTIL: 1311780
47 48 92 94 #UTIL: 1206444
47 95 93 92 94 #UTIL: 1104666
47 95 92 94 #UTIL: 1164968
47 46 72 73 74 93 92 94 #UTIL: 1127182
47 46 72 73 74 92 94 #UTIL: 1048123
47 46 72 73 93 92 94 #UTIL: 1119643
47 46 72 73 92 94 #UTIL: 1036962
47 46 72 74 93 92 94 #UTIL: 1234749
47 46 72 74 92 94 #UTIL: 1181734
47 46 72 93 92 94 #UTIL: 1263014
47 46 72 92 94 #UTIL: 1219248
47 46 73 74 93 92 94 #UTIL: 1157919
47 46 73 74 92 94 #UTIL: 1088356
47 46 73 93 92 94 #UTIL: 1230279
47 46 73 92 94 #UTIL: 1163786
47 46 74 93 92 94 #UTIL: 1299060
47 46 74 92 94 #UTIL: 1257857
47 46 93 92 94 #UTIL: 1463947
47 46 92 94 #UTIL: 1460016
47 72 73 74 93 92 94 #UTIL: 1225315
47 72 73 74 92 94 #UTIL: 1153410
47 72 73 93 92 94 #UTIL: 1262396
47 72 73 92 94 #UTIL: 1183881
47 72 74 93 92 94 #UTIL: 1378659
47 72 74 92 94 #UTIL: 1342711
47 72 93 92 94 #UTIL: 1472793
47 72 92 94 #UTIL: 1458002
47 73 74 93 92 94 #UTIL: 1267810
47 73 74 92 94 #UTIL: 1194452
47 73 93 92 94 #UTIL: 1449226
47 73 92 94 #UTIL: 1368506
47 74 93 92 94 #UTIL: 1505457
47 74 92 94 #UTIL: 1470171
47 93 92 #UTIL: 1091611
47 93 92 94 #UTIL: 1868104
47 92 #UTIL: 1070557
47 92 94 #UTIL: 1900771
64 97 72 93 92 94 #UTIL: 1008624
64 97 93 92 94 #UTIL: 1151027
64 97 92 94 #UTIL: 1094550
64 82 93 92 94 #UTIL: 1054062
64 82 92 94 #UTIL: 1102157
64 96 74 93 92 94 #UTIL: 1029499
64 96 93 92 94 #UTIL: 1174037
64 96 92 94 #UTIL: 1101624
64 48 46 72 73 74 93 92 94 #UTIL: 1068557
64 48 46 72 73 93 92 94 #UTIL: 1085383
64 48 46 72 74 93 92 94 #UTIL: 1109072
64 48 46 72 74 92 94 #UTIL: 1023113
64 48 46 72 93 92 94 #UTIL: 1140868
64 48 46 72 92 94 #UTIL: 1049762
64 48 46 73 74 93 92 94 #UTIL: 1013023
64 48 46 73 93 92 94 #UTIL: 1054198
64 48 46 74 93 92 94 #UTIL: 1082514
64 48 46 93 92 94 #UTIL: 1158792
64 48 46 92 94 #UTIL: 1072273
64 48 72 73 74 93 92 94 #UTIL: 1140998
64 48 72 73 74 92 94 #UTIL: 1052016
64 48 72 73 93 92 94 #UTIL: 1167709
64 48 72 73 92 94 #UTIL: 1073907
64 48 72 74 93 92 94 #UTIL: 1202615
64 48 72 74 92 94 #UTIL: 1107648
64 48 72 93 92 94 #UTIL: 1247778
64 48 72 92 94 #UTIL: 1146434
64 48 73 74 93 92 94 #UTIL: 1111439
64 48 73 74 92 94 #UTIL: 1011584
64 48 73 93 92 94 #UTIL: 1211564
64 48 73 92 94 #UTIL: 1103976
64 48 74 93 92 94 #UTIL: 1229419
64 48 74 92 94 #UTIL: 1120374
64 48 93 92 94 #UTIL: 1378499
64 48 92 94 #UTIL: 1271141
64 95 93 92 94 #UTIL: 1113478
64 95 92 94 #UTIL: 1102919
64 46 72 73 74 93 92 94 #UTIL: 1198489
64 46 72 73 74 92 94 #UTIL: 1122620
64 46 72 73 93 92 94 #UTIL: 1239605
64 46 72 73 92 94 #UTIL: 1155784
64 46 72 74 93 92 94 #UTIL: 1262985
64 46 72 74 92 94 #UTIL: 1188952
64 46 72 93 92 94 #UTIL: 1323399
64 46 72 92 94 #UTIL: 1249934
64 46 73 74 93 92 94 #UTIL: 1194933
64 46 73 74 92 94 #UTIL: 1113835
64 46 73 93 92 94 #UTIL: 1301709
64 46 73 92 94 #UTIL: 1208161
64 46 74 93 92 94 #UTIL: 1301166
64 46 74 92 94 #UTIL: 1233710
64 46 93 92 94 #UTIL: 1454847
64 46 92 94 #UTIL: 1402378
64 72 73 74 93 92 94 #UTIL: 1357079
64 72 73 74 92 94 #UTIL: 1276646
64 72 73 93 92 94 #UTIL: 1425968
64 72 73 92 94 #UTIL: 1343948
64 72 74 93 92 94 #UTIL: 1521647
64 72 74 92 94 #UTIL: 1445600
64 72 93 92 94 #UTIL: 1630958
64 72 92 94 #UTIL: 1572100
64 73 74 93 92 94 #UTIL: 1407307
64 73 74 92 94 #UTIL: 1311101
64 73 93 92 94 #UTIL: 1605279
64 73 92 94 #UTIL: 1505560
64 74 93 92 94 #UTIL: 1672734
64 74 92 94 #UTIL: 1586648
64 93 92 #UTIL: 1143871
64 93 92 94 #UTIL: 1997064
64 93 94 #UTIL: 1116462
64 92 #UTIL: 1056314
64 92 94 #UTIL: 1958674
97 82 93 92 94 #UTIL: 1192720
97 82 92 94 #UTIL: 1266207
97 96 48 93 92 94 #UTIL: 1111723
97 96 48 92 94 #UTIL: 1018251
97 96 46 73 93 92 94 #UTIL: 1006784
97 96 46 74 93 92 94 #UTIL: 1004110
97 96 46 93 92 94 #UTIL: 1193365
97 96 46 92 94 #UTIL: 1126932
97 96 72 73 93 92 94 #UTIL: 1065595
97 96 72 74 93 92 94 #UTIL: 1088052
97 96 72 74 92 94 #UTIL: 1015213
97 96 72 93 92 94 #UTIL: 1206455
97 96 72 92 94 #UTIL: 1119291
97 96 73 74 93 92 94 #UTIL: 1079971
97 96 73 74 92 94 #UTIL: 1003151
97 96 73 93 92 94 #UTIL: 1268865
97 96 73 92 94 #UTIL: 1172331
97 96 74 93 92 94 #UTIL: 1335703
97 96 74 92 94 #UTIL: 1259015
97 96 93 92 #UTIL: 1014182
97 96 93 92 94 #UTIL: 1600247
97 96 93 92 94 1 #UTIL: 1067979
97 96 93 94 #UTIL: 1014325
97 96 92 94 #UTIL: 1510082
97 48 46 72 73 93 92 94 #UTIL: 1043727
97 48 46 72 74 93 92 94 #UTIL: 1057745
97 48 46 72 93 92 94 #UTIL: 1161970
97 48 46 72 92 94 #UTIL: 1067199
97 48 46 73 74 93 92 94 #UTIL: 1076526
97 48 46 73 93 92 94 #UTIL: 1166086
97 48 46 73 92 94 #UTIL: 1065578
97 48 46 74 93 92 94 #UTIL: 1187056
97 48 46 74 92 94 #UTIL: 1082940
97 48 46 93 92 94 #UTIL: 1378297
97 48 46 92 94 #UTIL: 1269765
97 48 72 73 74 93 92 94 #UTIL: 1121571
97 48 72 73 74 92 94 #UTIL: 1027964
97 48 72 73 93 92 94 #UTIL: 1204455
97 48 72 73 92 94 #UTIL: 1102031
97 48 72 74 93 92 94 #UTIL: 1206109
97 48 72 74 92 94 #UTIL: 1111964
97 48 72 93 92 94 #UTIL: 1345891
97 48 72 92 94 #UTIL: 1239346
97 48 73 74 93 92 94 #UTIL: 1262749
97 48 73 74 92 94 #UTIL: 1146516
97 48 73 93 92 94 #UTIL: 1401928
97 48 73 92 94 #UTIL: 1275895
97 48 74 93 92 94 #UTIL: 1472741
97 48 74 92 94 #UTIL: 1339678
97 48 93 92 #UTIL: 1056847
97 48 93 92 94 #UTIL: 1749884
97 48 93 94 #UTIL: 1048412
97 48 92 94 #UTIL: 1611125
97 95 46 74 93 92 94 #UTIL: 1067204
97 95 46 74 92 94 #UTIL: 1070702
97 95 46 93 92 94 #UTIL: 1158113
97 95 46 92 94 #UTIL: 1192262
97 95 72 73 93 92 94 #UTIL: 1035235
97 95 72 74 93 92 94 #UTIL: 1102074
97 95 72 74 92 94 #UTIL: 1095846
97 95 72 93 92 94 #UTIL: 1224815
97 95 72 92 94 #UTIL: 1221329
97 95 73 74 93 92 94 #UTIL: 1109846
97 95 73 74 92 94 #UTIL: 1053407
97 95 73 93 92 94 #UTIL: 1221183
97 95 73 92 94 #UTIL: 1157766
97 95 74 93 92 94 #UTIL: 1355356
97 95 74 93 92 94 1 #UTIL: 1016085
97 95 74 92 94 #UTIL: 1337368
97 95 93 92 #UTIL: 1010387
97 95 93 92 94 #UTIL: 1585305
97 95 93 92 94 1 #UTIL: 1149816
97 95 92 #UTIL: 1000989
97 95 92 94 #UTIL: 1608082
97 95 92 94 1 #UTIL: 1136586
97 46 72 73 74 93 92 94 #UTIL: 1236716
97 46 72 73 74 92 94 #UTIL: 1166325
97 46 72 73 93 92 94 #UTIL: 1328642
97 46 72 73 92 94 #UTIL: 1244350
97 46 72 74 93 92 94 #UTIL: 1342734
97 46 72 74 92 94 #UTIL: 1301427
97 46 72 93 92 94 #UTIL: 1485457
97 46 72 92 94 #UTIL: 1434165
97 46 73 74 93 92 94 #UTIL: 1408733
97 46 73 74 92 94 #UTIL: 1326120
97 46 73 93 92 94 #UTIL: 1564392
97 46 73 92 94 #UTIL: 1474002
97 46 74 93 92 94 #UTIL: 1614753
97 46 74 92 94 #UTIL: 1572550
97 46 93 92 #UTIL: 1141499
97 46 93 92 94 #UTIL: 1893442
97 46 93 92 94 1 #UTIL: 1079259
97 46 93 94 #UTIL: 1123065
97 46 92 #UTIL: 1086740
97 46 92 94 #UTIL: 1879374
97 46 92 94 1 #UTIL: 1028233
97 46 94 #UTIL: 1016289
97 72 73 74 93 92 94 #UTIL: 1476409
97 72 73 74 92 94 #UTIL: 1383109
97 72 73 93 92 #UTIL: 1009296
97 72 73 93 92 94 #UTIL: 1625356
97 72 73 93 94 #UTIL: 1005191
97 72 73 92 94 #UTIL: 1514442
97 72 74 93 92 #UTIL: 1052865
97 72 74 93 92 94 #UTIL: 1695605
97 72 74 93 94 #UTIL: 1048352
97 72 74 92 94 #UTIL: 1630863
97 72 93 92 #UTIL: 1205418
97 72 93 92 94 #UTIL: 1949608
97 72 93 92 94 1 #UTIL: 1042025
97 72 93 94 #UTIL: 1165240
97 72 92 #UTIL: 1112682
97 72 92 94 #UTIL: 1881338
97 72 94 #UTIL: 1044561
97 73 74 93 92 #UTIL: 1057126
97 73 74 93 92 94 #UTIL: 1744000
97 73 74 93 94 #UTIL: 1077230
97 73 74 92 94 #UTIL: 1630188
97 73 93 92 #UTIL: 1217096
97 73 93 92 94 #UTIL: 2007573
97 73 93 92 94 1 #UTIL: 1059443
97 73 93 94 #UTIL: 1210026
97 73 92 #UTIL: 1064377
97 73 92 94 #UTIL: 1874292
97 73 94 #UTIL: 1043872
97 74 93 92 #UTIL: 1328040
97 74 93 92 94 #UTIL: 2183561
97 74 93 92 94 1 #UTIL: 1221958
97 74 93 94 #UTIL: 1317408
97 74 92 #UTIL: 1208141
97 74 92 94 #UTIL: 2098668
97 74 92 94 1 #UTIL: 1128024
97 74 94 #UTIL: 1167414
97 93 92 #UTIL: 1683270
97 93 92 94 #UTIL: 2757402
97 93 92 94 1 #UTIL: 1460758
97 93 94 #UTIL: 1631920
97 92 #UTIL: 1585598
97 92 94 #UTIL: 2714711
97 92 94 1 #UTIL: 1372767
97 94 #UTIL: 1464852
82 96 46 93 92 94 #UTIL: 1077981
82 96 46 92 94 #UTIL: 1046532
82 96 72 93 92 94 #UTIL: 1003365
82 96 74 93 92 94 #UTIL: 1051317
82 96 74 92 94 #UTIL: 1014282
82 96 93 92 94 #UTIL: 1298390
82 96 92 94 #UTIL: 1259093
82 48 95 93 92 94 #UTIL: 1130009
82 48 95 92 94 #UTIL: 1115094
82 48 46 72 74 93 92 94 #UTIL: 1063269
82 48 46 72 74 92 94 #UTIL: 1009387
82 48 46 72 93 92 94 #UTIL: 1117786
82 48 46 72 92 94 #UTIL: 1059126
82 48 46 74 93 92 94 #UTIL: 1058965
82 48 46 93 92 94 #UTIL: 1196788
82 48 46 92 94 #UTIL: 1165397
82 48 72 73 74 93 92 94 #UTIL: 1069443
82 48 72 73 74 92 94 #UTIL: 1014858
82 48 72 73 93 92 94 #UTIL: 1119867
82 48 72 73 92 94 #UTIL: 1060429
82 48 72 74 93 92 94 #UTIL: 1174811
82 48 72 74 92 94 #UTIL: 1118366
82 48 72 93 92 94 #UTIL: 1296650
82 48 72 92 94 #UTIL: 1237251
82 48 73 74 93 92 94 #UTIL: 1058184
82 48 73 93 92 94 #UTIL: 1189336
82 48 73 92 94 #UTIL: 1118477
82 48 74 93 92 94 #UTIL: 1241204
82 48 74 92 94 #UTIL: 1171716
82 48 93 92 #UTIL: 1022339
82 48 93 92 94 #UTIL: 1514540
82 48 93 92 94 1 #UTIL: 1018873
82 48 92 94 #UTIL: 1480114
82 95 46 74 92 94 #UTIL: 1042776
82 95 46 93 92 94 #UTIL: 1157558
82 95 46 92 94 #UTIL: 1299135
82 95 72 73 92 94 #UTIL: 1014111
82 95 72 74 93 92 94 #UTIL: 1101980
82 95 72 74 92 94 #UTIL: 1153490
82 95 72 93 92 94 #UTIL: 1247403
82 95 72 92 94 #UTIL: 1359995
82 95 72 92 94 1 #UTIL: 1051626
82 95 73 93 92 94 #UTIL: 1172441
82 95 73 92 94 #UTIL: 1185662
82 95 74 93 92 94 #UTIL: 1262223
82 95 74 92 94 #UTIL: 1326719
82 95 74 92 94 1 #UTIL: 1028722
82 95 93 92 #UTIL: 1209890
82 95 93 92 94 #UTIL: 1674157
82 95 93 92 94 1 #UTIL: 1230153
82 95 92 #UTIL: 1408192
82 95 92 94 #UTIL: 1918635
82 95 92 94 1 #UTIL: 1365106
82 46 72 73 74 93 92 94 #UTIL: 1111193
82 46 72 73 74 92 94 #UTIL: 1110580
82 46 72 73 93 92 94 #UTIL: 1125836
82 46 72 73 92 94 #UTIL: 1121715
82 46 72 74 93 92 94 #UTIL: 1212908
82 46 72 74 92 94 #UTIL: 1236159
82 46 72 93 92 94 #UTIL: 1282150
82 46 72 92 94 #UTIL: 1323963
82 46 73 74 93 92 94 #UTIL: 1119588
82 46 73 74 92 94 #UTIL: 1116822
82 46 73 93 92 94 #UTIL: 1256510
82 46 73 92 94 #UTIL: 1251178
82 46 74 93 92 94 #UTIL: 1348119
82 46 74 92 94 #UTIL: 1380134
82 46 93 92 #UTIL: 1096379
82 46 93 92 94 #UTIL: 1635414
82 46 93 92 94 1 #UTIL: 1058464
82 46 92 #UTIL: 1192004
82 46 92 94 #UTIL: 1763949
82 46 92 94 1 #UTIL: 1129290
82 72 73 74 93 92 94 #UTIL: 1263824
82 72 73 74 92 94 #UTIL: 1259993
82 72 73 93 92 94 #UTIL: 1349770
82 72 73 92 94 #UTIL: 1355563
82 72 74 93 92 #UTIL: 1016752
82 72 74 93 92 94 #UTIL: 1475906
82 72 74 93 92 94 1 #UTIL: 1017646
82 72 74 92 #UTIL: 1046300
82 72 74 92 94 #UTIL: 1531499
82 72 74 92 94 1 #UTIL: 1032511
82 72 93 92 #UTIL: 1169584
82 72 93 92 94 #UTIL: 1696409
82 72 93 92 94 1 #UTIL: 1138248
82 72 92 #UTIL: 1255603
82 72 92 94 #UTIL: 1815546
82 72 92 94 1 #UTIL: 1191163
82 73 74 93 92 94 #UTIL: 1322584
82 73 74 92 94 #UTIL: 1310779
82 73 93 92 #UTIL: 1070978
82 73 93 92 94 #UTIL: 1585418
82 73 93 92 94 1 #UTIL: 1010314
82 73 92 #UTIL: 1048219
82 73 92 94 #UTIL: 1580770
82 74 93 92 #UTIL: 1216073
82 74 93 92 94 #UTIL: 1785580
82 74 93 92 94 1 #UTIL: 1197603
82 74 93 94 #UTIL: 1004040
82 74 92 #UTIL: 1237980
82 74 92 94 #UTIL: 1836166
82 74 92 94 1 #UTIL: 1212569
82 93 92 #UTIL: 1632644
82 93 92 94 #UTIL: 2383419
82 93 92 94 1 #UTIL: 1491434
82 93 94 #UTIL: 1300604
82 92 #UTIL: 1872117
82 92 94 #UTIL: 2637193
82 92 94 1 #UTIL: 1610923
82 94 #UTIL: 1364771
96 48 95 93 92 94 #UTIL: 1031148
96 48 46 72 73 74 93 92 94 #UTIL: 1145380
96 48 46 72 73 74 92 94 #UTIL: 1048144
96 48 46 72 73 93 92 94 #UTIL: 1203980
96 48 46 72 73 92 94 #UTIL: 1098141
96 48 46 72 74 93 92 94 #UTIL: 1215541
96 48 46 72 74 92 94 #UTIL: 1112653
96 48 46 72 93 92 94 #UTIL: 1281099
96 48 46 72 92 94 #UTIL: 1169010
96 48 46 73 74 93 92 94 #UTIL: 1205098
96 48 46 73 74 92 94 #UTIL: 1089773
96 48 46 73 93 92 94 #UTIL: 1316059
96 48 46 73 92 94 #UTIL: 1183943
96 48 46 74 93 92 94 #UTIL: 1320617
96 48 46 74 92 94 #UTIL: 1195260
96 48 46 93 92 94 #UTIL: 1534587
96 48 46 92 94 #UTIL: 1379611
96 48 72 73 74 93 92 94 #UTIL: 1282911
96 48 72 73 74 92 94 #UTIL: 1171107
96 48 72 73 93 92 94 #UTIL: 1369818
96 48 72 73 92 94 #UTIL: 1246718
96 48 72 74 93 92 94 #UTIL: 1371744
96 48 72 74 92 94 #UTIL: 1258751
96 48 72 93 92 94 #UTIL: 1477862
96 48 72 92 94 #UTIL: 1349848
96 48 73 74 93 92 94 #UTIL: 1415809
96 48 73 74 92 94 #UTIL: 1272752
96 48 73 93 92 94 #UTIL: 1593059
96 48 73 93 92 94 1 #UTIL: 1007073
96 48 73 92 94 #UTIL: 1425506
96 48 74 93 92 94 #UTIL: 1610734
96 48 74 93 92 94 1 #UTIL: 1036709
96 48 74 92 94 #UTIL: 1452369
96 48 93 92 #UTIL: 1180155
96 48 93 92 94 #UTIL: 1955006
96 48 93 94 #UTIL: 1195182
96 48 92 94 #UTIL: 1752834
96 95 46 73 93 92 94 #UTIL: 1024477
96 95 46 74 93 92 94 #UTIL: 1076260
96 95 46 74 92 94 #UTIL: 1020013
96 95 46 93 92 94 #UTIL: 1204291
96 95 46 92 94 #UTIL: 1140710
96 95 72 74 93 92 94 #UTIL: 1053960
96 95 72 93 92 94 #UTIL: 1128999
96 95 72 92 94 #UTIL: 1051087
96 95 73 74 93 92 94 #UTIL: 1023777
96 95 73 93 92 94 #UTIL: 1167404
96 95 73 92 94 #UTIL: 1081207
96 95 74 93 92 94 #UTIL: 1255033
96 95 74 92 94 #UTIL: 1180791
96 95 93 92 94 #UTIL: 1489296
96 95 92 94 #UTIL: 1411555
96 46 72 73 74 93 92 94 #UTIL: 1379889
96 46 72 73 74 92 94 #UTIL: 1267214
96 46 72 73 93 92 94 #UTIL: 1478878
96 46 72 73 93 92 94 1 #UTIL: 1000682
96 46 72 73 92 94 #UTIL: 1350702
96 46 72 74 93 92 94 #UTIL: 1489582
96 46 72 74 93 92 94 1 #UTIL: 1048824
96 46 72 74 92 94 #UTIL: 1372066
96 46 72 93 92 #UTIL: 1004926
96 46 72 93 92 94 #UTIL: 1601624
96 46 72 93 92 94 1 #UTIL: 1074750
96 46 72 92 94 #UTIL: 1467653
96 46 73 74 93 92 94 #UTIL: 1531918
96 46 73 74 93 92 94 1 #UTIL: 1053371
96 46 73 74 92 94 #UTIL: 1401299
96 46 73 93 92 #UTIL: 1059731
96 46 73 93 92 94 #UTIL: 1745314
96 46 73 93 92 94 1 #UTIL: 1162504
96 46 73 93 94 #UTIL: 1061947
96 46 73 92 94 #UTIL: 1599451
96 46 73 92 94 1 #UTIL: 1028444
96 46 74 93 92 #UTIL: 1068460
96 46 74 93 92 94 #UTIL: 1758911
96 46 74 93 92 94 1 #UTIL: 1210826
96 46 74 93 94 #UTIL: 1065728
96 46 74 92 94 #UTIL: 1640036
96 46 74 92 94 1 #UTIL: 1099889
96 46 93 92 #UTIL: 1282929
96 46 93 92 94 #UTIL: 2123750
96 46 93 92 94 1 #UTIL: 1356261
96 46 93 94 #UTIL: 1271337
96 46 92 #UTIL: 1117185
96 46 92 94 #UTIL: 1972474
96 46 92 94 1 #UTIL: 1222729
96 46 94 #UTIL: 1083260
96 72 73 74 93 92 #UTIL: 1044497
96 72 73 74 93 92 94 #UTIL: 1633908
96 72 73 74 93 92 94 1 #UTIL: 1110581
96 72 73 74 93 94 #UTIL: 1050189
96 72 73 74 92 94 #UTIL: 1506254
96 72 73 93 92 #UTIL: 1115367
96 72 73 93 92 94 #UTIL: 1775174
96 72 73 93 92 94 1 #UTIL: 1154608
96 72 73 93 94 #UTIL: 1116014
96 72 73 92 94 #UTIL: 1627771
96 72 73 92 94 1 #UTIL: 1028687
96 72 74 93 92 #UTIL: 1149166
96 72 74 93 92 94 #UTIL: 1817331
96 72 74 93 92 94 1 #UTIL: 1206418
96 72 74 93 94 #UTIL: 1137165
96 72 74 92 #UTIL: 1017329
96 72 74 92 94 #UTIL: 1686387
96 72 74 92 94 1 #UTIL: 1094183
96 72 74 94 #UTIL: 1000169
96 72 93 92 #UTIL: 1255925
96 72 93 92 94 #UTIL: 2013533
96 72 93 92 94 1 #UTIL: 1266015
96 72 93 94 #UTIL: 1234423
96 72 92 #UTIL: 1097769
96 72 92 94 #UTIL: 1857742
96 72 92 94 1 #UTIL: 1136777
96 72 94 #UTIL: 1071686
96 73 74 93 92 #UTIL: 1173446
96 73 74 93 92 94 #UTIL: 1926948
96 73 74 93 92 94 1 #UTIL: 1225156
96 73 74 93 94 #UTIL: 1214041
96 73 74 92 94 #UTIL: 1755834
96 73 74 92 94 1 #UTIL: 1074944
96 73 74 94 #UTIL: 1032741
96 73 93 92 #UTIL: 1364950
96 73 93 92 94 #UTIL: 2265636
96 73 93 92 94 1 #UTIL: 1381862
96 73 93 94 #UTIL: 1400155
96 73 92 #UTIL: 1155975
96 73 92 94 #UTIL: 2069097
96 73 92 94 1 #UTIL: 1208604
96 73 94 #UTIL: 1182769
96 74 93 92 #UTIL: 1402885
96 74 93 92 94 #UTIL: 2317395
96 74 93 92 94 1 #UTIL: 1433035
96 74 93 94 #UTIL: 1423268
96 74 92 #UTIL: 1222706
96 74 92 94 #UTIL: 2150518
96 74 92 94 1 #UTIL: 1290921
96 74 94 #UTIL: 1222442
96 93 92 #UTIL: 1780345
96 93 92 94 #UTIL: 2959414
96 93 92 94 1 #UTIL: 1382366
96 93 94 #UTIL: 1806635
96 92 #UTIL: 1551125
96 92 94 #UTIL: 2758758
96 92 94 1 #UTIL: 1206760
96 94 #UTIL: 1546411
48 95 46 72 73 74 93 92 94 #UTIL: 1034317
48 95 46 72 73 93 92 94 #UTIL: 1064513
48 95 46 72 74 93 92 94 #UTIL: 1123701
48 95 46 72 74 92 94 #UTIL: 1037893
48 95 46 72 93 92 94 #UTIL: 1186177
48 95 46 72 92 94 #UTIL: 1093901
48 95 46 73 74 93 92 94 #UTIL: 1081640
48 95 46 73 93 92 94 #UTIL: 1166223
48 95 46 73 92 94 #UTIL: 1069263
48 95 46 74 93 92 94 #UTIL: 1188040
48 95 46 74 92 94 #UTIL: 1089463
48 95 46 93 92 94 #UTIL: 1341613
48 95 46 92 94 #UTIL: 1247282
48 95 72 73 74 93 92 94 #UTIL: 1139816
48 95 72 73 74 92 94 #UTIL: 1048723
48 95 72 73 93 92 94 #UTIL: 1207496
48 95 72 73 92 94 #UTIL: 1109129
48 95 72 74 93 92 94 #UTIL: 1269658
48 95 72 74 92 94 #UTIL: 1173294
48 95 72 93 92 94 #UTIL: 1413227
48 95 72 92 94 #UTIL: 1308062
48 95 73 74 93 92 94 #UTIL: 1243558
48 95 73 74 92 94 #UTIL: 1131635
48 95 73 93 92 94 #UTIL: 1414076
48 95 73 92 94 #UTIL: 1298930
48 95 74 93 92 94 #UTIL: 1428823
48 95 74 92 94 #UTIL: 1309767
48 95 93 92 #UTIL: 1062402
48 95 93 92 94 #UTIL: 1735835
48 95 93 92 94 1 #UTIL: 1105409
48 95 92 94 #UTIL: 1634214
48 46 72 73 74 93 92 #UTIL: 1047480
48 46 72 73 74 93 92 94 #UTIL: 1700819
48 46 72 73 74 93 94 #UTIL: 1052425
48 46 72 73 74 92 94 #UTIL: 1547408
48 46 72 73 93 92 #UTIL: 1070126
48 46 72 73 93 92 94 #UTIL: 1772332
48 46 72 73 93 94 #UTIL: 1068613
48 46 72 73 92 94 #UTIL: 1607546
48 46 72 74 93 92 #UTIL: 1124330
48 46 72 74 93 92 94 #UTIL: 1853021
48 46 72 74 93 92 94 1 #UTIL: 1046448
48 46 72 74 93 94 #UTIL: 1119916
48 46 72 74 92 94 #UTIL: 1686160
48 46 72 93 92 #UTIL: 1194363
48 46 72 93 92 94 #UTIL: 2008821
48 46 72 93 92 94 1 #UTIL: 1112136
48 46 72 93 94 #UTIL: 1182272
48 46 72 92 #UTIL: 1008598
48 46 72 92 94 #UTIL: 1826623
48 46 73 74 93 92 #UTIL: 1070234
48 46 73 74 93 92 94 #UTIL: 1828840
48 46 73 74 93 94 #UTIL: 1103294
48 46 73 74 92 94 #UTIL: 1638673
48 46 73 93 92 #UTIL: 1165800
48 46 73 93 92 94 #UTIL: 2022585
48 46 73 93 92 94 1 #UTIL: 1054923
48 46 73 93 94 #UTIL: 1178554
48 46 73 92 94 #UTIL: 1813734
48 46 74 93 92 #UTIL: 1182420
48 46 74 93 92 94 #UTIL: 2044385
48 46 74 93 92 94 1 #UTIL: 1120071
48 46 74 93 94 #UTIL: 1203212
48 46 74 92 94 #UTIL: 1834622
48 46 93 92 #UTIL: 1427119
48 46 93 92 94 #UTIL: 2501818
48 46 93 92 94 1 #UTIL: 1330990
48 46 93 94 #UTIL: 1431500
48 46 92 #UTIL: 1178039
48 46 92 94 #UTIL: 2266096
48 46 92 94 1 #UTIL: 1124636
48 46 94 #UTIL: 1173605
48 72 73 74 93 92 #UTIL: 1175538
48 72 73 74 93 92 94 #UTIL: 1925930
48 72 73 74 93 92 94 1 #UTIL: 1056906
48 72 73 74 93 94 #UTIL: 1182196
48 72 73 74 92 #UTIL: 1003194
48 72 73 74 92 94 #UTIL: 1763159
48 72 73 74 94 #UTIL: 1009861
48 72 73 93 92 #UTIL: 1232701
48 72 73 93 92 94 #UTIL: 2060237
48 72 73 93 92 94 1 #UTIL: 1115041
48 72 73 93 94 #UTIL: 1225445
48 72 73 92 #UTIL: 1047916
48 72 73 92 94 #UTIL: 1887422
48 72 73 94 #UTIL: 1039117
48 72 74 93 92 #UTIL: 1280233
48 72 74 93 92 94 #UTIL: 2126862
48 72 74 93 92 94 1 #UTIL: 1204007
48 72 74 93 94 #UTIL: 1272908
48 72 74 92 #UTIL: 1101141
48 72 74 92 94 #UTIL: 1956259
48 72 74 92 94 1 #UTIL: 1051535
48 72 74 94 #UTIL: 1090375
48 72 93 92 #UTIL: 1428694
48 72 93 92 94 #UTIL: 2414236
48 72 93 92 94 1 #UTIL: 1342461
48 72 93 94 #UTIL: 1395670
48 72 92 #UTIL: 1229429
48 72 92 94 #UTIL: 2229525
48 72 92 94 1 #UTIL: 1180178
48 72 94 #UTIL: 1189255
48 73 74 93 92 #UTIL: 1255297
48 73 74 93 92 94 #UTIL: 2174807
48 73 74 93 92 94 1 #UTIL: 1167716
48 73 74 93 94 #UTIL: 1308780
48 73 74 92 #UTIL: 1023301
48 73 74 92 94 #UTIL: 1952384
48 73 74 94 #UTIL: 1076256
48 73 93 92 #UTIL: 1461836
48 73 93 92 94 #UTIL: 2551211
48 73 93 92 94 1 #UTIL: 1352824
48 73 93 94 #UTIL: 1470994
48 73 92 #UTIL: 1197731
48 73 92 94 #UTIL: 2307640
48 73 92 94 1 #UTIL: 1150234
48 73 94 #UTIL: 1203268
48 74 93 92 #UTIL: 1456072
48 74 93 92 94 #UTIL: 2543196
48 74 93 92 94 1 #UTIL: 1382619
48 74 93 94 #UTIL: 1487078
48 74 92 #UTIL: 1194921
48 74 92 94 #UTIL: 2294785
48 74 92 94 1 #UTIL: 1175432
48 74 94 #UTIL: 1222233
48 93 92 #UTIL: 1913777
48 93 92 94 #UTIL: 3360531
48 93 92 94 1 #UTIL: 1467826
48 93 94 #UTIL: 1905052
48 92 #UTIL: 1604933
48 92 94 #UTIL: 3091894
48 92 94 1 #UTIL: 1222838
48 94 #UTIL: 1566457
95 46 72 73 74 93 92 94 #UTIL: 1321966
95 46 72 73 74 92 94 #UTIL: 1249434
95 46 72 73 93 92 94 #UTIL: 1388816
95 46 72 73 92 94 #UTIL: 1303642
95 46 72 74 93 92 94 #UTIL: 1451388
95 46 72 74 92 94 #UTIL: 1407062
95 46 72 93 92 94 #UTIL: 1556058
95 46 72 93 92 94 1 #UTIL: 1010148
95 46 72 92 94 #UTIL: 1526300
95 46 73 74 93 92 94 #UTIL: 1469290
95 46 73 74 92 94 #UTIL: 1381298
95 46 73 93 92 #UTIL: 1004090
95 46 73 93 92 94 #UTIL: 1645081
95 46 73 93 92 94 1 #UTIL: 1036867
95 46 73 92 94 #UTIL: 1549670
95 46 74 93 92 #UTIL: 1018897
95 46 74 93 92 94 #UTIL: 1673943
95 46 74 93 92 94 1 #UTIL: 1124628
95 46 74 92 94 #UTIL: 1633539
95 46 74 92 94 1 #UTIL: 1074385
95 46 93 92 #UTIL: 1196436
95 46 93 92 94 #UTIL: 1972204
95 46 93 92 94 1 #UTIL: 1218008
95 46 93 94 #UTIL: 1057422
95 46 92 #UTIL: 1181854
95 46 92 94 #UTIL: 2002516
95 46 92 94 1 #UTIL: 1193306
95 72 73 74 93 92 94 #UTIL: 1466951
95 72 73 74 92 94 #UTIL: 1385902
95 72 73 93 92 #UTIL: 1005755
95 72 73 93 92 94 #UTIL: 1606781
95 72 73 93 92 94 1 #UTIL: 1055629
95 72 73 92 94 #UTIL: 1520041
95 72 74 93 92 #UTIL: 1113846
95 72 74 93 92 94 #UTIL: 1763825
95 72 74 93 92 94 1 #UTIL: 1164179
95 72 74 92 #UTIL: 1041483
95 72 74 92 94 #UTIL: 1720614
95 72 74 92 94 1 #UTIL: 1102648
95 72 93 92 #UTIL: 1283124
95 72 93 92 94 #UTIL: 2035269
95 72 93 92 94 1 #UTIL: 1325011
95 72 93 94 #UTIL: 1100490
95 72 92 #UTIL: 1241105
95 72 92 94 #UTIL: 2038895
95 72 92 94 1 #UTIL: 1277248
95 72 94 #UTIL: 1009007
95 73 74 93 92 #UTIL: 1033786
95 73 74 93 92 94 #UTIL: 1697729
95 73 74 93 92 94 1 #UTIL: 1134601
95 73 74 92 94 #UTIL: 1613052
95 73 74 92 94 1 #UTIL: 1044945
95 73 93 92 #UTIL: 1246944
95 73 93 92 94 #UTIL: 2030787
95 73 93 92 94 1 #UTIL: 1310660
95 73 93 94 #UTIL: 1093820
95 73 92 #UTIL: 1131858
95 73 92 94 #UTIL: 1947015
95 73 92 94 1 #UTIL: 1214918
95 74 93 92 #UTIL: 1339550
95 74 93 92 94 #UTIL: 2174189
95 74 93 92 94 1 #UTIL: 1445204
95 74 93 94 #UTIL: 1176487
95 74 92 #UTIL: 1268722
95 74 92 94 #UTIL: 2149770
95 74 92 94 1 #UTIL: 1389673
95 74 94 #UTIL: 1057673
95 93 92 #UTIL: 1804069
95 93 92 94 #UTIL: 2905542
95 93 92 94 1 #UTIL: 1784075
95 93 94 #UTIL: 1502644
95 92 #UTIL: 1847794
95 92 94 #UTIL: 3043031
95 92 94 1 #UTIL: 1779065
95 94 #UTIL: 1403055
46 72 73 74 93 92 #UTIL: 1292608
46 72 73 74 93 92 94 #UTIL: 2131230
46 72 73 74 93 92 94 1 #UTIL: 1180354
46 72 73 74 93 94 #UTIL: 1308351
46 72 73 74 92 #UTIL: 1121304
46 72 73 74 92 94 #UTIL: 1971962
46 72 73 74 92 94 1 #UTIL: 1036394
46 72 73 74 94 #UTIL: 1126412
46 72 73 93 92 #UTIL: 1345818
46 72 73 93 92 94 #UTIL: 2264079
46 72 73 93 92 94 1 #UTIL: 1201271
46 72 73 93 94 #UTIL: 1356158
46 72 73 92 #UTIL: 1152198
46 72 73 92 94 #UTIL: 2082495
46 72 73 92 94 1 #UTIL: 1041344
46 72 73 94 #UTIL: 1151903
46 72 74 93 92 #UTIL: 1406020
46 72 74 93 92 94 #UTIL: 2345648
46 72 74 93 92 94 1 #UTIL: 1314344
46 72 74 93 94 #UTIL: 1399130
46 72 74 92 #UTIL: 1252271
46 72 74 92 94 #UTIL: 2216700
46 72 74 92 94 1 #UTIL: 1183570
46 72 74 94 #UTIL: 1216254
46 72 93 92 #UTIL: 1533115
46 72 93 92 94 #UTIL: 2612481
46 72 93 92 94 1 #UTIL: 1392318
46 72 93 94 #UTIL: 1520710
46 72 92 #UTIL: 1376281
46 72 92 94 #UTIL: 2486901
46 72 92 94 1 #UTIL: 1248856
46 72 94 #UTIL: 1315708
46 73 74 93 92 #UTIL: 1412679
46 73 74 93 92 94 #UTIL: 2443862
46 73 74 93 92 94 1 #UTIL: 1320431
46 73 74 93 94 #UTIL: 1447969
46 73 74 92 #UTIL: 1202633
46 73 74 92 94 #UTIL: 2258991
46 73 74 92 94 1 #UTIL: 1147426
46 73 74 94 #UTIL: 1224061
46 73 93 92 #UTIL: 1604711
46 73 93 92 94 #UTIL: 2806703
46 73 93 92 94 1 #UTIL: 1450460
46 73 93 94 #UTIL: 1601862
46 73 92 #UTIL: 1368081
46 73 92 94 #UTIL: 2606267
46 73 92 94 1 #UTIL: 1259620
46 73 94 #UTIL: 1345150
46 74 93 92 #UTIL: 1650597
46 74 93 92 94 #UTIL: 2871099
46 74 93 92 94 1 #UTIL: 1591881
46 74 93 94 #UTIL: 1645701
46 74 92 #UTIL: 1459873
46 74 92 94 #UTIL: 2729079
46 74 92 94 1 #UTIL: 1441283
46 74 94 #UTIL: 1407589
46 93 92 #UTIL: 2086100
46 93 92 94 #UTIL: 3673308
46 93 92 94 1 #UTIL: 1864088
46 93 94 #UTIL: 2050673
46 92 #UTIL: 1913967
46 92 94 #UTIL: 3595097
46 92 94 1 #UTIL: 1720266
46 94 #UTIL: 1768525
72 73 74 93 92 #UTIL: 1522468
72 73 74 93 92 94 #UTIL: 2539706
72 73 74 93 92 94 1 #UTIL: 1374162
72 73 74 93 94 #UTIL: 1555797
72 73 74 92 #UTIL: 1328173
72 73 74 92 94 #UTIL: 2367032
72 73 74 92 94 1 #UTIL: 1215036
72 73 74 94 #UTIL: 1350070
72 73 93 92 #UTIL: 1656046
72 73 93 92 94 #UTIL: 2810041
72 73 93 92 94 1 #UTIL: 1437277
72 73 93 94 #UTIL: 1660013
72 73 92 #UTIL: 1441776
72 73 92 94 #UTIL: 2625424
72 73 92 94 1 #UTIL: 1267397
72 73 94 #UTIL: 1430059
72 74 93 92 #UTIL: 1793020
72 74 93 92 94 #UTIL: 3015840
72 74 93 92 94 1 #UTIL: 1641255
72 74 93 94 #UTIL: 1777397
72 74 92 #UTIL: 1626459
72 74 92 94 #UTIL: 2896817
72 74 92 94 1 #UTIL: 1499571
72 74 94 #UTIL: 1578941
72 93 92 #UTIL: 2108994
72 93 92 94 #UTIL: 3598806
72 93 92 94 1 #UTIL: 1814998
72 93 94 #UTIL: 2034402
72 92 #UTIL: 1971279
72 92 94 #UTIL: 3542075
72 92 94 1 #UTIL: 1681762
72 94 #UTIL: 1819267
73 74 93 92 #UTIL: 1767514
73 74 93 92 94 #UTIL: 3104433
73 74 93 92 94 1 #UTIL: 1622638
73 74 93 94 #UTIL: 1846873
73 74 92 #UTIL: 1509512
73 74 92 94 #UTIL: 2896994
73 74 92 94 1 #UTIL: 1420450
73 74 94 #UTIL: 1565469
73 93 92 #UTIL: 2175263
73 93 92 94 #UTIL: 3837406
73 93 92 94 1 #UTIL: 1892173
73 93 94 #UTIL: 2185310
73 92 #UTIL: 1870621
73 92 94 #UTIL: 3618601
73 92 94 1 #UTIL: 1661410
73 94 #UTIL: 1847479
74 93 92 #UTIL: 2307865
74 93 92 94 #UTIL: 4039844
74 93 92 94 1 #UTIL: 2123045
74 93 94 #UTIL: 2297955
74 92 #UTIL: 2058188
74 92 94 #UTIL: 3888221
74 92 94 1 #UTIL: 1933149
74 94 #UTIL: 1985042
93 92 #UTIL: 3308778
93 92 94 #UTIL: 5828590
93 92 94 1 #UTIL: 2404496
93 94 #UTIL: 3216971
92 #UTIL: 3182855
92 94 #UTIL: 5923968
92 94 1 #UTIL: 2224573
94 #UTIL: 2866427
