83 94 92 #UTIL: 1016757
78 73 93 72 74 94 92 #UTIL: 1000433
78 73 72 74 94 92 #UTIL: 1001504
78 93 72 74 94 92 #UTIL: 1042248
78 93 72 94 92 #UTIL: 1034203
78 93 94 92 #UTIL: 1003166
78 72 74 94 92 #UTIL: 1045619
78 72 94 92 #UTIL: 1040149
63 93 72 74 94 92 #UTIL: 1067771
63 93 72 94 92 #UTIL: 1069368
63 93 74 94 92 #UTIL: 1078981
63 93 94 92 #UTIL: 1148244
63 72 74 94 92 #UTIL: 1085483
63 72 94 92 #UTIL: 1089616
63 74 94 92 #UTIL: 1072044
63 94 92 #UTIL: 1159832
87 82 94 92 #UTIL: 1120446
87 93 72 94 92 #UTIL: 1017330
87 93 94 92 #UTIL: 1148306
87 72 94 92 #UTIL: 1099962
87 94 92 #UTIL: 1228361
65 48 46 93 72 74 94 92 #UTIL: 1070552
65 48 46 93 72 94 92 #UTIL: 1068054
65 48 46 93 74 94 92 #UTIL: 1071763
65 48 46 93 94 92 #UTIL: 1095577
65 48 46 72 74 94 92 #UTIL: 1005005
65 48 46 72 94 92 #UTIL: 1000466
65 48 46 94 92 #UTIL: 1017515
65 48 73 93 72 74 94 92 #UTIL: 1043841
65 48 73 93 72 94 92 #UTIL: 1030932
65 48 73 93 74 94 92 #UTIL: 1051571
65 48 73 93 94 92 #UTIL: 1052608
65 48 93 72 74 94 92 #UTIL: 1185246
65 48 93 72 94 92 #UTIL: 1181699
65 48 93 74 94 92 #UTIL: 1196441
65 48 93 94 92 #UTIL: 1238846
65 48 72 74 94 92 #UTIL: 1116067
65 48 72 94 92 #UTIL: 1109736
65 48 74 94 92 #UTIL: 1118487
65 48 94 92 #UTIL: 1156917
65 64 97 93 72 74 94 92 #UTIL: 1027660
65 64 97 93 72 94 92 #UTIL: 1035713
65 64 97 93 94 92 #UTIL: 1031234
65 64 97 72 94 92 #UTIL: 1000719
65 64 96 93 72 74 94 92 #UTIL: 1093821
65 64 96 93 72 94 92 #UTIL: 1082832
65 64 96 93 74 94 92 #UTIL: 1075379
65 64 96 93 94 92 #UTIL: 1079098
65 64 96 72 74 94 92 #UTIL: 1068452
65 64 96 72 94 92 #UTIL: 1054839
65 64 96 74 94 92 #UTIL: 1044394
65 64 96 94 92 #UTIL: 1044076
65 64 46 93 72 74 94 92 #UTIL: 1086873
65 64 46 93 72 94 92 #UTIL: 1097155
65 64 46 93 74 94 92 #UTIL: 1085322
65 64 46 93 94 92 #UTIL: 1128680
65 64 46 72 74 94 92 #UTIL: 1064107
65 64 46 72 94 92 #UTIL: 1086314
65 64 46 74 94 92 #UTIL: 1048251
65 64 46 94 92 #UTIL: 1099383
65 64 73 93 72 74 94 92 #UTIL: 1146220
65 64 73 93 72 94 92 #UTIL: 1130603
65 64 73 93 74 94 92 #UTIL: 1127552
65 64 73 93 94 92 #UTIL: 1132884
65 64 73 72 74 94 92 #UTIL: 1143634
65 64 73 72 94 92 #UTIL: 1125087
65 64 73 74 94 92 #UTIL: 1104487
65 64 73 94 92 #UTIL: 1104394
65 64 93 72 74 94 92 #UTIL: 1324397
65 64 93 72 94 92 #UTIL: 1337030
65 64 93 74 94 92 #UTIL: 1308219
65 64 93 94 92 #UTIL: 1354167
65 64 72 74 94 92 #UTIL: 1337182
65 64 72 94 92 #UTIL: 1364520
65 64 74 94 92 #UTIL: 1297572
65 64 94 92 #UTIL: 1358688
65 82 46 93 72 94 92 #UTIL: 1012702
65 82 46 72 74 94 92 #UTIL: 1007404
65 82 46 72 94 92 #UTIL: 1044101
65 82 93 72 74 94 92 #UTIL: 1133671
65 82 93 72 94 92 #UTIL: 1176214
65 82 93 74 94 92 #UTIL: 1115238
65 82 93 94 92 #UTIL: 1175093
65 82 72 74 94 92 #UTIL: 1230849
65 82 72 94 92 #UTIL: 1272434
65 82 74 94 92 #UTIL: 1174495
65 82 94 92 #UTIL: 1231028
65 47 96 93 74 94 92 #UTIL: 1023895
65 47 96 93 94 92 #UTIL: 1050276
65 47 46 93 72 74 94 92 #UTIL: 1031616
65 47 46 93 72 94 92 #UTIL: 1048971
65 47 46 93 74 94 92 #UTIL: 1077691
65 47 46 93 94 92 #UTIL: 1151265
65 47 46 72 94 92 #UTIL: 1003555
65 47 46 74 94 92 #UTIL: 1015186
65 47 46 94 92 #UTIL: 1098355
65 47 73 93 72 74 94 92 #UTIL: 1048479
65 47 73 93 72 94 92 #UTIL: 1027634
65 47 73 93 74 94 92 #UTIL: 1061806
65 47 73 93 94 92 #UTIL: 1079900
65 47 73 72 74 94 92 #UTIL: 1029234
65 47 73 72 94 92 #UTIL: 1006710
65 47 73 74 94 92 #UTIL: 1021902
65 47 73 94 92 #UTIL: 1042195
65 47 93 72 74 94 92 #UTIL: 1179340
65 47 93 72 94 92 #UTIL: 1190809
65 47 93 74 94 92 #UTIL: 1218421
65 47 93 94 92 #UTIL: 1298592
65 47 72 74 94 92 #UTIL: 1149956
65 47 72 94 92 #UTIL: 1168459
65 47 74 94 92 #UTIL: 1169207
65 47 94 92 #UTIL: 1257178
65 97 96 46 93 72 74 94 92 #UTIL: 1020332
65 97 96 46 93 72 94 92 #UTIL: 1021004
65 97 96 46 93 74 94 92 #UTIL: 1003273
65 97 96 46 93 94 92 #UTIL: 1027964
65 97 96 93 72 74 94 92 #UTIL: 1160108
65 97 96 93 72 94 92 #UTIL: 1156916
65 97 96 93 74 94 92 #UTIL: 1132528
65 97 96 93 94 92 #UTIL: 1164869
65 97 96 72 74 94 92 #UTIL: 1111290
65 97 96 72 94 92 #UTIL: 1105506
65 97 96 74 94 92 #UTIL: 1078781
65 97 96 94 92 #UTIL: 1106486
65 97 46 73 93 72 74 94 92 #UTIL: 1017449
65 97 46 73 93 72 94 92 #UTIL: 1012864
65 97 46 73 93 94 92 #UTIL: 1015885
65 97 46 93 72 74 94 92 #UTIL: 1160331
65 97 46 93 72 94 92 #UTIL: 1197511
65 97 46 93 74 94 92 #UTIL: 1155064
65 97 46 93 94 92 #UTIL: 1236770
65 97 46 72 74 94 92 #UTIL: 1097777
65 97 46 72 94 92 #UTIL: 1130754
65 97 46 74 94 92 #UTIL: 1087719
65 97 46 94 92 #UTIL: 1163627
65 97 73 93 72 74 94 92 #UTIL: 1121454
65 97 73 93 72 94 92 #UTIL: 1112604
65 97 73 93 74 94 92 #UTIL: 1086196
65 97 73 93 94 92 #UTIL: 1103987
65 97 73 72 74 94 92 #UTIL: 1074669
65 97 73 72 94 92 #UTIL: 1061917
65 97 73 74 94 92 #UTIL: 1028568
65 97 73 94 92 #UTIL: 1039980
65 97 93 72 74 94 92 #UTIL: 1321053
65 97 93 72 94 92 #UTIL: 1373869
65 97 93 74 94 92 #UTIL: 1309291
65 97 93 94 92 #UTIL: 1427849
65 97 72 74 94 92 #UTIL: 1276593
65 97 72 94 92 #UTIL: 1320824
65 97 74 94 92 #UTIL: 1257026
65 97 94 92 #UTIL: 1372547
65 95 46 93 72 74 94 92 #UTIL: 1008690
65 95 46 93 72 94 92 #UTIL: 1045698
65 95 46 93 94 92 #UTIL: 1049426
65 95 46 94 92 #UTIL: 1010493
65 95 73 93 72 74 94 92 #UTIL: 1000798
65 95 93 72 74 94 92 #UTIL: 1140472
65 95 93 72 94 92 #UTIL: 1182678
65 95 93 74 94 92 #UTIL: 1129158
65 95 93 94 92 #UTIL: 1208826
65 95 72 74 94 92 #UTIL: 1126820
65 95 72 94 92 #UTIL: 1165657
65 95 74 94 92 #UTIL: 1107461
65 95 94 92 #UTIL: 1200118
65 96 46 73 93 72 74 94 92 #UTIL: 1071630
65 96 46 73 93 72 94 92 #UTIL: 1047221
65 96 46 73 93 74 94 92 #UTIL: 1100884
65 96 46 73 93 94 92 #UTIL: 1103282
65 96 46 73 72 74 94 92 #UTIL: 1012648
65 96 46 73 74 94 92 #UTIL: 1032819
65 96 46 73 94 92 #UTIL: 1032737
65 96 46 93 72 74 94 92 #UTIL: 1190561
65 96 46 93 72 94 92 #UTIL: 1187497
65 96 46 93 74 94 92 #UTIL: 1248855
65 96 46 93 94 92 #UTIL: 1279171
65 96 46 72 74 94 92 #UTIL: 1135577
65 96 46 72 94 92 #UTIL: 1139913
65 96 46 74 94 92 #UTIL: 1180757
65 96 46 94 92 #UTIL: 1214891
65 96 73 93 72 74 94 92 #UTIL: 1221876
65 96 73 93 72 94 92 #UTIL: 1190496
65 96 73 93 74 94 92 #UTIL: 1236165
65 96 73 93 94 92 #UTIL: 1230870
65 96 73 72 74 94 92 #UTIL: 1171641
65 96 73 72 94 92 #UTIL: 1138844
65 96 73 74 94 92 #UTIL: 1176314
65 96 73 94 92 #UTIL: 1167099
65 96 93 72 74 94 92 #UTIL: 1400753
65 96 93 72 94 92 #UTIL: 1389598
65 96 93 74 94 92 #UTIL: 1441094
65 96 93 94 92 #UTIL: 1481872
65 96 72 74 94 92 #UTIL: 1355250
65 96 72 94 92 #UTIL: 1350205
65 96 74 94 92 #UTIL: 1384783
65 96 94 92 #UTIL: 1426642
65 46 73 93 72 74 94 92 #UTIL: 1372890
65 46 73 93 72 94 92 #UTIL: 1350986
65 46 73 93 74 94 92 #UTIL: 1403700
65 46 73 93 94 92 #UTIL: 1426143
65 46 73 72 74 94 92 #UTIL: 1337434
65 46 73 72 94 92 #UTIL: 1307986
65 46 73 74 94 92 #UTIL: 1331811
65 46 73 94 92 #UTIL: 1351285
65 46 93 72 74 94 92 #UTIL: 1539841
65 46 93 72 94 92 #UTIL: 1584108
65 46 93 74 94 92 #UTIL: 1595745
65 46 93 94 92 #UTIL: 1714231
65 46 72 74 94 92 #UTIL: 1512396
65 46 72 94 92 #UTIL: 1567852
65 46 74 94 92 #UTIL: 1531034
65 46 94 92 #UTIL: 1668344
65 73 93 72 74 94 92 #UTIL: 1557127
65 73 93 72 94 92 #UTIL: 1528645
65 73 93 74 94 92 #UTIL: 1594044
65 73 93 94 92 #UTIL: 1610431
65 73 72 74 94 92 #UTIL: 1554424
65 73 72 94 92 #UTIL: 1517738
65 73 74 94 92 #UTIL: 1543884
65 73 94 92 #UTIL: 1562310
65 93 72 74 94 #UTIL: 1098098
65 93 72 74 94 92 #UTIL: 1801165
65 93 72 74 92 #UTIL: 1099904
65 93 72 94 #UTIL: 1098672
65 93 72 94 92 #UTIL: 1860331
65 93 72 92 #UTIL: 1118640
65 93 74 94 #UTIL: 1095146
65 93 74 94 92 #UTIL: 1877482
65 93 74 92 #UTIL: 1086894
65 93 94 #UTIL: 1171065
65 93 94 92 #UTIL: 2051859
65 93 92 #UTIL: 1161177
65 72 74 94 #UTIL: 1090278
65 72 74 94 92 #UTIL: 1815281
65 72 74 92 #UTIL: 1087644
65 72 94 #UTIL: 1085739
65 72 94 92 #UTIL: 1883175
65 72 92 #UTIL: 1110956
65 74 94 #UTIL: 1030361
65 74 94 92 #UTIL: 1851597
65 74 92 #UTIL: 1029349
65 94 #UTIL: 1103724
65 94 92 #UTIL: 2063339
65 92 #UTIL: 1136644
48 64 97 93 72 74 94 92 #UTIL: 1040779
48 64 97 93 72 94 92 #UTIL: 1070819
48 64 97 93 74 94 92 #UTIL: 1009564
48 64 97 93 94 92 #UTIL: 1068276
48 64 96 93 72 74 94 92 #UTIL: 1060151
48 64 96 93 72 94 92 #UTIL: 1061710
48 64 96 93 74 94 92 #UTIL: 1063640
48 64 96 93 94 92 #UTIL: 1100837
48 64 96 94 92 #UTIL: 1024443
48 64 46 73 93 72 74 94 92 #UTIL: 1014781
48 64 46 73 93 72 94 92 #UTIL: 1024424
48 64 46 73 93 74 94 92 #UTIL: 1028207
48 64 46 73 93 94 92 #UTIL: 1038627
48 64 46 93 72 74 94 92 #UTIL: 1091536
48 64 46 93 72 94 92 #UTIL: 1110509
48 64 46 93 74 94 92 #UTIL: 1129322
48 64 46 93 94 92 #UTIL: 1175999
48 64 46 72 74 94 92 #UTIL: 1016862
48 64 46 72 94 92 #UTIL: 1029003
48 64 46 74 94 92 #UTIL: 1047727
48 64 46 94 92 #UTIL: 1082082
48 64 73 93 72 74 94 92 #UTIL: 1097286
48 64 73 93 72 94 92 #UTIL: 1120130
48 64 73 93 74 94 92 #UTIL: 1115292
48 64 73 93 94 92 #UTIL: 1143431
48 64 73 72 74 94 92 #UTIL: 1027230
48 64 73 72 94 92 #UTIL: 1043502
48 64 73 74 94 92 #UTIL: 1040164
48 64 73 94 92 #UTIL: 1059253
48 64 93 72 74 94 92 #UTIL: 1237233
48 64 93 72 94 92 #UTIL: 1279631
48 64 93 74 94 92 #UTIL: 1275696
48 64 93 94 92 #UTIL: 1377280
48 64 72 74 94 92 #UTIL: 1162015
48 64 72 94 92 #UTIL: 1194538
48 64 74 94 92 #UTIL: 1201978
48 64 94 92 #UTIL: 1282136
48 82 93 94 92 #UTIL: 1018728
48 82 94 92 #UTIL: 1019250
48 47 97 93 72 74 94 92 #UTIL: 1014845
48 47 97 93 72 94 92 #UTIL: 1054856
48 47 97 93 74 94 92 #UTIL: 1010575
48 47 97 93 94 92 #UTIL: 1085804
48 47 97 94 92 #UTIL: 1010854
48 47 96 46 93 72 94 92 #UTIL: 1001825
48 47 96 46 93 74 94 92 #UTIL: 1025618
48 47 96 46 93 94 92 #UTIL: 1059131
48 47 96 73 93 94 92 #UTIL: 1001671
48 47 96 93 72 74 94 92 #UTIL: 1058126
48 47 96 93 72 94 92 #UTIL: 1084434
48 47 96 93 74 94 92 #UTIL: 1080620
48 47 96 93 94 92 #UTIL: 1157124
48 47 96 72 94 92 #UTIL: 1000737
48 47 96 74 94 92 #UTIL: 1013654
48 47 96 94 92 #UTIL: 1083221
48 47 46 73 93 72 74 94 92 #UTIL: 1070961
48 47 46 73 93 72 94 92 #UTIL: 1069008
48 47 46 73 93 74 94 92 #UTIL: 1096577
48 47 46 73 93 94 92 #UTIL: 1125458
48 47 46 73 74 94 92 #UTIL: 1018414
48 47 46 73 94 92 #UTIL: 1040543
48 47 46 93 72 74 94 92 #UTIL: 1152650
48 47 46 93 72 94 92 #UTIL: 1169844
48 47 46 93 74 94 92 #UTIL: 1190814
48 47 46 93 94 92 #UTIL: 1278697
48 47 46 72 74 94 92 #UTIL: 1067521
48 47 46 72 94 92 #UTIL: 1079404
48 47 46 74 94 92 #UTIL: 1101482
48 47 46 94 92 #UTIL: 1179840
48 47 73 93 72 74 94 92 #UTIL: 1140443
48 47 73 93 72 94 92 #UTIL: 1148950
48 47 73 93 74 94 92 #UTIL: 1160692
48 47 73 93 94 92 #UTIL: 1201794
48 47 73 72 74 94 92 #UTIL: 1058903
48 47 73 72 94 92 #UTIL: 1063301
48 47 73 74 94 92 #UTIL: 1093664
48 47 73 94 92 #UTIL: 1124974
48 47 93 72 74 94 92 #UTIL: 1233854
48 47 93 72 94 92 #UTIL: 1286479
48 47 93 74 94 92 #UTIL: 1279732
48 47 93 94 92 #UTIL: 1437465
48 47 72 74 94 92 #UTIL: 1141428
48 47 72 94 92 #UTIL: 1182895
48 47 74 94 92 #UTIL: 1198253
48 47 94 92 #UTIL: 1339495
48 97 95 93 72 74 94 92 #UTIL: 1008180
48 97 95 93 72 94 92 #UTIL: 1049228
48 97 95 93 74 94 92 #UTIL: 1000523
48 97 95 93 94 92 #UTIL: 1080595
48 97 95 94 92 #UTIL: 1017956
48 97 96 46 73 93 72 74 94 92 #UTIL: 1050612
48 97 96 46 73 93 72 94 92 #UTIL: 1047728
48 97 96 46 73 93 74 94 92 #UTIL: 1023288
48 97 96 46 73 93 94 92 #UTIL: 1028581
48 97 96 46 93 72 74 94 92 #UTIL: 1138880
48 97 96 46 93 72 94 92 #UTIL: 1166041
48 97 96 46 93 74 94 92 #UTIL: 1144524
48 97 96 46 93 94 92 #UTIL: 1196345
48 97 96 46 72 74 94 92 #UTIL: 1051304
48 97 96 46 72 94 92 #UTIL: 1075364
48 97 96 46 74 94 92 #UTIL: 1052785
48 97 96 46 94 92 #UTIL: 1099310
48 97 96 73 93 72 74 94 92 #UTIL: 1183478
48 97 96 73 93 72 94 92 #UTIL: 1177806
48 97 96 73 93 74 94 92 #UTIL: 1162735
48 97 96 73 93 94 92 #UTIL: 1179982
48 97 96 73 72 74 94 92 #UTIL: 1093246
48 97 96 73 72 94 92 #UTIL: 1086364
48 97 96 73 74 94 92 #UTIL: 1088292
48 97 96 73 94 92 #UTIL: 1102348
48 97 96 93 72 74 94 92 #UTIL: 1318259
48 97 96 93 72 94 92 #UTIL: 1370078
48 97 96 93 74 94 92 #UTIL: 1329091
48 97 96 93 94 92 #UTIL: 1457934
48 97 96 72 74 94 92 #UTIL: 1220682
48 97 96 72 94 92 #UTIL: 1267499
48 97 96 74 94 92 #UTIL: 1244231
48 97 96 94 92 #UTIL: 1359941
48 97 46 73 93 72 74 94 92 #UTIL: 1243905
48 97 46 73 93 72 94 92 #UTIL: 1267828
48 97 46 73 93 74 94 92 #UTIL: 1240659
48 97 46 73 93 94 92 #UTIL: 1281454
48 97 46 73 72 74 94 92 #UTIL: 1143642
48 97 46 73 72 94 92 #UTIL: 1160842
48 97 46 73 74 94 92 #UTIL: 1136537
48 97 46 73 94 92 #UTIL: 1171999
48 97 46 93 72 74 94 92 #UTIL: 1321670
48 97 46 93 72 94 92 #UTIL: 1394227
48 97 46 93 74 94 92 #UTIL: 1358184
48 97 46 93 94 92 #UTIL: 1474365
48 97 46 72 74 94 92 #UTIL: 1216579
48 97 46 72 94 92 #UTIL: 1281346
48 97 46 74 94 92 #UTIL: 1245783
48 97 46 94 92 #UTIL: 1357920
48 97 73 93 72 74 94 92 #UTIL: 1370371
48 97 73 93 72 94 92 #UTIL: 1398964
48 97 73 93 74 94 92 #UTIL: 1379140
48 97 73 93 94 92 #UTIL: 1445593
48 97 73 72 74 94 92 #UTIL: 1268341
48 97 73 72 94 92 #UTIL: 1289783
48 97 73 74 94 92 #UTIL: 1289308
48 97 73 94 92 #UTIL: 1347807
48 97 93 72 74 94 92 #UTIL: 1526126
48 97 93 72 94 #UTIL: 1012594
48 97 93 72 94 92 #UTIL: 1634203
48 97 93 74 94 92 #UTIL: 1591102
48 97 93 94 #UTIL: 1093789
48 97 93 94 92 #UTIL: 1804921
48 97 93 92 #UTIL: 1044002
48 97 72 74 94 92 #UTIL: 1413159
48 97 72 94 92 #UTIL: 1509881
48 97 74 94 92 #UTIL: 1485696
48 97 94 92 #UTIL: 1686021
48 95 96 93 72 74 94 92 #UTIL: 1018524
48 95 96 93 72 94 92 #UTIL: 1041659
48 95 96 93 74 94 92 #UTIL: 1004288
48 95 96 93 94 92 #UTIL: 1049635
48 95 46 73 93 72 74 94 92 #UTIL: 1022601
48 95 46 73 93 72 94 92 #UTIL: 1015840
48 95 46 73 93 74 94 92 #UTIL: 1009975
48 95 46 73 93 94 92 #UTIL: 1018005
48 95 46 93 72 74 94 92 #UTIL: 1120685
48 95 46 93 72 94 92 #UTIL: 1134101
48 95 46 93 74 94 92 #UTIL: 1136574
48 95 46 93 94 92 #UTIL: 1171679
48 95 46 72 74 94 92 #UTIL: 1054496
48 95 46 72 94 92 #UTIL: 1080025
48 95 46 74 94 92 #UTIL: 1063941
48 95 46 94 92 #UTIL: 1107506
48 95 73 93 72 74 94 92 #UTIL: 1140048
48 95 73 93 72 94 92 #UTIL: 1136829
48 95 73 93 74 94 92 #UTIL: 1138265
48 95 73 93 94 92 #UTIL: 1156100
48 95 73 72 74 94 92 #UTIL: 1074093
48 95 73 72 94 92 #UTIL: 1071724
48 95 73 74 94 92 #UTIL: 1084732
48 95 73 94 92 #UTIL: 1099335
48 95 93 72 74 94 92 #UTIL: 1287586
48 95 93 72 94 92 #UTIL: 1317268
48 95 93 74 94 92 #UTIL: 1315697
48 95 93 94 92 #UTIL: 1415900
48 95 72 74 94 92 #UTIL: 1223989
48 95 72 94 92 #UTIL: 1264789
48 95 74 94 92 #UTIL: 1270013
48 95 94 92 #UTIL: 1371006
48 96 46 73 93 72 74 94 92 #UTIL: 1261505
48 96 46 73 93 72 94 92 #UTIL: 1246185
48 96 46 73 93 74 94 92 #UTIL: 1279762
48 96 46 73 93 94 92 #UTIL: 1313526
48 96 46 73 72 74 94 92 #UTIL: 1175516
48 96 46 73 72 94 92 #UTIL: 1161227
48 96 46 73 74 94 92 #UTIL: 1184715
48 96 46 73 94 92 #UTIL: 1218513
48 96 46 93 72 74 94 92 #UTIL: 1364892
48 96 46 93 72 94 92 #UTIL: 1385439
48 96 46 93 74 94 92 #UTIL: 1422863
48 96 46 93 94 92 #UTIL: 1513921
48 96 46 72 74 94 92 #UTIL: 1270503
48 96 46 72 94 92 #UTIL: 1289056
48 96 46 74 94 92 #UTIL: 1314909
48 96 46 94 92 #UTIL: 1400884
48 96 73 93 72 74 94 92 #UTIL: 1411222
48 96 73 93 72 94 92 #UTIL: 1413926
48 96 73 93 74 94 92 #UTIL: 1431848
48 96 73 93 94 92 #UTIL: 1501727
48 96 73 72 74 94 92 #UTIL: 1315819
48 96 73 72 94 92 #UTIL: 1317457
48 96 73 74 94 92 #UTIL: 1342269
48 96 73 94 92 #UTIL: 1408544
48 96 93 72 74 94 #UTIL: 1001314
48 96 93 72 74 94 92 #UTIL: 1572791
48 96 93 72 94 #UTIL: 1027448
48 96 93 72 94 92 #UTIL: 1644259
48 96 93 74 94 #UTIL: 1026362
48 96 93 74 94 92 #UTIL: 1638632
48 96 93 94 #UTIL: 1151471
48 96 93 94 92 #UTIL: 1857406
48 96 93 92 #UTIL: 1056855
48 96 72 74 94 92 #UTIL: 1472600
48 96 72 94 92 #UTIL: 1536645
48 96 74 94 92 #UTIL: 1537966
48 96 94 #UTIL: 1009289
48 96 94 92 #UTIL: 1737758
48 46 73 93 72 74 94 92 #UTIL: 1542623
48 46 73 93 72 94 92 #UTIL: 1556812
48 46 73 93 74 94 92 #UTIL: 1608843
48 46 73 93 94 #UTIL: 1038983
48 46 73 93 94 92 #UTIL: 1713241
48 46 73 72 74 94 92 #UTIL: 1431577
48 46 73 72 94 92 #UTIL: 1439318
48 46 73 74 94 92 #UTIL: 1483411
48 46 73 94 92 #UTIL: 1580156
48 46 93 72 74 94 #UTIL: 1026988
48 46 93 72 74 94 92 #UTIL: 1684487
48 46 93 72 94 #UTIL: 1046999
48 46 93 72 94 92 #UTIL: 1747928
48 46 93 74 94 #UTIL: 1095156
48 46 93 74 94 92 #UTIL: 1833461
48 46 93 74 92 #UTIL: 1012958
48 46 93 94 #UTIL: 1246650
48 46 93 94 92 #UTIL: 2090825
48 46 93 92 #UTIL: 1128353
48 46 72 74 94 92 #UTIL: 1574438
48 46 72 94 92 #UTIL: 1639127
48 46 74 94 92 #UTIL: 1701214
48 46 94 #UTIL: 1069673
48 46 94 92 #UTIL: 1951132
48 73 93 72 74 94 #UTIL: 1066281
48 73 93 72 74 94 92 #UTIL: 1734474
48 73 93 72 94 #UTIL: 1088754
48 73 93 72 94 92 #UTIL: 1792000
48 73 93 74 94 #UTIL: 1095765
48 73 93 74 94 92 #UTIL: 1827401
48 73 93 74 92 #UTIL: 1006955
48 73 93 94 #UTIL: 1196072
48 73 93 94 92 #UTIL: 2005307
48 73 93 92 #UTIL: 1079146
48 73 72 74 94 92 #UTIL: 1618910
48 73 72 94 92 #UTIL: 1665524
48 73 74 94 92 #UTIL: 1710144
48 73 94 #UTIL: 1031574
48 73 94 92 #UTIL: 1876924
48 93 72 74 94 #UTIL: 1180515
48 93 72 74 94 92 #UTIL: 1966435
48 93 72 74 92 #UTIL: 1108280
48 93 72 94 #UTIL: 1261404
48 93 72 94 92 #UTIL: 2128514
48 93 72 92 #UTIL: 1178844
48 93 74 94 #UTIL: 1288174
48 93 74 94 92 #UTIL: 2197766
48 93 74 92 #UTIL: 1202201
48 93 94 #UTIL: 1607464
48 93 94 92 #UTIL: 2726830
48 93 92 #UTIL: 1468248
48 72 74 94 #UTIL: 1039554
48 72 74 94 92 #UTIL: 1850041
48 72 94 #UTIL: 1097171
48 72 94 92 #UTIL: 1999751
48 72 92 #UTIL: 1030038
48 74 94 #UTIL: 1120583
48 74 94 92 #UTIL: 2077177
48 74 92 #UTIL: 1050465
48 94 #UTIL: 1377133
48 94 92 #UTIL: 2575254
48 92 #UTIL: 1260819
64 82 93 72 94 92 #UTIL: 1022811
64 82 93 74 94 92 #UTIL: 1000931
64 82 93 94 92 #UTIL: 1048656
64 82 72 74 94 92 #UTIL: 1055341
64 82 72 94 92 #UTIL: 1093595
64 82 74 94 92 #UTIL: 1051221
64 82 94 92 #UTIL: 1109306
64 47 97 96 93 72 94 92 #UTIL: 1020682
64 47 97 96 93 94 92 #UTIL: 1032703
64 47 97 93 72 74 94 92 #UTIL: 1046392
64 47 97 93 72 94 92 #UTIL: 1088496
64 47 97 93 74 94 92 #UTIL: 1029695
64 47 97 93 94 92 #UTIL: 1119163
64 47 97 72 94 92 #UTIL: 1028341
64 47 97 94 92 #UTIL: 1045071
64 47 96 46 93 72 94 92 #UTIL: 1019632
64 47 96 46 93 74 94 92 #UTIL: 1013101
64 47 96 46 93 94 92 #UTIL: 1073590
64 47 96 73 93 94 92 #UTIL: 1023444
64 47 96 93 72 74 94 92 #UTIL: 1112608
64 47 96 93 72 94 92 #UTIL: 1145166
64 47 96 93 74 94 92 #UTIL: 1121401
64 47 96 93 94 92 #UTIL: 1198431
64 47 96 72 74 94 92 #UTIL: 1048815
64 47 96 72 94 92 #UTIL: 1076217
64 47 96 74 94 92 #UTIL: 1053331
64 47 96 94 92 #UTIL: 1121869
64 47 46 73 93 94 92 #UTIL: 1031980
64 47 46 93 72 74 94 92 #UTIL: 1072588
64 47 46 93 72 94 92 #UTIL: 1125506
64 47 46 93 74 94 92 #UTIL: 1099234
64 47 46 93 94 92 #UTIL: 1206766
64 47 46 72 74 94 92 #UTIL: 1018560
64 47 46 72 94 92 #UTIL: 1081949
64 47 46 74 94 92 #UTIL: 1049968
64 47 46 94 92 #UTIL: 1162571
64 47 73 93 72 74 94 92 #UTIL: 1103443
64 47 73 93 72 94 92 #UTIL: 1125219
64 47 73 93 74 94 92 #UTIL: 1098247
64 47 73 93 94 92 #UTIL: 1147492
64 47 73 72 74 94 92 #UTIL: 1071800
64 47 73 72 94 92 #UTIL: 1089174
64 47 73 74 94 92 #UTIL: 1051409
64 47 73 94 92 #UTIL: 1093681
64 47 93 72 74 94 92 #UTIL: 1247008
64 47 93 72 94 92 #UTIL: 1311682
64 47 93 74 94 92 #UTIL: 1263280
64 47 93 94 92 #UTIL: 1398001
64 47 72 74 94 92 #UTIL: 1218802
64 47 72 94 92 #UTIL: 1291094
64 47 74 94 92 #UTIL: 1231340
64 47 94 92 #UTIL: 1365767
64 97 95 93 72 94 92 #UTIL: 1044203
64 97 95 93 94 92 #UTIL: 1022848
64 97 96 46 73 93 72 74 94 92 #UTIL: 1068143
64 97 96 46 73 93 72 94 92 #UTIL: 1084112
64 97 96 46 73 93 74 94 92 #UTIL: 1025581
64 97 96 46 73 93 94 92 #UTIL: 1057027
64 97 96 46 73 72 94 92 #UTIL: 1012894
64 97 96 46 93 72 74 94 92 #UTIL: 1189067
64 97 96 46 93 72 94 92 #UTIL: 1218484
64 97 96 46 93 74 94 92 #UTIL: 1169297
64 97 96 46 93 94 92 #UTIL: 1222031
64 97 96 46 72 74 94 92 #UTIL: 1121493
64 97 96 46 72 94 92 #UTIL: 1147164
64 97 96 46 74 94 92 #UTIL: 1097199
64 97 96 46 94 92 #UTIL: 1145156
64 97 96 73 93 72 74 94 92 #UTIL: 1147141
64 97 96 73 93 72 94 92 #UTIL: 1159831
64 97 96 73 93 74 94 92 #UTIL: 1098243
64 97 96 73 93 94 92 #UTIL: 1128940
64 97 96 73 72 74 94 92 #UTIL: 1073835
64 97 96 73 72 94 92 #UTIL: 1084167
64 97 96 73 74 94 92 #UTIL: 1022893
64 97 96 73 94 92 #UTIL: 1049800
64 97 96 93 72 74 94 92 #UTIL: 1333053
64 97 96 93 72 94 92 #UTIL: 1358810
64 97 96 93 74 94 92 #UTIL: 1304867
64 97 96 93 94 92 #UTIL: 1381892
64 97 96 72 74 94 92 #UTIL: 1257835
64 97 96 72 94 92 #UTIL: 1279846
64 97 96 74 94 92 #UTIL: 1224631
64 97 96 94 92 #UTIL: 1292698
64 97 46 73 93 72 74 94 92 #UTIL: 1119802
64 97 46 73 93 72 94 92 #UTIL: 1153206
64 97 46 73 93 74 94 92 #UTIL: 1086360
64 97 46 73 93 94 92 #UTIL: 1139078
64 97 46 73 72 74 94 92 #UTIL: 1043442
64 97 46 73 72 94 92 #UTIL: 1070833
64 97 46 73 74 94 92 #UTIL: 1007322
64 97 46 73 94 92 #UTIL: 1052453
64 97 46 93 72 74 94 92 #UTIL: 1254675
64 97 46 93 72 94 92 #UTIL: 1312683
64 97 46 93 74 94 92 #UTIL: 1250436
64 97 46 93 94 92 #UTIL: 1338223
64 97 46 72 74 94 92 #UTIL: 1178610
64 97 46 72 94 92 #UTIL: 1229106
64 97 46 74 94 92 #UTIL: 1167713
64 97 46 94 92 #UTIL: 1245887
64 97 73 93 72 74 94 92 #UTIL: 1251720
64 97 73 93 72 94 92 #UTIL: 1288293
64 97 73 93 74 94 92 #UTIL: 1218724
64 97 73 93 94 92 #UTIL: 1275598
64 97 73 72 74 94 92 #UTIL: 1183085
64 97 73 72 94 92 #UTIL: 1211766
64 97 73 74 94 92 #UTIL: 1139280
64 97 73 94 92 #UTIL: 1186039
64 97 93 72 74 94 92 #UTIL: 1478825
64 97 93 72 94 92 #UTIL: 1548946
64 97 93 74 94 92 #UTIL: 1471450
64 97 93 94 92 #UTIL: 1600828
64 97 72 74 94 92 #UTIL: 1408840
64 97 72 94 92 #UTIL: 1468618
64 97 74 94 92 #UTIL: 1389514
64 97 94 92 #UTIL: 1503921
64 95 96 93 72 74 94 92 #UTIL: 1018646
64 95 96 93 72 94 92 #UTIL: 1052222
64 95 96 93 94 92 #UTIL: 1050129
64 95 96 72 94 92 #UTIL: 1000216
64 95 46 93 72 94 92 #UTIL: 1048688
64 95 46 93 94 92 #UTIL: 1073218
64 95 46 72 94 92 #UTIL: 1003200
64 95 46 94 92 #UTIL: 1030172
64 95 73 93 72 74 94 92 #UTIL: 1001055
64 95 73 93 72 94 92 #UTIL: 1013314
64 95 93 72 74 94 92 #UTIL: 1159871
64 95 93 72 94 92 #UTIL: 1214309
64 95 93 74 94 92 #UTIL: 1141634
64 95 93 94 92 #UTIL: 1267114
64 95 72 74 94 92 #UTIL: 1150985
64 95 72 94 92 #UTIL: 1206917
64 95 74 94 92 #UTIL: 1144842
64 95 94 92 #UTIL: 1266458
64 96 46 73 93 72 74 94 92 #UTIL: 1199931
64 96 46 73 93 72 94 92 #UTIL: 1204987
64 96 46 73 93 74 94 92 #UTIL: 1209137
64 96 46 73 93 94 92 #UTIL: 1242820
64 96 46 73 72 74 94 92 #UTIL: 1128236
64 96 46 73 72 94 92 #UTIL: 1130752
64 96 46 73 74 94 92 #UTIL: 1129786
64 96 46 73 94 92 #UTIL: 1158425
64 96 46 93 72 74 94 92 #UTIL: 1318051
64 96 46 93 72 94 92 #UTIL: 1344323
64 96 46 93 74 94 92 #UTIL: 1352431
64 96 46 93 94 92 #UTIL: 1416444
64 96 46 72 74 94 92 #UTIL: 1249502
64 96 46 72 94 92 #UTIL: 1270172
64 96 46 74 94 92 #UTIL: 1271638
64 96 46 94 92 #UTIL: 1327027
64 96 73 93 72 74 94 92 #UTIL: 1330689
64 96 73 93 72 94 92 #UTIL: 1337451
64 96 73 93 74 94 92 #UTIL: 1320578
64 96 73 93 94 92 #UTIL: 1357658
64 96 73 72 74 94 92 #UTIL: 1260846
64 96 73 72 94 92 #UTIL: 1264162
64 96 73 74 94 92 #UTIL: 1244233
64 96 73 94 92 #UTIL: 1274084
64 96 93 72 74 94 92 #UTIL: 1526226
64 96 93 72 94 92 #UTIL: 1553033
64 96 93 74 94 92 #UTIL: 1541656
64 96 93 94 92 #UTIL: 1631797
64 96 72 74 94 92 #UTIL: 1462432
64 96 72 94 92 #UTIL: 1482670
64 96 74 94 92 #UTIL: 1466715
64 96 94 92 #UTIL: 1542237
64 46 73 93 72 74 94 92 #UTIL: 1357254
64 46 73 93 72 94 92 #UTIL: 1405445
64 46 73 93 74 94 92 #UTIL: 1385459
64 46 73 93 94 92 #UTIL: 1463155
64 46 73 72 74 94 92 #UTIL: 1294663
64 46 73 72 94 92 #UTIL: 1332638
64 46 73 74 94 92 #UTIL: 1308388
64 46 73 94 92 #UTIL: 1372432
64 46 93 72 74 94 92 #UTIL: 1503507
64 46 93 72 94 92 #UTIL: 1591305
64 46 93 74 94 92 #UTIL: 1580794
64 46 93 94 #UTIL: 1017788
64 46 93 94 92 #UTIL: 1758179
64 46 72 74 94 92 #UTIL: 1457364
64 46 72 94 92 #UTIL: 1552727
64 46 74 94 92 #UTIL: 1525353
64 46 94 92 #UTIL: 1699300
64 73 93 72 74 94 #UTIL: 1011947
64 73 93 72 74 94 92 #UTIL: 1592867
64 73 93 72 94 #UTIL: 1024871
64 73 93 72 94 92 #UTIL: 1648496
64 73 93 74 94 92 #UTIL: 1615764
64 73 93 94 #UTIL: 1020368
64 73 93 94 92 #UTIL: 1715301
64 73 72 74 94 92 #UTIL: 1556966
64 73 72 94 92 #UTIL: 1600980
64 73 74 94 92 #UTIL: 1557291
64 73 94 92 #UTIL: 1637610
64 93 72 74 94 #UTIL: 1129881
64 93 72 74 94 92 #UTIL: 1845234
64 93 72 74 92 #UTIL: 1100093
64 93 72 94 #UTIL: 1176054
64 93 72 94 92 #UTIL: 1964547
64 93 72 92 #UTIL: 1147202
64 93 74 94 #UTIL: 1129855
64 93 74 94 92 #UTIL: 1930178
64 93 74 92 #UTIL: 1089772
64 93 94 #UTIL: 1271318
64 93 94 92 #UTIL: 2207518
64 93 92 #UTIL: 1218362
64 72 74 94 #UTIL: 1073050
64 72 74 94 92 #UTIL: 1838100
64 72 74 92 #UTIL: 1060471
64 72 94 #UTIL: 1110655
64 72 94 92 #UTIL: 1965287
64 72 92 #UTIL: 1110110
64 74 94 #UTIL: 1049371
64 74 94 92 #UTIL: 1920718
64 74 92 #UTIL: 1031152
64 94 #UTIL: 1165944
64 94 92 #UTIL: 2192532
64 92 #UTIL: 1156413
82 47 95 94 92 #UTIL: 1039477
82 47 93 72 74 94 92 #UTIL: 1050837
82 47 93 72 94 92 #UTIL: 1108248
82 47 93 74 94 92 #UTIL: 1068653
82 47 93 94 92 #UTIL: 1161002
82 47 72 74 94 92 #UTIL: 1069563
82 47 72 94 92 #UTIL: 1150135
82 47 74 94 92 #UTIL: 1099805
82 47 94 92 #UTIL: 1216940
82 97 95 93 72 94 92 #UTIL: 1018328
82 97 95 93 94 92 #UTIL: 1039968
82 97 95 72 94 92 #UTIL: 1048818
82 97 95 94 92 #UTIL: 1096451
82 97 96 93 72 94 92 #UTIL: 1005456
82 97 96 93 94 92 #UTIL: 1041456
82 97 96 94 92 #UTIL: 1035141
82 97 46 93 72 94 92 #UTIL: 1030398
82 97 46 93 94 92 #UTIL: 1028189
82 97 93 72 74 94 92 #UTIL: 1154276
82 97 93 72 94 92 #UTIL: 1304673
82 97 93 74 94 92 #UTIL: 1157900
82 97 93 94 92 #UTIL: 1370793
82 97 72 74 94 92 #UTIL: 1171131
82 97 72 94 92 #UTIL: 1341794
82 97 74 94 92 #UTIL: 1187587
82 97 94 92 #UTIL: 1440522
82 97 92 #UTIL: 1005752
82 95 96 93 94 92 #UTIL: 1010420
82 95 46 93 72 74 94 92 #UTIL: 1058688
82 95 46 93 72 94 92 #UTIL: 1156316
82 95 46 93 74 94 92 #UTIL: 1052147
82 95 46 93 94 92 #UTIL: 1185733
82 95 46 72 74 94 92 #UTIL: 1052617
82 95 46 72 94 92 #UTIL: 1180778
82 95 46 74 94 92 #UTIL: 1051919
82 95 46 94 92 #UTIL: 1213774
82 95 73 93 72 74 94 92 #UTIL: 1120396
82 95 73 93 72 94 92 #UTIL: 1133610
82 95 73 93 74 94 92 #UTIL: 1108415
82 95 73 93 94 92 #UTIL: 1191939
82 95 73 72 74 94 92 #UTIL: 1163139
82 95 73 72 94 92 #UTIL: 1196510
82 95 73 74 94 92 #UTIL: 1158387
82 95 73 94 92 #UTIL: 1262194
82 95 93 72 74 94 92 #UTIL: 1307162
82 95 93 72 94 92 #UTIL: 1441675
82 95 93 74 94 92 #UTIL: 1343410
82 95 93 94 92 #UTIL: 1595999
82 95 93 92 #UTIL: 1101729
82 95 72 74 94 92 #UTIL: 1369873
82 95 72 94 92 #UTIL: 1561190
82 95 72 92 #UTIL: 1094957
82 95 74 94 92 #UTIL: 1436870
82 95 94 #UTIL: 1008898
82 95 94 92 #UTIL: 1760392
82 95 92 #UTIL: 1246568
82 96 46 93 72 94 92 #UTIL: 1046766
82 96 46 93 94 92 #UTIL: 1056569
82 96 46 72 94 92 #UTIL: 1028454
82 96 46 94 92 #UTIL: 1031080
82 96 93 72 74 94 92 #UTIL: 1154639
82 96 93 72 94 92 #UTIL: 1264544
82 96 93 74 94 92 #UTIL: 1177508
82 96 93 94 92 #UTIL: 1327263
82 96 72 74 94 92 #UTIL: 1125676
82 96 72 94 92 #UTIL: 1237487
82 96 74 94 92 #UTIL: 1161690
82 96 94 92 #UTIL: 1332542
82 46 73 93 72 74 94 92 #UTIL: 1108391
82 46 73 93 72 94 92 #UTIL: 1099738
82 46 73 93 74 94 92 #UTIL: 1096742
82 46 73 93 94 92 #UTIL: 1124547
82 46 73 72 74 94 92 #UTIL: 1128291
82 46 73 72 94 92 #UTIL: 1112415
82 46 73 74 94 92 #UTIL: 1086847
82 46 73 94 92 #UTIL: 1106050
82 46 93 72 74 94 92 #UTIL: 1340284
82 46 93 72 94 92 #UTIL: 1448110
82 46 93 74 94 92 #UTIL: 1360108
82 46 93 94 92 #UTIL: 1522343
82 46 93 92 #UTIL: 1013714
82 46 72 74 94 92 #UTIL: 1383969
82 46 72 94 92 #UTIL: 1517483
82 46 72 92 #UTIL: 1029845
82 46 74 94 92 #UTIL: 1378058
82 46 94 92 #UTIL: 1562885
82 46 92 #UTIL: 1026154
82 73 93 72 74 94 92 #UTIL: 1349179
82 73 93 72 94 92 #UTIL: 1389332
82 73 93 74 94 92 #UTIL: 1367333
82 73 93 94 92 #UTIL: 1484962
82 73 93 92 #UTIL: 1000777
82 73 72 74 94 92 #UTIL: 1432367
82 73 72 94 92 #UTIL: 1484074
82 73 72 92 #UTIL: 1025862
82 73 74 94 92 #UTIL: 1425936
82 73 94 92 #UTIL: 1564105
82 73 92 #UTIL: 1051430
82 93 72 74 94 #UTIL: 1020490
82 93 72 74 94 92 #UTIL: 1661615
82 93 72 74 92 #UTIL: 1154891
82 93 72 94 #UTIL: 1111157
82 93 72 94 92 #UTIL: 1841509
82 93 72 92 #UTIL: 1282693
82 93 74 94 #UTIL: 1047298
82 93 74 94 92 #UTIL: 1748833
82 93 74 92 #UTIL: 1188575
82 93 94 #UTIL: 1254087
82 93 94 92 #UTIL: 2102141
82 93 92 #UTIL: 1450445
82 72 74 94 #UTIL: 1100430
82 72 74 94 92 #UTIL: 1798735
82 72 74 92 #UTIL: 1263672
82 72 94 #UTIL: 1209383
82 72 94 92 #UTIL: 2030886
82 72 92 #UTIL: 1439247
82 74 94 #UTIL: 1104120
82 74 94 92 #UTIL: 1884040
82 74 92 #UTIL: 1288087
82 94 #UTIL: 1356575
82 94 92 #UTIL: 2327695
82 92 #UTIL: 1637131
47 97 95 96 93 72 94 92 #UTIL: 1003774
47 97 95 96 93 94 92 #UTIL: 1014539
47 97 95 46 93 72 94 92 #UTIL: 1057605
47 97 95 46 93 94 92 #UTIL: 1067044
47 97 95 73 93 72 94 92 #UTIL: 1020310
47 97 95 73 93 94 92 #UTIL: 1023763
47 97 95 93 72 74 94 92 #UTIL: 1053493
47 97 95 93 72 94 92 #UTIL: 1139538
47 97 95 93 74 94 92 #UTIL: 1049312
47 97 95 93 94 92 #UTIL: 1173096
47 97 95 72 74 94 92 #UTIL: 1000528
47 97 95 72 94 92 #UTIL: 1091079
47 97 95 74 94 92 #UTIL: 1015041
47 97 95 94 92 #UTIL: 1138793
47 97 96 46 73 93 72 74 94 92 #UTIL: 1193461
47 97 96 46 73 93 72 94 92 #UTIL: 1223894
47 97 96 46 73 93 74 94 92 #UTIL: 1164308
47 97 96 46 73 93 94 92 #UTIL: 1210021
47 97 96 46 73 72 74 94 92 #UTIL: 1108361
47 97 96 46 73 72 94 92 #UTIL: 1134288
47 97 96 46 73 74 94 92 #UTIL: 1077424
47 97 96 46 73 94 92 #UTIL: 1117848
47 97 96 46 93 72 74 94 92 #UTIL: 1271071
47 97 96 46 93 72 94 92 #UTIL: 1331599
47 97 96 46 93 74 94 92 #UTIL: 1258725
47 97 96 46 93 94 92 #UTIL: 1358905
47 97 96 46 72 74 94 92 #UTIL: 1179567
47 97 96 46 72 94 92 #UTIL: 1232704
47 97 96 46 74 94 92 #UTIL: 1164476
47 97 96 46 94 92 #UTIL: 1254943
47 97 96 73 93 72 74 94 92 #UTIL: 1284432
47 97 96 73 93 72 94 92 #UTIL: 1311082
47 97 96 73 93 74 94 92 #UTIL: 1246533
47 97 96 73 93 94 92 #UTIL: 1288298
47 97 96 73 72 74 94 92 #UTIL: 1194383
47 97 96 73 72 94 92 #UTIL: 1216527
47 97 96 73 74 94 92 #UTIL: 1172972
47 97 96 73 94 92 #UTIL: 1209385
47 97 96 93 72 74 94 92 #UTIL: 1412782
47 97 96 93 72 94 92 #UTIL: 1480235
47 97 96 93 74 94 92 #UTIL: 1405346
47 97 96 93 94 92 #UTIL: 1527373
47 97 96 72 74 94 92 #UTIL: 1313450
47 97 96 72 94 92 #UTIL: 1371871
47 97 96 74 94 92 #UTIL: 1329292
47 97 96 94 92 #UTIL: 1442703
47 97 46 73 93 72 74 94 92 #UTIL: 1298611
47 97 46 73 93 72 94 92 #UTIL: 1335014
47 97 46 73 93 74 94 92 #UTIL: 1293516
47 97 46 73 93 94 92 #UTIL: 1355876
47 97 46 73 72 74 94 92 #UTIL: 1206061
47 97 46 73 72 94 92 #UTIL: 1236591
47 97 46 73 74 94 92 #UTIL: 1197007
47 97 46 73 94 92 #UTIL: 1251017
47 97 46 93 72 74 94 92 #UTIL: 1412221
47 97 46 93 72 94 92 #UTIL: 1507383
47 97 46 93 74 94 92 #UTIL: 1429758
47 97 46 93 94 92 #UTIL: 1579332
47 97 46 72 74 94 92 #UTIL: 1311800
47 97 46 72 94 92 #UTIL: 1396201
47 97 46 74 94 92 #UTIL: 1323411
47 97 46 94 92 #UTIL: 1457862
47 97 73 93 72 74 94 92 #UTIL: 1436436
47 97 73 93 72 94 92 #UTIL: 1477311
47 97 73 93 74 94 92 #UTIL: 1424488
47 97 73 93 94 92 #UTIL: 1489992
47 97 73 72 74 94 92 #UTIL: 1350676
47 97 73 72 94 92 #UTIL: 1395471
47 97 73 74 94 92 #UTIL: 1346279
47 97 73 94 92 #UTIL: 1412444
47 97 93 72 74 94 #UTIL: 1004414
47 97 93 72 74 94 92 #UTIL: 1596193
47 97 93 72 94 #UTIL: 1051394
47 97 93 72 94 92 #UTIL: 1704223
47 97 93 74 94 92 #UTIL: 1625500
47 97 93 94 #UTIL: 1089237
47 97 93 94 92 #UTIL: 1814494
47 97 93 92 #UTIL: 1031971
47 97 72 74 94 92 #UTIL: 1499428
47 97 72 94 92 #UTIL: 1604538
47 97 74 94 92 #UTIL: 1540607
47 97 94 92 #UTIL: 1721922
47 95 96 46 73 93 94 92 #UTIL: 1015020
47 95 96 46 93 72 94 92 #UTIL: 1054993
47 95 96 46 93 94 92 #UTIL: 1086887
47 95 96 46 94 92 #UTIL: 1019764
47 95 96 73 93 72 74 94 92 #UTIL: 1004960
47 95 96 73 93 72 94 92 #UTIL: 1035803
47 95 96 73 93 94 92 #UTIL: 1064381
47 95 96 73 94 92 #UTIL: 1020935
47 95 96 93 72 74 94 92 #UTIL: 1054212
47 95 96 93 72 94 92 #UTIL: 1122417
47 95 96 93 74 94 92 #UTIL: 1073610
47 95 96 93 94 92 #UTIL: 1190999
47 95 96 72 74 94 92 #UTIL: 1000090
47 95 96 72 94 92 #UTIL: 1060940
47 95 96 74 94 92 #UTIL: 1039230
47 95 96 94 92 #UTIL: 1150065
47 95 46 73 93 72 74 94 92 #UTIL: 1095463
47 95 46 73 93 72 94 92 #UTIL: 1131322
47 95 46 73 93 74 94 92 #UTIL: 1113299
47 95 46 73 93 94 92 #UTIL: 1186220
47 95 46 73 72 74 94 92 #UTIL: 1029312
47 95 46 73 72 94 92 #UTIL: 1061636
47 95 46 73 74 94 92 #UTIL: 1043854
47 95 46 73 94 92 #UTIL: 1139745
47 95 46 93 72 74 94 92 #UTIL: 1165519
47 95 46 93 72 94 92 #UTIL: 1268248
47 95 46 93 74 94 92 #UTIL: 1214915
47 95 46 93 94 92 #UTIL: 1357763
47 95 46 72 74 94 92 #UTIL: 1103453
47 95 46 72 94 92 #UTIL: 1221568
47 95 46 74 94 92 #UTIL: 1155144
47 95 46 94 92 #UTIL: 1342932
47 95 73 93 72 74 94 92 #UTIL: 1193036
47 95 73 93 72 94 92 #UTIL: 1233385
47 95 73 93 74 94 92 #UTIL: 1222384
47 95 73 93 94 92 #UTIL: 1310814
47 95 73 72 74 94 92 #UTIL: 1154716
47 95 73 72 94 92 #UTIL: 1201440
47 95 73 74 94 92 #UTIL: 1187141
47 95 73 94 92 #UTIL: 1306464
47 95 93 72 74 94 92 #UTIL: 1283320
47 95 93 72 94 92 #UTIL: 1388630
47 95 93 74 94 92 #UTIL: 1363351
47 95 93 94 92 #UTIL: 1554276
47 95 72 74 94 92 #UTIL: 1248111
47 95 72 94 92 #UTIL: 1377978
47 95 74 94 92 #UTIL: 1343330
47 95 94 92 #UTIL: 1582536
47 96 46 73 93 72 74 94 92 #UTIL: 1365281
47 96 46 73 93 72 94 92 #UTIL: 1392564
47 96 46 73 93 74 94 92 #UTIL: 1432547
47 96 46 73 93 94 92 #UTIL: 1500406
47 96 46 73 72 74 94 92 #UTIL: 1273782
47 96 46 73 72 94 92 #UTIL: 1302719
47 96 46 73 74 94 92 #UTIL: 1336104
47 96 46 73 94 92 #UTIL: 1402524
47 96 46 93 72 74 94 92 #UTIL: 1470544
47 96 46 93 72 94 92 #UTIL: 1533156
47 96 46 93 74 94 92 #UTIL: 1570076
47 96 46 93 94 #UTIL: 1055658
47 96 46 93 94 92 #UTIL: 1708147
47 96 46 72 74 94 92 #UTIL: 1369826
47 96 46 72 94 92 #UTIL: 1430215
47 96 46 74 94 92 #UTIL: 1465450
47 96 46 94 92 #UTIL: 1600360
47 96 73 93 72 74 94 92 #UTIL: 1464212
47 96 73 93 72 94 92 #UTIL: 1494510
47 96 73 93 74 94 92 #UTIL: 1517503
47 96 73 93 94 92 #UTIL: 1594306
47 96 73 72 74 94 92 #UTIL: 1375703
47 96 73 72 94 92 #UTIL: 1406606
47 96 73 74 94 92 #UTIL: 1438857
47 96 73 94 92 #UTIL: 1512768
47 96 93 72 74 94 #UTIL: 1036112
47 96 93 72 74 94 92 #UTIL: 1625387
47 96 93 72 94 #UTIL: 1069107
47 96 93 72 94 92 #UTIL: 1705676
47 96 93 74 94 #UTIL: 1071611
47 96 93 74 94 92 #UTIL: 1727123
47 96 93 94 #UTIL: 1175123
47 96 93 94 92 #UTIL: 1920930
47 96 93 92 #UTIL: 1076107
47 96 72 74 94 92 #UTIL: 1524481
47 96 72 94 92 #UTIL: 1599292
47 96 74 94 92 #UTIL: 1645044
47 96 94 #UTIL: 1058300
47 96 94 92 #UTIL: 1838785
47 46 73 93 72 74 94 92 #UTIL: 1584791
47 46 73 93 72 94 92 #UTIL: 1620716
47 46 73 93 74 94 #UTIL: 1020288
47 46 73 93 74 94 92 #UTIL: 1686498
47 46 73 93 94 #UTIL: 1076418
47 46 73 93 94 92 #UTIL: 1800634
47 46 73 72 74 94 92 #UTIL: 1486725
47 46 73 72 94 92 #UTIL: 1521429
47 46 73 74 94 92 #UTIL: 1580281
47 46 73 94 92 #UTIL: 1716971
47 46 93 72 74 94 #UTIL: 1055217
47 46 93 72 74 94 92 #UTIL: 1737993
47 46 93 72 94 #UTIL: 1100781
47 46 93 72 94 92 #UTIL: 1853595
47 46 93 72 92 #UTIL: 1038854
47 46 93 74 94 #UTIL: 1119506
47 46 93 74 94 92 #UTIL: 1897694
47 46 93 74 92 #UTIL: 1036128
47 46 93 94 #UTIL: 1277570
47 46 93 94 92 #UTIL: 2184942
47 46 93 92 #UTIL: 1167427
47 46 72 74 94 92 #UTIL: 1641760
47 46 72 94 92 #UTIL: 1780726
47 46 74 94 #UTIL: 1005414
47 46 74 94 92 #UTIL: 1807009
47 46 94 #UTIL: 1163672
47 46 94 92 #UTIL: 2145590
47 46 92 #UTIL: 1074202
47 73 93 72 74 94 #UTIL: 1087896
47 73 93 72 74 94 92 #UTIL: 1778236
47 73 93 72 74 92 #UTIL: 1015942
47 73 93 72 94 #UTIL: 1096000
47 73 93 72 94 92 #UTIL: 1826427
47 73 93 72 92 #UTIL: 1024681
47 73 93 74 94 #UTIL: 1110714
47 73 93 74 94 92 #UTIL: 1879446
47 73 93 74 92 #UTIL: 1027677
47 73 93 94 #UTIL: 1173607
47 73 93 94 92 #UTIL: 2016188
47 73 93 92 #UTIL: 1077405
47 73 72 74 94 92 #UTIL: 1698586
47 73 72 94 92 #UTIL: 1759572
47 73 74 94 #UTIL: 1003401
47 73 74 94 92 #UTIL: 1811913
47 73 94 #UTIL: 1063465
47 73 94 92 #UTIL: 1981363
47 93 72 74 94 #UTIL: 1182923
47 93 72 74 94 92 #UTIL: 1987323
47 93 72 74 92 #UTIL: 1125653
47 93 72 94 #UTIL: 1248530
47 93 72 94 92 #UTIL: 2141336
47 93 72 92 #UTIL: 1197630
47 93 74 94 #UTIL: 1260740
47 93 74 94 92 #UTIL: 2191948
47 93 74 92 #UTIL: 1194347
47 93 94 #UTIL: 1481659
47 93 94 92 #UTIL: 2596429
47 93 92 #UTIL: 1385333
47 72 74 94 #UTIL: 1081453
47 72 74 94 92 #UTIL: 1919128
47 72 74 92 #UTIL: 1036555
47 72 94 #UTIL: 1145082
47 72 94 92 #UTIL: 2106696
47 72 92 #UTIL: 1124515
47 74 94 #UTIL: 1150995
47 74 94 92 #UTIL: 2152965
47 74 92 #UTIL: 1105661
47 94 #UTIL: 1365279
47 94 92 #UTIL: 2630640
47 92 #UTIL: 1328036
97 95 96 46 73 93 72 74 94 92 #UTIL: 1032208
97 95 96 46 73 93 72 94 92 #UTIL: 1067895
97 95 96 46 73 93 74 94 92 #UTIL: 1000072
97 95 96 46 73 93 94 92 #UTIL: 1050864
97 95 96 46 93 72 74 94 92 #UTIL: 1115478
97 95 96 46 93 72 94 92 #UTIL: 1196288
97 95 96 46 93 74 94 92 #UTIL: 1082378
97 95 96 46 93 94 92 #UTIL: 1176675
97 95 96 46 72 74 94 92 #UTIL: 1042351
97 95 96 46 72 94 92 #UTIL: 1116721
97 95 96 46 74 94 92 #UTIL: 1009017
97 95 96 46 94 92 #UTIL: 1096091
97 95 96 73 93 72 74 94 92 #UTIL: 1170237
97 95 96 73 93 72 94 92 #UTIL: 1214680
97 95 96 73 93 74 94 92 #UTIL: 1140511
97 95 96 73 93 94 92 #UTIL: 1199709
97 95 96 73 72 74 94 92 #UTIL: 1100882
97 95 96 73 72 94 92 #UTIL: 1141284
97 95 96 73 74 94 92 #UTIL: 1087974
97 95 96 73 94 92 #UTIL: 1142285
97 95 96 93 72 74 94 92 #UTIL: 1313778
97 95 96 93 72 94 92 #UTIL: 1428455
97 95 96 93 74 94 92 #UTIL: 1297647
97 95 96 93 94 92 #UTIL: 1470013
97 95 96 72 74 94 92 #UTIL: 1238932
97 95 96 72 94 92 #UTIL: 1356804
97 95 96 74 94 92 #UTIL: 1247595
97 95 96 94 92 #UTIL: 1417071
97 95 46 73 93 72 74 94 92 #UTIL: 1183534
97 95 46 73 93 72 94 92 #UTIL: 1211139
97 95 46 73 93 74 94 92 #UTIL: 1158876
97 95 46 73 93 94 92 #UTIL: 1207485
97 95 46 73 72 74 94 92 #UTIL: 1102068
97 95 46 73 72 94 92 #UTIL: 1126304
97 95 46 73 74 94 92 #UTIL: 1076501
97 95 46 73 94 92 #UTIL: 1120055
97 95 46 93 72 74 94 92 #UTIL: 1291064
97 95 46 93 72 94 92 #UTIL: 1407810
97 95 46 93 74 94 92 #UTIL: 1264848
97 95 46 93 94 92 #UTIL: 1410916
97 95 46 72 74 94 92 #UTIL: 1204939
97 95 46 72 94 92 #UTIL: 1314229
97 95 46 74 94 92 #UTIL: 1185482
97 95 46 94 92 #UTIL: 1322755
97 95 73 93 72 74 94 92 #UTIL: 1328932
97 95 73 93 72 94 92 #UTIL: 1398903
97 95 73 93 74 94 92 #UTIL: 1312383
97 95 73 93 94 92 #UTIL: 1410160
97 95 73 72 74 94 92 #UTIL: 1269201
97 95 73 72 94 92 #UTIL: 1345367
97 95 73 74 94 92 #UTIL: 1261605
97 95 73 94 92 #UTIL: 1361828
97 95 93 72 74 94 92 #UTIL: 1516118
97 95 93 72 94 #UTIL: 1011599
97 95 93 72 94 92 #UTIL: 1716955
97 95 93 72 92 #UTIL: 1064969
97 95 93 74 94 92 #UTIL: 1510536
97 95 93 94 #UTIL: 1044308
97 95 93 94 92 #UTIL: 1819337
97 95 93 92 #UTIL: 1122528
97 95 72 74 94 92 #UTIL: 1457768
97 95 72 94 92 #UTIL: 1668745
97 95 72 92 #UTIL: 1002220
97 95 74 94 92 #UTIL: 1485421
97 95 94 92 #UTIL: 1817666
97 95 92 #UTIL: 1091530
97 96 46 73 93 72 74 94 #UTIL: 1008375
97 96 46 73 93 72 74 94 92 #UTIL: 1489280
97 96 46 73 93 72 94 #UTIL: 1014795
97 96 46 73 93 72 94 92 #UTIL: 1521519
97 96 46 73 93 74 94 92 #UTIL: 1453734
97 96 46 73 93 94 92 #UTIL: 1508932
97 96 46 73 72 74 94 92 #UTIL: 1383271
97 96 46 73 72 94 92 #UTIL: 1410579
97 96 46 73 74 94 92 #UTIL: 1344555
97 96 46 73 94 92 #UTIL: 1392911
97 96 46 93 72 74 94 #UTIL: 1089811
97 96 46 93 72 74 94 92 #UTIL: 1660327
97 96 46 93 72 74 92 #UTIL: 1013908
97 96 46 93 72 94 #UTIL: 1137896
97 96 46 93 72 94 92 #UTIL: 1766536
97 96 46 93 72 92 #UTIL: 1075272
97 96 46 93 74 94 #UTIL: 1084835
97 96 46 93 74 94 92 #UTIL: 1692518
97 96 46 93 74 92 #UTIL: 1010513
97 96 46 93 94 #UTIL: 1169152
97 96 46 93 94 92 #UTIL: 1850443
97 96 46 93 92 #UTIL: 1100072
97 96 46 72 74 94 92 #UTIL: 1554147
97 96 46 72 94 #UTIL: 1016804
97 96 46 72 94 92 #UTIL: 1649797
97 96 46 74 94 92 #UTIL: 1575113
97 96 46 94 #UTIL: 1032410
97 96 46 94 92 #UTIL: 1718054
97 96 73 93 72 74 94 #UTIL: 1140507
97 96 73 93 72 74 94 92 #UTIL: 1691948
97 96 73 93 72 74 92 #UTIL: 1037442
97 96 73 93 72 94 #UTIL: 1158698
97 96 73 93 72 94 92 #UTIL: 1745201
97 96 73 93 72 92 #UTIL: 1059513
97 96 73 93 74 94 #UTIL: 1095781
97 96 73 93 74 94 92 #UTIL: 1670054
97 96 73 93 94 #UTIL: 1144516
97 96 73 93 94 92 #UTIL: 1768428
97 96 73 93 92 #UTIL: 1044910
97 96 73 72 74 94 #UTIL: 1033792
97 96 73 72 74 94 92 #UTIL: 1588777
97 96 73 72 94 #UTIL: 1046495
97 96 73 72 94 92 #UTIL: 1636998
97 96 73 74 94 92 #UTIL: 1577732
97 96 73 94 #UTIL: 1029355
97 96 73 94 92 #UTIL: 1667278
97 96 93 72 74 94 #UTIL: 1271984
97 96 93 72 74 94 92 #UTIL: 1957508
97 96 93 72 74 92 #UTIL: 1199668
97 96 93 72 94 #UTIL: 1353515
97 96 93 72 94 92 #UTIL: 2126215
97 96 93 72 92 #UTIL: 1303572
97 96 93 74 94 #UTIL: 1276204
97 96 93 74 94 92 #UTIL: 2014416
97 96 93 74 92 #UTIL: 1209200
97 96 93 94 #UTIL: 1457177
97 96 93 94 92 #UTIL: 2328772
97 96 93 92 #UTIL: 1404926
97 96 72 74 94 #UTIL: 1155588
97 96 72 74 94 92 #UTIL: 1849009
97 96 72 74 92 #UTIL: 1083677
97 96 72 94 #UTIL: 1227241
97 96 72 94 92 #UTIL: 2013156
97 96 72 92 #UTIL: 1178376
97 96 74 94 #UTIL: 1160928
97 96 74 94 92 #UTIL: 1923644
97 96 74 92 #UTIL: 1100324
97 96 94 #UTIL: 1329133
97 96 94 92 #UTIL: 2234382
97 96 92 #UTIL: 1283275
97 46 73 93 72 74 94 #UTIL: 1142504
97 46 73 93 72 74 94 92 #UTIL: 1766923
97 46 73 93 72 74 92 #UTIL: 1058961
97 46 73 93 72 94 #UTIL: 1160651
97 46 73 93 72 94 92 #UTIL: 1819652
97 46 73 93 72 92 #UTIL: 1076478
97 46 73 93 74 94 #UTIL: 1123175
97 46 73 93 74 94 92 #UTIL: 1786539
97 46 73 93 74 92 #UTIL: 1039087
97 46 73 93 94 #UTIL: 1165156
97 46 73 93 94 92 #UTIL: 1875368
97 46 73 93 92 #UTIL: 1073533
97 46 73 72 74 94 #UTIL: 1014178
97 46 73 72 74 94 92 #UTIL: 1640836
97 46 73 72 94 #UTIL: 1021777
97 46 73 72 94 92 #UTIL: 1683017
97 46 73 74 94 92 #UTIL: 1651802
97 46 73 94 #UTIL: 1017186
97 46 73 94 92 #UTIL: 1732892
97 46 93 72 74 94 #UTIL: 1232601
97 46 93 72 74 94 92 #UTIL: 1966636
97 46 93 72 74 92 #UTIL: 1172141
97 46 93 72 94 #UTIL: 1316268
97 46 93 72 94 92 #UTIL: 2145015
97 46 93 72 92 #UTIL: 1273899
97 46 93 74 94 #UTIL: 1272545
97 46 93 74 94 92 #UTIL: 2081079
97 46 93 74 92 #UTIL: 1209705
97 46 93 94 #UTIL: 1434039
97 46 93 94 92 #UTIL: 2374940
97 46 93 92 #UTIL: 1376109
97 46 72 74 94 #UTIL: 1097275
97 46 72 74 94 92 #UTIL: 1837902
97 46 72 74 92 #UTIL: 1040601
97 46 72 94 #UTIL: 1163797
97 46 72 94 92 #UTIL: 1999909
97 46 72 92 #UTIL: 1125301
97 46 74 94 #UTIL: 1120763
97 46 74 94 92 #UTIL: 1940437
97 46 74 92 #UTIL: 1063754
97 46 94 #UTIL: 1261864
97 46 94 92 #UTIL: 2220046
97 46 92 #UTIL: 1208379
97 73 93 72 74 94 #UTIL: 1293267
97 73 93 72 74 94 92 #UTIL: 2031514
97 73 93 72 74 92 #UTIL: 1212775
97 73 93 72 94 #UTIL: 1343582
97 73 93 72 94 92 #UTIL: 2145708
97 73 93 72 92 #UTIL: 1268156
97 73 93 74 94 #UTIL: 1285826
97 73 93 74 94 92 #UTIL: 2079342
97 73 93 74 92 #UTIL: 1206863
97 73 93 94 #UTIL: 1387180
97 73 93 94 92 #UTIL: 2268475
97 73 93 92 #UTIL: 1303234
97 73 72 74 94 #UTIL: 1179450
97 73 72 74 94 92 #UTIL: 1936748
97 73 72 74 92 #UTIL: 1101232
97 73 72 94 #UTIL: 1220714
97 73 72 94 92 #UTIL: 2048021
97 73 72 92 #UTIL: 1149363
97 73 74 94 #UTIL: 1160145
97 73 74 94 92 #UTIL: 1986816
97 73 74 92 #UTIL: 1089594
97 73 94 #UTIL: 1245894
97 73 94 92 #UTIL: 2169645
97 73 92 #UTIL: 1172435
97 93 72 74 94 #UTIL: 1461946
97 93 72 74 94 92 #UTIL: 2373533
97 93 72 74 92 #UTIL: 1409819
97 93 72 94 #UTIL: 1622690
97 93 72 94 92 #UTIL: 2692833
97 93 72 92 #UTIL: 1600716
97 93 74 94 #UTIL: 1526905
97 93 74 94 92 #UTIL: 2550895
97 93 74 92 #UTIL: 1484022
97 93 94 #UTIL: 1877455
97 93 94 92 #UTIL: 3159641
97 93 92 #UTIL: 1855855
97 72 74 94 #UTIL: 1341495
97 72 74 94 92 #UTIL: 2291460
97 72 74 92 #UTIL: 1302556
97 72 94 #UTIL: 1484549
97 72 94 92 #UTIL: 2607932
97 72 92 #UTIL: 1481809
97 74 94 #UTIL: 1401191
97 74 94 92 #UTIL: 2499035
97 74 92 #UTIL: 1386965
97 94 #UTIL: 1735635
97 94 92 #UTIL: 3127461
97 92 #UTIL: 1765923
95 96 46 73 93 72 74 94 92 #UTIL: 1228704
95 96 46 73 93 72 94 92 #UTIL: 1271704
95 96 46 73 93 74 94 92 #UTIL: 1225734
95 96 46 73 93 94 92 #UTIL: 1293280
95 96 46 73 72 74 94 92 #UTIL: 1151618
95 96 46 73 72 94 92 #UTIL: 1193740
95 96 46 73 74 94 92 #UTIL: 1145382
95 96 46 73 94 92 #UTIL: 1210228
95 96 46 93 72 74 94 92 #UTIL: 1315894
95 96 46 93 72 94 92 #UTIL: 1415901
95 96 46 93 74 94 92 #UTIL: 1321709
95 96 46 93 94 92 #UTIL: 1443908
95 96 46 72 74 94 92 #UTIL: 1234395
95 96 46 72 94 92 #UTIL: 1335691
95 96 46 74 94 92 #UTIL: 1235908
95 96 46 94 92 #UTIL: 1362218
95 96 73 93 72 74 94 92 #UTIL: 1379981
95 96 73 93 72 94 92 #UTIL: 1429714
95 96 73 93 74 94 92 #UTIL: 1387238
95 96 73 93 94 92 #UTIL: 1478624
95 96 73 72 74 94 92 #UTIL: 1310695
95 96 73 72 94 92 #UTIL: 1358525
95 96 73 74 94 92 #UTIL: 1327724
95 96 73 94 92 #UTIL: 1414020
95 96 93 72 74 94 92 #UTIL: 1540845
95 96 93 72 94 92 #UTIL: 1669358
95 96 93 72 92 #UTIL: 1018337
95 96 93 74 94 92 #UTIL: 1582359
95 96 93 94 #UTIL: 1039413
95 96 93 94 92 #UTIL: 1798670
95 96 93 92 #UTIL: 1081606
95 96 72 74 94 92 #UTIL: 1468942
95 96 72 94 92 #UTIL: 1606420
95 96 74 94 92 #UTIL: 1525786
95 96 94 92 #UTIL: 1751845
95 96 92 #UTIL: 1011250
95 46 73 93 72 74 94 92 #UTIL: 1512424
95 46 73 93 72 94 92 #UTIL: 1552748
95 46 73 93 74 94 92 #UTIL: 1551487
95 46 73 93 94 92 #UTIL: 1655800
95 46 73 72 74 94 92 #UTIL: 1427341
95 46 73 72 94 92 #UTIL: 1468513
95 46 73 74 94 92 #UTIL: 1466205
95 46 73 94 92 #UTIL: 1595506
95 46 93 72 74 94 92 #UTIL: 1670491
95 46 93 72 74 92 #UTIL: 1010198
95 46 93 72 94 #UTIL: 1022428
95 46 93 72 94 92 #UTIL: 1816370
95 46 93 72 92 #UTIL: 1088286
95 46 93 74 94 #UTIL: 1006666
95 46 93 74 94 92 #UTIL: 1793462
95 46 93 74 92 #UTIL: 1056104
95 46 93 94 #UTIL: 1112723
95 46 93 94 92 #UTIL: 2038074
95 46 93 92 #UTIL: 1190781
95 46 72 74 94 92 #UTIL: 1600064
95 46 72 94 92 #UTIL: 1794433
95 46 72 92 #UTIL: 1042626
95 46 74 94 92 #UTIL: 1729242
95 46 94 #UTIL: 1032520
95 46 94 92 #UTIL: 2056452
95 46 92 #UTIL: 1167513
95 73 93 72 74 94 #UTIL: 1007481
95 73 93 72 74 94 92 #UTIL: 1724516
95 73 93 72 74 92 #UTIL: 1047977
95 73 93 72 94 #UTIL: 1030042
95 73 93 72 94 92 #UTIL: 1805213
95 73 93 72 92 #UTIL: 1080282
95 73 93 74 94 #UTIL: 1007346
95 73 93 74 94 92 #UTIL: 1792398
95 73 93 74 92 #UTIL: 1060086
95 73 93 94 #UTIL: 1086900
95 73 93 94 92 #UTIL: 1978659
95 73 93 92 #UTIL: 1153445
95 73 72 74 94 92 #UTIL: 1681829
95 73 72 94 92 #UTIL: 1770654
95 73 72 92 #UTIL: 1023560
95 73 74 94 92 #UTIL: 1758461
95 73 94 #UTIL: 1011389
95 73 94 92 #UTIL: 1988624
95 73 92 #UTIL: 1119053
95 93 72 74 94 #UTIL: 1119307
95 93 72 74 94 92 #UTIL: 1979248
95 93 72 74 92 #UTIL: 1203693
95 93 72 94 #UTIL: 1207524
95 93 72 94 92 #UTIL: 2208845
95 93 72 92 #UTIL: 1331995
95 93 74 94 #UTIL: 1193745
95 93 74 94 92 #UTIL: 2194765
95 93 74 92 #UTIL: 1302949
95 93 94 #UTIL: 1418587
95 93 94 92 #UTIL: 2682450
95 93 92 #UTIL: 1597740
95 72 74 94 #UTIL: 1053171
95 72 74 94 92 #UTIL: 1966122
95 72 74 92 #UTIL: 1160159
95 72 94 #UTIL: 1154400
95 72 94 92 #UTIL: 2267174
95 72 92 #UTIL: 1342801
95 74 94 #UTIL: 1123393
95 74 94 92 #UTIL: 2229805
95 74 92 #UTIL: 1286006
95 94 #UTIL: 1386630
95 94 92 #UTIL: 2879002
95 92 #UTIL: 1697795
96 46 73 93 72 74 94 #UTIL: 1208027
96 46 73 93 72 74 94 92 #UTIL: 1858689
96 46 73 93 72 74 92 #UTIL: 1116358
96 46 73 93 72 94 #UTIL: 1211343
96 46 73 93 72 94 92 #UTIL: 1905783
96 46 73 93 72 92 #UTIL: 1127257
96 46 73 93 74 94 #UTIL: 1236717
96 46 73 93 74 94 92 #UTIL: 1948475
96 46 73 93 74 92 #UTIL: 1132607
96 46 73 93 94 #UTIL: 1287437
96 46 73 93 94 92 #UTIL: 2067451
96 46 73 93 92 #UTIL: 1180801
96 46 73 72 74 94 #UTIL: 1082164
96 46 73 72 74 94 92 #UTIL: 1737803
96 46 73 72 94 #UTIL: 1083443
96 46 73 72 94 92 #UTIL: 1785791
96 46 73 74 94 #UTIL: 1096050
96 46 73 74 94 92 #UTIL: 1815460
96 46 73 94 #UTIL: 1139636
96 46 73 94 92 #UTIL: 1932320
96 46 73 92 #UTIL: 1029434
96 46 93 72 74 94 #UTIL: 1317109
96 46 93 72 74 94 92 #UTIL: 2086243
96 46 93 72 74 92 #UTIL: 1242039
96 46 93 72 94 #UTIL: 1370159
96 46 93 72 94 92 #UTIL: 2223637
96 46 93 72 92 #UTIL: 1309551
96 46 93 74 94 #UTIL: 1402252
96 46 93 74 94 92 #UTIL: 2261501
96 46 93 74 92 #UTIL: 1307567
96 46 93 94 #UTIL: 1549586
96 46 93 94 92 #UTIL: 2536602
96 46 93 92 #UTIL: 1445155
96 46 72 74 94 #UTIL: 1185116
96 46 72 74 94 92 #UTIL: 1960772
96 46 72 74 92 #UTIL: 1107071
96 46 72 94 #UTIL: 1234951
96 46 72 94 92 #UTIL: 2103923
96 46 72 92 #UTIL: 1173918
96 46 74 94 #UTIL: 1244270
96 46 74 94 92 #UTIL: 2115056
96 46 74 92 #UTIL: 1147440
96 46 94 #UTIL: 1378474
96 46 94 92 #UTIL: 2390378
96 46 92 #UTIL: 1274527
96 73 93 72 74 94 #UTIL: 1375633
96 73 93 72 74 94 92 #UTIL: 2120975
96 73 93 72 74 92 #UTIL: 1272768
96 73 93 72 94 #UTIL: 1399109
96 73 93 72 94 92 #UTIL: 2202429
96 73 93 72 92 #UTIL: 1300120
96 73 93 74 94 #UTIL: 1411768
96 73 93 74 94 92 #UTIL: 2231657
96 73 93 74 92 #UTIL: 1291979
96 73 93 94 #UTIL: 1502982
96 73 93 94 92 #UTIL: 2421967
96 73 93 92 #UTIL: 1380978
96 73 72 74 94 #UTIL: 1250637
96 73 72 74 94 92 #UTIL: 2002994
96 73 72 74 92 #UTIL: 1139391
96 73 72 94 #UTIL: 1272166
96 73 72 94 92 #UTIL: 2090765
96 73 72 92 #UTIL: 1164182
96 73 74 94 #UTIL: 1268822
96 73 74 94 92 #UTIL: 2112761
96 73 74 92 #UTIL: 1148169
96 73 94 #UTIL: 1353445
96 73 94 92 #UTIL: 2309129
96 73 92 #UTIL: 1227594
96 93 72 74 94 #UTIL: 1540919
96 93 72 74 94 92 #UTIL: 2463842
96 93 72 74 92 #UTIL: 1468772
96 93 72 94 #UTIL: 1641358
96 93 72 94 92 #UTIL: 2683285
96 93 72 92 #UTIL: 1583524
96 93 74 94 #UTIL: 1653602
96 93 74 94 92 #UTIL: 2701625
96 93 74 92 #UTIL: 1563737
96 93 94 #UTIL: 1956325
96 93 94 92 #UTIL: 3224372
96 93 92 #UTIL: 1852887
96 72 74 94 #UTIL: 1413812
96 72 74 94 92 #UTIL: 2352477
96 72 74 92 #UTIL: 1331499
96 72 94 #UTIL: 1512154
96 72 94 92 #UTIL: 2586613
96 72 92 #UTIL: 1446248
96 74 94 #UTIL: 1511531
96 74 94 92 #UTIL: 2604321
96 74 92 #UTIL: 1417347
96 94 #UTIL: 1799742
96 94 92 #UTIL: 3151259
96 92 #UTIL: 1697967
46 73 93 72 74 94 #UTIL: 1442810
46 73 93 72 74 94 92 #UTIL: 2358459
46 73 93 72 74 92 #UTIL: 1368926
46 73 93 72 94 #UTIL: 1473267
46 73 93 72 94 92 #UTIL: 2460143
46 73 93 72 92 #UTIL: 1400730
46 73 93 74 94 #UTIL: 1533839
46 73 93 74 94 92 #UTIL: 2573780
46 73 93 74 92 #UTIL: 1433845
46 73 93 94 #UTIL: 1680656
46 73 93 94 92 #UTIL: 2856901
46 73 93 92 #UTIL: 1552753
46 73 72 74 94 #UTIL: 1324092
46 73 72 74 94 92 #UTIL: 2258366
46 73 72 74 92 #UTIL: 1250879
46 73 72 94 #UTIL: 1336614
46 73 72 94 92 #UTIL: 2347203
46 73 72 92 #UTIL: 1265593
46 73 74 94 #UTIL: 1366375
46 73 74 94 92 #UTIL: 2436983
46 73 74 92 #UTIL: 1266482
46 73 94 #UTIL: 1498303
46 73 94 92 #UTIL: 2746742
46 73 92 #UTIL: 1384532
46 93 72 74 94 #UTIL: 1576725
46 93 72 74 94 92 #UTIL: 2658711
46 93 72 74 92 #UTIL: 1530226
46 93 72 94 #UTIL: 1690268
46 93 72 94 92 #UTIL: 2931861
46 93 72 92 #UTIL: 1664535
46 93 74 94 #UTIL: 1788660
46 93 74 94 92 #UTIL: 3077801
46 93 74 92 #UTIL: 1698028
46 93 94 #UTIL: 2193627
46 93 94 92 #UTIL: 3808400
46 93 92 #UTIL: 2056760
46 72 74 94 #UTIL: 1457519
46 72 74 94 92 #UTIL: 2581305
46 72 74 92 #UTIL: 1417820
46 72 94 #UTIL: 1566417
46 72 94 92 #UTIL: 2907680
46 72 92 #UTIL: 1577335
46 74 94 #UTIL: 1616909
46 74 94 92 #UTIL: 2988216
46 74 92 #UTIL: 1540518
46 94 #UTIL: 2007206
46 94 92 #UTIL: 3821080
46 92 #UTIL: 1926141
73 93 72 74 94 #UTIL: 1684410
73 93 72 74 94 92 #UTIL: 2786991
73 93 72 74 92 #UTIL: 1614778
73 93 72 94 #UTIL: 1770718
73 93 72 94 92 #UTIL: 2989927
73 93 72 92 #UTIL: 1696898
73 93 74 94 #UTIL: 1805884
73 93 74 94 92 #UTIL: 3088647
73 93 74 92 #UTIL: 1711220
73 93 94 #UTIL: 2067647
73 93 94 92 #UTIL: 3573751
73 93 92 #UTIL: 1933301
73 72 74 94 #UTIL: 1583049
73 72 74 94 92 #UTIL: 2731756
73 72 74 92 #UTIL: 1514082
73 72 94 #UTIL: 1650069
73 72 94 92 #UTIL: 2937964
73 72 92 #UTIL: 1582601
73 74 94 #UTIL: 1642097
73 74 94 92 #UTIL: 3017737
73 74 92 #UTIL: 1562864
73 94 #UTIL: 1886680
73 94 92 #UTIL: 3567206
73 92 #UTIL: 1787659
93 72 74 94 #UTIL: 1915123
93 72 74 94 92 #UTIL: 3277307
93 72 74 92 #UTIL: 1883804
93 72 94 #UTIL: 2169644
93 72 94 92 #UTIL: 3796406
93 72 92 #UTIL: 2147387
93 74 94 #UTIL: 2235389
93 74 94 92 #UTIL: 3949132
93 74 92 #UTIL: 2177377
93 94 #UTIL: 3089301
93 94 92 #UTIL: 5435165
93 92 #UTIL: 2938687
72 74 94 #UTIL: 1827544
72 74 94 92 #UTIL: 3306602
72 74 92 #UTIL: 1826606
72 94 #UTIL: 2064561
72 94 92 #UTIL: 3903126
72 92 #UTIL: 2121815
74 94 #UTIL: 2099443
74 94 92 #UTIL: 4053907
74 92 #UTIL: 2108165
94 #UTIL: 2952000
94 92 #UTIL: 5825849
92 #UTIL: 2985857
