@CONVERTED_FROM_TEXT
@ITEM=1=APARTAMENTO_P3_FALSE
@ITEM=2=APARTAMENTO_P2_FALSE
@ITEM=3=APARTAMENTO_P1_TRUE
@ITEM=4=APARTAMENTO_P1_FALSE
@ITEM=5=APARTAMENTO_P4_FALSE
@ITEM=6=APARTAMENTO_P3_TRUE
@ITEM=7=APARTAMENTO_P2_TRUE
@ITEM=8=APARTAMENTO_P4_TRUE
@ITEM=9=APARTAMENTO_P5_FALSE
@ITEM=10=APARTAMENTO_P5_TRUE
@ITEM=11=APARTAMENTO COM OCUPACAO NAO RESIDENCIAL_P2_FALSE
@ITEM=12=APARTAMENTO COM OCUPACAO NAO RESIDENCIAL_P3_FALSE
@ITEM=13=APARTAMENTO COM OCUPACAO NAO RESIDENCIAL_P4_FALSE
@ITEM=14=APARTAMENTO COM OCUPACAO NAO RESIDENCIAL_P2_TRUE
@ITEM=15=APARTAMENTO COM OCUPACAO NAO RESIDENCIAL_P4_TRUE
@ITEM=16=APARTAMENTO COM OCUPACAO NAO RESIDENCIAL_P3_TRUE
@ITEM=17=APARTAMENTO COM OCUPACAO NAO RESIDENCIAL_P1_FALSE
@ITEM=18=APARTAMENTO COM OCUPACAO NAO RESIDENCIAL_P5_FALSE
@ITEM=19=BARRACAO_P2_FALSE
@ITEM=20=BARRACAO_P3_FALSE
@ITEM=21=BARRACAO_P1_FALSE
@ITEM=22=BARRACAO_P3_TRUE
@ITEM=23=BARRACAO_P2_TRUE
@ITEM=24=BARRACAO_P1_TRUE
@ITEM=25=BARRACAO_P4_FALSE
@ITEM=26=BARRACAO COM OCUPACAO NAO RESIDENCIAL_P1_FALSE
@ITEM=27=BARRACAO COM OCUPACAO NAO RESIDENCIAL_P3_FALSE
@ITEM=28=BARRACAO COM OCUPACAO NAO RESIDENCIAL_P2_FALSE
@ITEM=29=BARRACAO COM OCUPACAO NAO RESIDENCIAL_P2_TRUE
@ITEM=30=BARRACAO COM OCUPACAO NAO RESIDENCIAL_P1_TRUE
@ITEM=31=BARRACAO COM OCUPACAO NAO RESIDENCIAL_P3_TRUE
@ITEM=32=CASA_P3_FALSE
@ITEM=33=CASA_P1_FALSE
@ITEM=34=CASA_P2_FALSE
@ITEM=35=CASA_P4_FALSE
@ITEM=36=CASA_P2_TRUE
@ITEM=37=CASA_P3_TRUE
@ITEM=38=CASA_P1_TRUE
@ITEM=39=CASA_P5_FALSE
@ITEM=40=CASA_P4_TRUE
@ITEM=41=CASA_P5_TRUE
@ITEM=42=CASA COM OCUPACAO NAO RESIDENCIAL_P2_FALSE
@ITEM=43=CASA COM OCUPACAO NAO RESIDENCIAL_P1_FALSE
@ITEM=44=CASA COM OCUPACAO NAO RESIDENCIAL_P3_FALSE
@ITEM=45=CASA COM OCUPACAO NAO RESIDENCIAL_P2_TRUE
@ITEM=46=CASA COM OCUPACAO NAO RESIDENCIAL_P3_TRUE
@ITEM=47=CASA COM OCUPACAO NAO RESIDENCIAL_P1_TRUE
@ITEM=48=CASA COM OCUPACAO NAO RESIDENCIAL_P4_FALSE
@ITEM=49=CASA COM OCUPACAO NAO RESIDENCIAL_P5_FALSE
@ITEM=50=CASA COM OCUPACAO NAO RESIDENCIAL_P4_TRUE
@ITEM=51=CASA COM OCUPACAO NAO RESIDENCIAL_P5_TRUE
@ITEM=52=GALPAO_P3_FALSE
@ITEM=53=GALPAO_P1_FALSE
@ITEM=54=GALPAO_P2_FALSE
@ITEM=55=GALPAO_P2_TRUE
@ITEM=56=GALPAO_P4_FALSE
@ITEM=57=GALPAO_P1_TRUE
@ITEM=58=GALPAO_P3_TRUE
@ITEM=59=GALPAO_P4_TRUE
@ITEM=60=GALPAO_P5_FALSE
@ITEM=61=LOJA_P3_FALSE
@ITEM=62=LOJA_P1_FALSE
@ITEM=63=LOJA_P2_FALSE
@ITEM=64=LOJA_P2_TRUE
@ITEM=65=LOJA_P3_TRUE
@ITEM=66=LOJA_P4_FALSE
@ITEM=67=LOJA_P1_TRUE
@ITEM=68=LOJA_P5_FALSE
@ITEM=69=LOJA_P4_TRUE
@ITEM=70=LOJA_P5_TRUE
@ITEM=71=LOTE VAGO_TE_FALSE
@ITEM=72=SALA_P4_FALSE
@ITEM=73=SALA_P3_FALSE
@ITEM=74=SALA_P2_FALSE
@ITEM=75=SALA_P3_TRUE
@ITEM=76=SALA_P2_TRUE
@ITEM=77=SALA_P4_TRUE
@ITEM=78=SALA_P5_FALSE
@ITEM=79=SALA_P1_FALSE
@ITEM=80=SALA_P5_TRUE
@ITEM=81=SALA_P1_TRUE
@ITEM=82=VAGA DE GARAGEM NAO RESIDENCIAL_P3_FALSE
@ITEM=83=VAGA DE GARAGEM NAO RESIDENCIAL_P2_FALSE
@ITEM=84=VAGA DE GARAGEM NAO RESIDENCIAL_P4_FALSE
@ITEM=85=VAGA DE GARAGEM NAO RESIDENCIAL_P3_TRUE
@ITEM=86=VAGA DE GARAGEM NAO RESIDENCIAL_P1_FALSE
@ITEM=87=VAGA DE GARAGEM NAO RESIDENCIAL_P2_TRUE
@ITEM=88=VAGA DE GARAGEM NAO RESIDENCIAL_P1_TRUE
@ITEM=89=VAGA DE GARAGEM NAO RESIDENCIAL_P5_FALSE
@ITEM=90=VAGA DE GARAGEM NAO RESIDENCIAL_P4_TRUE
@ITEM=91=VAGA DE GARAGEM NAO RESIDENCIAL_P5_TRUE
@ITEM=92=VAGA DE GARAGEM RESIDENCIAL_P3_FALSE
@ITEM=93=VAGA DE GARAGEM RESIDENCIAL_P4_FALSE
@ITEM=94=VAGA DE GARAGEM RESIDENCIAL_P2_FALSE
@ITEM=95=VAGA DE GARAGEM RESIDENCIAL_P1_FALSE
@ITEM=96=VAGA DE GARAGEM RESIDENCIAL_P3_TRUE
@ITEM=97=VAGA DE GARAGEM RESIDENCIAL_P2_TRUE
@ITEM=98=VAGA DE GARAGEM RESIDENCIAL_P4_TRUE
@ITEM=99=VAGA DE GARAGEM RESIDENCIAL_P5_TRUE
@ITEM=100=VAGA DE GARAGEM RESIDENCIAL_P5_FALSE
@ITEM=101=VAGA DE GARAGEM RESIDENCIAL_P1_TRUE
@ITEM=102=APARTAMENTO
@ITEM=103=BARRACAO
@ITEM=104=CASA
@ITEM=105=GALPAO
@ITEM=106=LOJA
@ITEM=107=SALA
@ITEM=108=VAGA DE GARAGEM
33 34 71 20 32 62 63 37 52 21 61 64
84 1 34 61 74 64 52 62 7 63 69 73 71 33 36 75 66 58 67 65 72 6 32 76
64 66 71 52 2 76 7 63 65
61 85 66 84 52 63 2 72 75 34 62 44 58 67 54 68 65 64 77 32
71 69
73 82 66 75
72 84 66
65
7 61 2 63
32
54
1 61 93 5 32 63 8 34 66 19 54 36 65 71 6 21 35
1 61 34 77 5 32 8 92 20 93 62 6 64 44 35 71 69 33 2 21 66 98 54 42 3 19 7 37
1 34 55 32 62 71 65 19 42 54 63 52 53 56 6
1 5 33 54 32 61 55 52 37 24 56 63 69
1 21 61 63 34 5 69 35 32 6 52 53 65 38 62 36 2 55 75 44 54 66 42 19 71 46 64
35 32 34 1 5 37 2 36 6 56
2 32 62 1 34 40 20 33 6 19 61
1 34 32 63 71 7 53 36 33 35 54 21 19
1 2 34 6 32 61 35 38
37
33 32 34 1 6 37 71
71 34 33
1 63 34 32 71 5 37 2 62 7 54 52 56 19 6 61
73 61 2 75 32 63
71 32 42 61
5 63 71 68 54
34 63 32 37 62
71
71
78 71 89 63 21 80 70 68 52 56 3 64 54
64 65 52 68
58
63 83 1 61 62 4 5 74 53 52 33 7 2 21 71 34 19 64 32 36 54 66 65 23 55 42 75 56 67 57 85
1 32 5 61 34 52 42 98 53 66 54 75 35 8
63 32 1 62 61 53 34 2 44 19 71 35 28 54 42 76 56
1 34 32 37
1 32 34
1 5 4 32 35 34 61 2 36 62 33 63 6
34 66 54
1 32 34 71 62 61
1 34 61 62 2 7 54 53 71 19 32 44 36 20
32 34 4 67 63 53 62 2 35
54 32 19 71 33 45 34 53 20
2 53 54 34
1 2 61 32 34 62 53 44 54 55 19 63 35 20 21 67 33 6 65 42 71 3 66
63 1 34 33 37 52 71 32 19 67
34 71 52 1 32 20
34 32 1 71 44 63 19 92 33 23 36 35 20 62 65
1 2 34 61 54 32 63 53
1 61 62 54 34 23 74 20 57 2 33 63 52 69 19 7 32 56 71 64 44 59 37 26 53 21 87 66 65 36
32 1 2 54 65 34 71 62 63 4 5 3 61 40 28 33
1 2 71 34 32 7 36 6 37 35 33 19 23 40 20 61 42 53 54
63 32 34 53 52 2 20 35 33
1 32 34 2 35 63 64 21 19
32 1 34 2 53 54 61 57
32 35 63 34 61 62 6 3
32 20 33 71 62 34 35 42 63 36 19 37 61
34 21 36 32 20 35 62 33 37 19 23 24
34 32 33 36
63 20 34 62 21 32 19 39 35 37 71
34 21 24 32 36 20 38 63 67
34 33 32 71 21 24 61 63 37 62 36 19
34 33 32 53
32 34 23 71 33
33 61 32 54 71 34 8
21 32 34 71
34 33 71 32 43 62 37 21
32 1 34 33 53 39 7 35
32 20 33 34 35 37 19 71 21 62 65 36
33 21 34 19 71 32 36 37
34 71 20 33 32 19 21
34 32 71 19 62 61
1 19 32 21 61 34 33 71 20 53 24
34 20 32 37 61
6 34 63 32
1 53 32 63 34 61 62 37 42 19 35 44 67 75 33 65 54
34 20 55 54 32
67 52 32 54 34 61 63
62 5 6 34 65 61 32 53 35 71 21 63 54 19 1 42 55 66 3 20
32 34 24 63 1 30 67 5 71 62 54 20 19 6 35 52 65 33 44 53 26
32 1 34 35 61 62 54 71 33
34 32 36 21 38 33
32 34 61
20 32 34 1 71 62 33 19 35 64
34 19 32 35 20 21 38 53
63 62 33 34 53 54 32 37 19 65 36 64 20 31
34 33 63 37 21 32
32 35 5 71 34 20 33 21 62 19
34 1 2 33 32 35 63 20 66 61 21 19 37
21
33
34 32 56 1 63 42 35 62 7 61 21 66 28 52
62 32 61 71 34 63 35 33 21 19
1 63 37 34 32 6 42 53 36 38 35 2
34 32 1 62 20 7 63 19 61 54 35 36 33
63 34 33 62 32 20 61 19 21 53
1 32 21 34 19 61 54 5 8 35 62 33 20
62 34 63 24 61 32 33 7 28 39 21 36 65 35
34 52 32 63 1 5 20 37 24 69 35 6 33 36 54 65 61
62 34 32 71 33 21 35 36 63
32 34 33 1 2 63 62 35 7 71 54 53 44
32 62 1 35 61 34 37 27 36 33 40 20 4 63 71
1 32 7 20 34 19 62 63 33 92 21 26 35
34 32 21 1 71 33 37 19 53 63
32 34 21 33 71 37 64 67 20
34 71 32 19 36 37
32 33 71 34 52
1 34 32 35 21 71 62 61 36 20
34 32 7 71 1 2 19 52 36 33 62 53 21
33
33 34 21
34
1 32 34 61 33 6 62 20 63 21 35 37 54 7 52 71 36 56
61 1 4 34 37 21 32 62 19
34 1 5 32 19 62 35 53 52 71 63 43 20 54 36 61 37
34 32 71 33
1 53 61 33 54 32 34 63 55 38 44 19 21 35 62 74 52 71 43 20 64 36 42
1 32 20 71 34 42 6 19 92 44 67 33 63 37 35 61 58
34 71 32 33 36 63 1 54 35 42 62 19 61 21 20 37
33 21 32 34 19 61 63 35 6 71 26 20
34 32 37 1 33 35 71 21 53 61 20 6 19 42
34 32 37 36 33 21 61 35 63 53 44 74 62 65
34 21 32 19 38 33
32 52 34 1 21 53 33 62 4 36 19 44 71
34 63 37 32 21 33 36
1 32 65 34
69
71
52 61 36 19 32 56 71 26 63 34 66 53 62 65 54 29 67 68
32 71 62 1 34 21 19 63 22 20 33
32 1 34 21 44 6 35 71 54 37 42 33 64 19 66 61 2 52 62 65 20
32 62 34 1 74 61 7 71 63 36 2 44 53 67 33 37 65 35 27 6 19 42 54 52 26 66 64
73 1 61 32 63 6 7
34 33 1 20 32 19 74 35 36 92 37 54 65
35 1 32 6 34 5 33 63 19 66 56 61 62 71
32 54 1 34 35 52 63 7 19 28 71 23 39 33 61
1 34 33 32 35 63 61 36 62 53 40 37 7 20
62 34 32 63
53 34 61 71 35 19 32 42 62
5 61 71 34 32 54 58 55 65 52
32 43 34 33
54
34 61 33 32 19 27 64 2 53 7 37 67 63 71 42 20 35 52
34 63 32 71 1 37 35 53 54 20 19 42 61 88 33 62 56 6 52 44
32 35 1 19 34 61 63 42 20 33 6 53 37 62 44 65
1 32 66 34 6 54 37 35 20 39 44 27 33 52 53 19 7 71 21 62
32 34 33 19
32 1 20 44 53 34 33 54 5 61 26 35 6 28 19 43 21 62
34 32 45
32 34 33 1 35 61 97 6 2 20 21 44 62 54 42 53 64 36 40 63 71
1 33 32 6 65 34 35 61 64 37 7 63 53 54 62 20 44 71 2
63 1 61 32 66 34 21 71 19 42 37 26 53 44 35 39 4 62 23 20 33 6
34 36 1 32 63 61 33 35 6 37 28 53 19 24
32 34 1 35 61 71 63 20 21 58 55 53 33 62 54 24 6 42 52
34 32 71
1 34 32 35 33 21 62 71 6
19
1 32 34 33 35 21 19 63
32 34 19 35 20 33
71 32 34 19 65 54 33 53 66
19 34 32 61 57
35 32 34 65 71 19 67 21
34 35 36 62 32 63 19 33
32 71 34 33 36
34 44 63 1 32 2 19 61 33 62 69 71 53 35 65 67 37 36 6
32 63 43 34 71 53 1 61 54 33 19 2 6 4 35 44 21 20 62
32 34 4 53 71 63 35 61 62 2 44 33 19 7 67
34 1 32 33 87 4 2 20 35 28
32 1 34 33 35 71 62 7
71 1 34 35 32 33 62 21 42 36 6 63 44 53 19 20
32 33 34 71 2 20 1 62 63 19 44 61 35 54 53 36 28
71 4 6 34 35 32 61 2 63 33 19 27 20 62 26 44
32 2 21 34 1 4 35 61 20 62 44 63 19 42
32 34 53 33 76 62 61 1 21 19 35 54 63 52 20 42 36
32 1 34 20 52 61 33 2 63
61 62 34 32 2 65 63 54 52 1 20 19 33 21
34 32 33 19 52 53 61 62 21 71 35 24 36
34 32 62 19 2 23 33 20 61 37
34 32 19 62 21 33 22 63 53
53 34 21 33 19 32 61
32 34 63 1 62 69 61 19 53
35 34 1 33 19 32 20 63 61 44 54
34 38 32 61 20 53 63 21 54 71 36 66 19 62
34 32 20 71 21 62 61 19 33 54 24
34 71
71 32 36
65 34 21 61 32 54 26 53 33 63 56 19 42
34 61 63 32 20 54 67 33 36 62
32 34 61 43 57 20 54 63 21 33 71 36 52 35 53 44
33 19 92 34 1 55 21 20 71 32 62
34 53 32 54 21 4 37 71 7 20 33 44 1 61 23 35 19
34 61 1 71 32 44 63 35 19 33 37 62 36 21 20
32 37 34 19 63 36 62 28 20 33 52 21 35 61
32 34 76 71 61 58 64 62 63 21 35 52 53
20 34 32 36 33 35 62 42 64 54 71 7 61 2 63 53 19 65 57 23
62 32 34 42 20 61 44 28 63 1 54 33 19 35 4 21 71 37 65 36 52 53 27
34 32 20 71 35 62 61 63 33 36 43 19 37 21 53
32 34 71 63 33 6 19 61 21 20 37 54 38 62 53 65 52 35
21
34 63 71 19 36 21 33 37 32 20 62 67 53 28
71 34 33 21 19 63 37 32 62 61 20 23 67 36 7 52 53
34 21 71 33 32 61 37 63 19 53 62 36 24 87 35 64
71
71 63 62 54 61 34 33 19 21 20 38 65 24 32 67 36 42 79
33
71 34 62 33 21 32 64 23 19 67
71
33 21 34 32 19 71 20 63 37 26 61 38
71
71
71
71 65 33 62 34 44 63
2 37 71 46 32 23 34 21 19 38 20
33 62 21 71 57 34 19 38 20 42
21 34
71 63 36 34 61 32 35
19 34 21 33 63 62 71 36 32 20 37
32
34 21 71 32 19 43 55 54 33 63
32 21 71 34 61 67 53 62 54 19 33 63 3
71
19 34 32 33 20 62 24 42 21 61 63 38 7 67 71 4 65
21
34
71
71
71 34 20 21 32 26 62 61 19 37 33 65 63 66 7 67 36 54
71 32 34 54 21 33 62 63 36 19 61 35 28 37
71
32 61 34
71 33 32 19
34 33 21 71 53 32 35 19 37 62 63 28 67 36 20
71
34 62 71 32 21 19 53 61 37 40 20 33 24 1 63 26
71 19
21 71 34
71
34 32 37 62 71 33 20 35 19 21 66 42 36 61 53 54 63 65
34 32
71
35 71
34 32 33 71 35
34 71 32 33
32 34 71 33 21 63 37 35 19
34 71
32
71 34 32 38 61
33 63 32 34 71 36
71 21 53 34 32
19 34 33 35 32 53 44 71 69 61 55 54
65 32 57 53 34 33 44 52 55 71 21 19
54 33 32 34 53 62
71 34 53 57 54 33 32 67 65 19 63 37 62 61 52 24
36 67 54 34 33
71 32 34 33
34 71 37 32 33 61 62 36
71 53
37 32 34 63 62 61 19 33 67 53 35
32 34 33 71 54 53 20 36 35 62 56
33 71 37 32 34
34 24 32 67 21 33 53 62 37
20 32 34 62 61 54 36
32 34 19 33 62
37 32 71 34 61 62
34 63 32 62 35 39
34 32 21 36 37 31 33 63
38 19 34 36 37 63 71 24 62 74 32 54
1 33 63 71 21 62 34
20 32 34 62 19 21 61 33 63 71
24 37 71
71 35 33 34 37 32 19
71 37 32 62 34 61 64 46 53 54 65
71 32
71 32 35
71
67 33 71 53 32
71 32
32 71
35 71
35 33 32 1 61 54 34 36 62 19 71 69 63 20 53
32 34 71 19 20 33 21
32 35 71 34
71 32 34 35 37
33 21 71 32 35 34 36 52 38 20
32 71 38 34 37 33 19 35 61
32 35 24 38 53 20 71 34
32 54 33 35 34
71 32 34 37 35 20 38 36 33
71 32
71 21 32 63 34 35
71 19 39 35 32 69 41 44
71 61 37 19 32 20
71
71
71 40 32 35 34
71 37 20 24
1 2 71 33 34 19 21
2 33 71 101 34 36 7 64 32
34
71
2 71
71
2
71
2 71
71
2
61 21 19 34 36 32 24 71 33 42 62 53 54 63 66
62 71 41 19 33 32 65 37 26 42 36 34 54 53 63
71
53 71 33 32 34 21 37
1 71 58
21 33 34 19 32 71 62
33 34 71 21 32 61 63 62
32 64 34 33 19 62 63 71 37 21
33 71 34
36 21 33 32 34 24 63 62
33 34 21 63 19
71 32 21 19 34 33 37 36 42
32 34 71 53 33 65 36 19 37
21 62 34 33 32 53 63 54 61
34
34
33 34
33
33
71 64
71
33 19 63 71 38 34 21
71
33 34 71 21 37 54 20
33
61
65 71 36 33 32 7 38 34 21 61 63 28 62
32 71 21 34 33 36 66 37 19
63 19 32 20 34 33 36 53 62 67 64 71 21 54 37
61 34 71 36 21 63 32 33 62 19 54 37
19 33 34 21 61 62 63 32 20 71 37 38 36
33 34 37 71 36 32 21 63 62 19 61
33 32 71 34 63 62
21 33 32 71 37 34 62 19 61 38
19 34 33 62 63 21 71 35 61 65
33
33 21
21
21
71
71
71
71 33 20
54 1 33 101 5 3 32 6 39
34 1 56 6 32 33 63 92 35 19 64
32 34
1 32 63 35 34 92 61 82 42 37 5 33 7 2 8 71 36 6 74 44 19
1 5 32 61 63 34 64 92 74 57 2 7 62 44 33 65 83 66 97 54 19 67 8
1 2 32 54 34 19 6 62 44 63 42 33 36 35 56 20 21
1 32 34 61 75 67 87
7 61 84 34 1 90 2 63 66 73 19 44 71 57 37 32 52 54 67 62 69
34 42 32 20
61 74 73 32 63 34
1 92 32 62 34 56 6 67 33 5 36 58 61 42 45 71
6 32 1 7 2 19 63 34 33 61
34
33 1 71 21 67 36 32 34
1 32 71 34
5 2 34 32 33 36 71 1 20 54 19 44
1 32 34 6 35
6 32 1 34 71 63
34 32 1 64 71 63 61 2
34 1 35 92 5 32 33 2 20 64 6 8 19 42 52 44 62 61
32
61 42 2 86 1 66 7 63 35 62 32 34 54 33 36 64 52 76 19 74 6 65 75 56
2 61 1 19 34 71 69
73 32 61 34 65 42 63 20 19 21
1 33 35 32 34 38 71 37 20
2 34 32 1 63 6 35 61 21 62 7 19 71
1 61 34 35 32 44 62 53 63 54 6 19 3 20 71 21 42 33
34 71 33
34 2 32 19 62 1 37 36 33 35
71 57 54 55
5 1 32 34 35 63 92 7 6 33 61 20 62 44
1 32 34 39 44 71 19
34 37 33 6 32 1 61 19
71
96 34 7 37 32 1 61 63 35
71 63 1 34 32 37 46 33 44 35
1 32 35 63 61 34 6
63 32 61 71 34 33 44 35
54 1 34 32 20 61 63 35 71 62 21
32 1 34 37 53 71 6 33 35 61 20 19 44
32 1 35 34 61 40 44 63 20 37 2 19 71 67 92 33 53
1 42 19 61 32 35 34 53 20 64 54 37 6
34 71 1 63 32 62 21 61 36
63 34 32 19 64 1 5 6 54 55 39 8 33
1 34 32 53 92 20 5 19 21 39 6
34 32 71 37 20 33
5 32 74 61 67 54 1 34 63 20 35 33 4 62 7 36 6 42 71 64
34 32 1 5 2 35 6 33 20 62 36 42 21
34 1 33 19 6 7 32
1 32 34 2 5 20 62 6 63 36 35 33 39 21
32 34 7 1 42 28 62 6 37 71 35 44 19 53 54
34 6 32 63 35
1 32 2 34 62 61 65 63 4 75 67 35
1 32 35 53 34 33 6 5 42 64 21 54 65
34 1 32 61 21 19
72 90 63 61 71
66 34 63
67 34 54 63 71 37 21 32 20
20
2 61 32 63 34 1 52 56 62 42 69 65 64 71 19 66 67 53
2 61 62
32 61 34 67 28
2 1 87 63 61 32 7 34 54 42 64 52 67 62 53 3 45
33 92 1 5 4 32 36 71 85 34
1 44 66 63 2 34 32 35 61 42 37
1 32 34 2 61 44 35 36 52 19
61 34 2 32 66 72 64
32 1 54 34 61
63 1 54 34 21 42 61 32 65 64 44 69 71
32 1 61 65 52 34 42
1 32 61 42 34 19 54 66
32 1 35 34 33 20 42 37
32 1 53 5 92 71 34 62 35 63
1 71 32 34 37 36 33 20 64 6 62 35
1 62 65 54
34 35 19 1 6 4 32 20 44
63 1 34 61 53 62 42 32 6 76 44 33 66 2 71 3 54
1 92 62 32 35 34 2 20 6
1 32 65 62 34 63 2 6 64 36 37 61 20 67 35 19 52 5 42 21 44 7 33 71 69
1 32 2 34 71 7 33 62
32 50 34 71 33 35 1 37 42
34 32 42 6
32 1 43 34 71
1 94 2 66 61 43 57 64 34 56 32 65 54 44
61 2 32 65 1 5 34 55 33 53 71
73 54 32 34 63 33 61
71 34 1 5 6 32 4 42 53 28 3
2 73 61 97 82 1 63 54 66 62 71 94 6 55 65 7 34 3
1 32 19 63 62 57 66 34 61 87 54
1 66 32 34
77 34 66 35 32 2 71 68 62
66 1 32 64 7 61 34 63 71 53 2
54 34
65 32 44 34 1 2 7 64 61 52 63
61 34 54 2 1 94 63 36 62 32 4 52 56 45 33 66 20 64 7
4 1 32 34 35
1 34 32 35 64 44
63 61 2 52 34 69 19 73 44 64 54 71 32 7 62
82 33 1 34 6 44 32 7 35 2 42
63 62 1 6 34 32 2 42 35
54 1 95 34 2 71 5 35 19 6 7 65 66 32
32 1 62 34 20 19 63 53
19 2 34 65 61 73 62 76 92 54 66 63 52 3 7 36
5 98 62 6 8 32 2 34 93 1 92 42 35 61 36
4 34 32 63
61 34 2 64 62 1 63 54 66 32 43 7 20 65 6 75 21 53 36 33 42 35 44 19 52
44 34 35 32 19 63 20
34 5 32 1 44 61 63 33 35 53 58 79 69 62 21
32 20 44 65 66 2 42 34 61 19 74
63 32 44 61 39 34 48 37
32 44 35 34 1
7 1 61 62 35 2 32 34 42 71 63
2 32 1 34
33 34 32 44 62
32 1 34 61 19 6 44 42 54
63 1 2 32 19 34 35 7 21 5 71 6 61 37 67 64 44 42 62 36 97
1 34 5 32 61 6 71 35 67 37
1 34 6 32 2 5 7 61 35 33 54 48 63
5 37 2 1 34 32 6 7 71 35 42 66
1 5 63 8 92 42 34 32 6 55
32 35 1 53 34 67 37 65 36
1 34 32 33 6 35
32 34 63 2 61 19 35 62 7
5 34 32 42 71
66 6 1 64 63 32 34 61 54
19 71
56 61 63 32 20 33 34 66 64 54 44 65
63 32 54 71 34
1 34 2 5 54 44 65 63 32 62 61 52 42 53 69 74 33 71 8 66 3 19 56 4 64 58 92 6 93 20 37 35 21 55 45
2 5 34 1 32 37 27 65
1 54 92 2 66 61 88 6 35 34 33 62 71 63 76 38 32
65 62 66 34 61 63 45 2 52 54 32 53 67 56 69 64
20 32 19 37 54 34 71 61 63
1 2 32 34 38 35 63
1 2 32 34 35 52 19
34 62 32 4 33 2 1 65 36
33
54 62 2 34 33 61 52 21 20 28 55 69 63 32
33 34 20 36 62 19 57 42 69 32 56
54 61 21 19 53 34 32 62 4
5 1 6 35 34 32 61 20 62 52
7 1 21 32 34 61 33 37 53 19
61 1 2 6 19 32 7 34 54 52 44 56 42
34 63 6 74 1 35 32 67 19 33 62 61
1 34 32 37 35 20 6 65 54 36
1 5 34 42 32 35 6 33 84 90 21 7 71 2 63
61 44 62 66 2 63 34 42 65 55 75 64 74 67 85 52 71 7
34 1 61 32 36 2 6 42 37 63 64 35 19
1 8 32 5 34 7 54 71 93 35 19 63 61
5 1 32 42 35 34 2 4 7 6 63 8 20 53 61
5 34 1 32 2 67 35 36 61 71 42 63 52
1 32 2 5 71 62 34 33 43 65 35 61
1 32 6 66 35 92 5 34 71 44 7 63 36
1 2 32 34 42 37 62 33 71 35 19 39 56 65 63
2 1 34 32 71 35 61 44 6
32 1 2 34 35
1 2 34 32 63 64 66
61 1 6 34 5 32 62 33 63 35 86 64 4 2 8 39 44 3 65
32 1 34 62 61 65 73 63 6 35 19 33 43 54 71 52 42 2 7 20
1 2 5 32 93 34 4 6 33 35 61 20 71 37 21 63 19 44 3 62
34
32
1 34 32 54 63
62 32 34 61 33 52 35
34 2 32
34
34 32 1 5 62 6 35 37 64 61 7 20 63 21 42 8
1 32 35 6 63 34 33 62 19 37 28 66 20 8
42
32 61 77 62 63
1 2 32 61 34
34 1 40 32 54 7 61 63
34 1 32 19 54 33 62
32 34 43 62 19 33 42 61
71 32 34 66 2 35 63 62 61
2 32 1 61 34 35 63 42 7 6 65 71 62 20 33
34
1 34 36 32 61 20 66 21 33 35
71 33 32 1 6 34 35 19 36 62 63 21 37
1 63 34 33 36 32 20 43
35 1 32 28 34 61 63 7 2 36 19 52 6 5 62 53 33 44 37 43 26 54 71 64 3
61 74 71 62 1 34 54 26 32 21 66 33 65 2 44 67 56 75 19 52 63 53 43 36 64
19 32 34 33
32 1 61 63 33 34 19
1 34 36 62 32 33 20 53 54
1 33 32 34 6 62
32 1 62 61 34 21 33 2 6 52 53 71 35 64 42
1 32 34 61 5 2 63 6 71 33 93 7 37 53 19 39
1 33 65 32 5 35 75 42 34 61 2 71 6 8 54 36 19 63 43
1 3 5 32 6 44 65 85 63 36 71 42 75 34 35 62
63 34 32 28 19 33 61 35 7
1 34 32 36 33 63 6 35 62 54 92 44 21 42
1 5 54 34 33 32 2 6 37 71 44 35 19 62 53
34 1 6 32 2 5 71 62 33 19 63 35 37 65 61 20 67 27
1 5 42 61 34 66 62 54 21 37 2 32 6 53 67 64 35 24 33 63 71 57 19
1 44 67 34 32 52 71 54 56
2 1 6 32 71 34 35 63 5 52 7 62 42 54 20 53 61
1 34 6 32 65 2 19 53 35
73 82 68 66 61 32 63 71
5 1 20 61 53 66 32 33 34 54
67 71 42 66 55 61 72 63 74 65 58 34 69 54 64 56 44
33 36 32 34 20 53 37 62 6 38
34 32 19 33 20
6 34
19 53 71 34 33 20 57 63 21 54 62
75 61 54 34 33 56 63 20 85
83 34 64
34 33
34 33 32 21
35 1 33 5 32 61 34 8 42 52 56
32 34 20 63 33
34 33 32 1 61 54
1 35 34 2 32 61 33 19 53 63 71 65
32 71 34 33 19 20 42 21 74 62 61
34 32
34 54 32 19 33 36 63
1 32 2 62 34 19 6 5 33 4 61 35 28
32 34
1 62 34 32 24 63 71 61
34 32 33
34 33 19 32 20
34 32
33 34 62 2 32 37 19 36
2 34 19 32 63 36 61 62 33 21
34 62 36 32 33 19
34
34 32 33
34 32 19 33 44 21 35
63
32 34 33 62 21 54 19 63 35 66 36 2 61 7 77 37 28 44 74 76 20 67 42 27 68 71
34 32 36 33
32 34 19
1 34 32 40
36 20 34 61 63 32 64 37
2
2
2
2
34 32 33 21
34 35
34 32 21 33
20 34 33 21 19
32 34
33 34 19 32 20
34 54 44 2 32 33 36
20 34 32 19 33 21
34 19 21 20
33 34 19
34 32 33 22 53 20 62 21 63 19
34 32 19 33 62
34 35 32 19 33 53 21
34 2 37 42 7 63 62 21
32 71 62 34 37 33
33
1 32 61 65
2 61 1 34 53 32 33 35 96 21 62 19 71 20 63 23
1 2 37 34 32 62 33 35 44 24 71 19 6
1 2 5 33 93 32 34 62 19 71 35 42 63 6 36
34 1 35 5 93 71 6 2 32 66 61 52 33 28 62 54 53 56 63 42 20 37
1 4 19 32 34 61 21 33 63 35 53 42 62 71 6 67 36
1 34 36 32 28 54 7 19 74 63 76 21 37 35 42 62
1 34 32 62 35 74 54 71 40 20 6 19 61
20 1 34 32 63 61 19 62 64 6 33 54
44 1 5 19 34 2 32 62 61 7 42 20 92 3 6 53 35
32 1 2 34 56 37 61 63 36 64 62 35 42 33 53 19 52
1 62 71 32 44 34 2 7 6 37 20 83 35 33 61 63
1 4 42 34 32 35 5 71 62 33 21 20 61
6 1 32 34 35 44 2 12 63 61 65 62 33 71 5 53 37 19 66 20 74 76 36 7 40 42
1 5 34 44 93 7 21 32 2 71 61 63 19 67 6 62 33 43 45 53 65 36 20 37 35 92
71
34 1 5 92 26 36 32 27 35 2 37 64 7 6 54 62 33 61 53 20 19 71 55
1 34 6 5 35 32 53 71 33 20
32 34 71 1 6 61 5 33 19 54 56 44 63 21 53 35
1 69 61 65 63 52 4 76 64 54 66 71
2 1 63 32 71 61 34 64 6 19 36 35 3 62 20 37 33 21
7 5 6 1 44 8 71 32
61 64 71 69
1 5 32 74 62 93 2 61 34 67 63 53 64 36 33 8 21
5 92 1 61 32 66 34 2 83 6 52 33 63 76 64 53 54 71 42 35 56 67 20 85 62 21
1 44 32 62 37 5 71 61 6 20 4 34 50 53 54 75 65
92 1 66 6 5 93 20 65 21 52 96
35 1 62 5 19 34 32 6 61 63 33 20 67 21 37 28
1 71 5 6 33 32 34 35 57 54 93 8 63 20 36
71 53
33
21 32 34 33 19 54 71 62
34 33 63 19 37 61 62 53 32 71 56 21 36 54 67
34 1 32 71 35 19 33
36 32 71 34 40 33 35
34 32 33 19 71 21
34 19 37 20 32 33 53 63 71
32 33 62 34 44
34 32 62 71 33 19 65 38
37 21 34 32 19 33
62 36
34 62 33 32 19 35 24 63 54 21 71 37 36
33 34 21 23 36 32 19 37 61 43
34 32 21 2 33 35 19 54 20
37 71 33 21
34 33 32 21
34 2 32 53 71 63 33 21 19 35 38 54
2 34 53 32 33 63 19 62 71 20
2 33 34 71 32 62 37 19 53 63 24 21 20
34 71 21 20 32 33 62 37 52 7 63 56 23 19
19 62 34 33 32 63 71 21 37 79
19 71 33 34 32 21 54
33 34 32 61 21 38 37 19 36 42 54 62 71 63
32 34 36 19 33 20 62 54 71 53 67 21 37 35
32 34 19 21 38 62 36
32 34 61 53 62 19 36 33 21 37 39 35 43
32 2 63 62 38 34 33 35 21 23
34 32 62 63 19 21 53 66 71 61 38 54
32 71 37 34 21
32 20 33 34
32 63 62 67 34 37 33 24 71 19 61
33 34 71 19 32 63 62 20 36 21 37 54
36 33 32 34 21 61 26 20 71 19 62 35 54
34 1 32 21 62 19 35 22 33 27 63 37 20 36 71
20 21 38
37 36 32 62 34 63 71 2 19 33
34 32 53 35 21 63 67 19 1 33 71 37 62 52 61 20 36 26 42 54
19 32 62 34 36 71 33 42 23 37 24 21 63 53 20 61
34 33 19 32 63 71 36 37 23
34 19 63 26 21 62 33 71 36
32 1 61 34
21 19 33 71 34 62 20
64 34
21 19 33 34 20
71
33 21
71
71 63 19 21 20 34 33 32
34 19 21 33 62
21 19 33 34 7 32 62
34 19 21 33
19 21 33 34 37
20 21 34 19 33
19 33 34 21
32 19 21 34 54 33 62 71
19 21 34 33
21 33
34
63 62 32 37 34 21 20 33 26
34 32 86 63 37
19 34 21 33
21 19 32 34
33 34 19 21 71
71 52
33 34 32 53 19 20 36 63 35
34 32
34
34 63 35 36 19 32 20 37 33 62 71 38 42 24
32 34 1 71 6 33 35 23 21 54 61 19
63 32 34 61 7 19 71 62 53 1 36 33 54 20 21 66 35 65 64 67 42
61 33 34 32 52 62 37
34 32 21 38 33 36 20 63 37 1 42 2 19 71 64 62 61 4 35
34 20 36 32 1 21 33 63 52 62 19 43 35 61 24 26
32 34 21 19 33 63 61 38 22 37 36 62
32 34 35 37 28 67 33 52 19
1 61 34 32 21 22 63 33 56 62
71 34 62 63 32 61 36 19 53 54 65
32 34 36 33 63 20 62 19 35 53 37 61 21
32 61 34 62 36 35 37 19 38 63 20
61 34 32
61 2 62 1 7 34 32 21 63 35 36 64 37 19 42 33 92 65 74 56 26 28 52 71 76 3
7 61 34 64 62
35 62 61 34 33 32 38 54 37 19 43 71 63 21
34 32 19 71 35 33 63
34 35 36 32 61 37 71 33 19
32 35 36 34 33 1 71 21 62 37 63 61 44 67
64 21 32 34 33 38
71 32 19 39 34 33 63 36
2 66 61 71 67 34 32 28 62 53
32 21 33 34 35 19 62 20 42 63 28
21 34 71 33 19
32 37 33 36 34 21 19 71 24 38 20
34 32 71 62 33 36
34 32 38 35 36 65 37 33 62 52
2
1 54 55 52 34 65 32 53
19 34 32 37
34 62 19 33 53 32
32 34 61 71 19 63 66 20 21 62
61 34 20 32
32 63 33 34 36 35
20 1 32 34 62 35 61 7 19 53 33
1 32 37 34 29 53 20 36 61 71
34 32 1 37 61 62 64 19 27
1 34 20 32 35
57 32 1 34 63 35 33 64 62 61
34 32
32 34 61 53 71 1 35 19 65
62 1 61 6 56 63 34 33 2 55 68 72 54
20 32 67 34 53 62 63 61 36 37 71 19 33
72 34 19 20 84 65 68 32
1 19 34 20 32 37 6 61
34 32 1 36 61 37 19 54 20 71
33 34 32 21 61 53 35 71
34 32 42 19 1 61 62 33 63 35
32 87 34 36 63 35
34 32 35 38 33
53 1 32 54 69 64 71 62 34 37 61 36 33 65 63
34 62 32 37 54 35 61 66 36 20 71
63 1 32 19 34 53 33 71 62 61 21 37 38 3 36 24 42 48 7 54 23 35 52 20
32 1 21 34 35 33 20
37 34 1 32 33 65 63 67 53
1 61 53 32
52 34 32 1 36 61 62
1 32 34 47 19 33 63 37 54
34 32 43 33 35 61 62 19 52 53
63 20 34 19 21 32 71 36 33 62 3 67
32 66 71 62 7 34 1 61 54 2 53 36 63 33
34 20 33 32 1 53 61 19 6 63 37 21 36 38 40 35 65
32 34 54 53 71 63
34 21 62 32 36 101 19 7 54 71 61 33 20 37 63 35
34 2 32 61 33 19 21 37 67 63 62 36 24 38 22 3 20
32 34 61 62 64 71 20 21 63 54 37 67 36 42 23 19 33 56
74 62 63 32 61 36 1 34 44 19 66 33 56 53 3 54 42 67 52 57 71 21 65
34 33 32 62 61 63 20 1 37 36 19 54 2 21 35 23 71 53
33 34 21 32 24 19 37 35
34 36 33 32
63 42 34 32 33 71 61 37
34 32 21 33 20 61 36 53 63 71 19 67 38
34 19 67 71 32 33 36 63 21 23 20 61 52
62 61 65 33 54 34 36 63 52 19 32 53 67
32 37 63 33 34 54 62 57 67 71 20
54 34 63 32 33 19 37 62 61 21
33 61 34 53 63 65 32 71
34 33 62 32 36 61 38 20 67 63 19 37
63 36 19 38 62 34 32 33
19 63 34 32 36 38 62 33 7 20 71 61
34 32 6
32 1 34 20 19 61 35 63 36 71 62 66
34 63 61 32 1 33 35 2 21 37 71 36 19 22 62 20 39 42 54 6 28 8
61 1 32 71 34 62 53 74 52 35
32 35 34
34 33 1 62 19 32 36 65 63 71 64 54 24 42 23 53 7 20 35 37 61 67
34 71 33 63 62 32 36 19 65 21 38 64 44
34 32 20 71 37 36 33
34 63 62 33 35 19 66
63 34 65 61 42 32 20 19
1 19 32 33 34 2 64 52
1 32 34 44 6 21 62 20 19 2 33 35 24 36
32 21 42 63 19 34 35 33 36 53 62 37 71
34 62 61 32 36 19 54 2 63 21 53
34 32 35 40 63 61
32 34
32 34 33 64
62 34 63 33 19 32 35 61 54 53 20 71 36 1 42 23 7 21 64 66 37
34 19 35 32
34 32 35 33
52 34 32 19 33 20 62 46 54 53
34 32 19 61 33
63 33 32 34 37 19 61
34 71 33 20 23 32 19 36
6 32 34 63 61 19 36 33 37 35
1 61 34 32 52 37 71 38 33 63
34 32 37
32 19 71 36 34 63 61
32 34 36 62 61 63 27 20 35 19 54 1 56 71 23 33 43 24 21
32 34 62 19 40 33
32 61 34 63 2 62 53 54 33 19 66
35 34 19 38 62 37 32 33 36
32 19 34 33 71 67
63 32 62 34
32 35 39 34 71 1 33 62
1 63 33 32 34 35 40 23 53 71 19 24 39 61 74 62
32 35
34 33 32 86 62
33 34 19 32 37
62 32 63 34 33 19 61 65 36 21 20
34 33 19 23 32 38
34 32 33 1 24 62 38 36 19 63 71 21 23 61 37 20
34 33 37 32 61 19 38 36 20 22 62
19 34 32 33 62 21 35 36 63 71 26
32 34 33 61 71 37 38 62 24 36
21 34 71 33 32 37 36
32 37 34 21 63
34 21 32 36 71 33 19 62
34 32
34 62 33 32 36 19 71
62 32 24 61 34 33 63 7 19
37 34
34 37 63 36 19 33 20 32 71
32 34 33 24 36 21 62 63 37 19 20 23
34 62 33 32 61 37 36 19 24
33 32 62 34 19 7 61 21 35 63 20 37 36
62 34 33 32 36 20 21 28 6 37 63 54 19 64
61 34 36 32 22 21 33 24 37 54
32 33 21 37 34 19 63 61 36 24 20
19
33
64 34
1 54 71 34 32 61 19 56 52 20 44 35 53 57 33 7 64 62
33 1 6 34 32 44 35 61 54 62 37 20 21 53 19
32 35 63
1
32 63 61 7 66 54 62 1 43 34 42
1 32 54 34
7 19 32 34 1 52 56
1 6 32 35 33 20 34
34 1 35 32 54 33 62 21 6 42
32 33 34 35 71 20 19
32 1 34 5 35 6
32 34 63
1 32 6 34
34 32 1 35 61 53 6 62 36 44 33 19 92
20 32 34 1 42 35 62 33 52 61 5 19 6 71 8 37 65 53 38 40
34 71 19 61 62 32 21 65 20
5 32 48 1 62 65 8 63 42 7 34 61 35 67 33 71 54 44 6 36 66 53 4 28 19 52 37
34 1 63 35 32 2 5 71 61 20 6 19 39 23 62 36 33 8 54 93 64 69 24 48 37 7
20 34 32 2 19 1 21 37 35 5 61 8 36 71 52 56 64 7
34 32 35 33 1 64 66 6 20 71 37
32 34
34 1 32 62 33 63 54 61 37 71 42 36 6 35 44
62 61 74
32 71 1 34
6 34 1 32 36 37 44 35
7 1 5 32 19 93 53 34 44 35 65 63 21
61 66 84 1 32 63 19 34 7 65 73 92 33 44 72 6 76 42 3 90 54 36 35 85
1 34 61 65 32 63 33 36 35
32 63 35 1 39 5 71 2 61 34 33 7 54 37 62
32 20 33 34 19
20 1 32 6 35 34
1 92 32 61 6 34 35 66 71 33 19 54
1 32 19 34
34 32 52 56 66 54 33
1 32 19 34 54 33 5 35 37
1 32 34 5
32 34 71 65
1 6 32 34 35 71 19 57
61 32
32 1 34 6 5 33
32 19 35 34
35 32 66 61
1 32 6 42 34 63 65 66 61 71
5 61 8
63 1 62 61 64 32 34 52 19 53 37 66 69 71 21 36
63 32
34
32 34 27 53
34 32
61
5 1 62 92 63 2 32 34 65 61 44 66 7 4 6 33 54 36 12 71 52 42 48 20 67
34 7 1 2 95 5 4 82 35 61 52 73 6 66 32 64 85 63 62 42 54 28 33 20 65 37 67 21 59 75 92
1 54 35 34 32 37
63 61
71
1 2 61 63 71 33 44 4 34 54 3 32 36 65 66 67 56 20 21 74 62 64 42 19
1 34 32 61 64 67 44 74 36 66 19
1 6 42 32 55 2 34 33 64 5 8 61 65 7 63 44 46
54 61 77 1 66 7 34 32 44 63 62 64 37 42 2 6 71 67 65 56
1 44 6 32 2 35 5 34 53 33 61 93 8 20 54 63
5 34 3 71 8 1 62 6 61 32 2 33 37 35 20 4 63 44 19 66
2 35 34 1 54 5 6 32 4 76 53 63 20 61 44 74
32 1 6 71 40
1 5 34 64 2 35 32 6 65 44 76 97 36 63 4 37 33 71 39 8
32 1 35 6 34
34 1 64 5 32 92 71 52 2 66 42 44 96 101 6 63 62 61 67 65 36 20 37 35 40 54
73 1 61 6 2 21 35 32 69 44 34 54 42 7 5 74 63 65 62 33 66 50 64 19
1 34 32 42 7 2 6 5 39 63 35 19
6 1 5 2 32 34 35 44 63 39 7 62 42
1 6 34 5 32 19
32 1 2 34 101 61 65 62 19 54
61 34 1 62 36 54 32 71 63 33 67 2
61 62 66 54
6 5 1 64 32 62 35 9 2 44 34 19 7
5 2 32 66 7 37 34
53 61
61 34 62 67 19
32 62
34 32 64
32 2 1 34 65 61 36 44 33
1 61 2 34 32 6 63 7 87 42 33 74 36 83
1 4 5 6 61 35 2 54 3 33 34 7 37 32 36 44 19 27
53 33 63 61 54 32 4 34 62 16 20 42 37 52
63
35
54
33
61 53 56 54 71 34
63 34 32 26 19 20
73 62 32 34 75 33
1 53 32 63 34 61 62 37 69 42 19 35 44 67 75 33 65 54
34 33 19 23 32 38
64 65 52 68
33 71 37 32 67 53 62 34 61 64 46 54 65
1 69 73 82 68 61 65 63 66 52 32 4 76 62 64 54 19 53 71
64 73 66 84 7 82 61 72 34 1 85 90 52 63 2 74 75 71 19 62 69 44 57 33 36 58 67 65 37 32 76 54 68 6 77
71 72 52 33 78 89 63 90 61 21 36 80 19 32 70 68 56 34 26 7 66 53 62 65 54 35 29 3 2 67 64
1 94 2 66 61 43 57 64 34 56 32 65 54 44
63 32 34 61 7 19 71 62 53 1 36 33 54 21 66 35 65 64 67 42
32 34 71 63 33 6 19 61 21 20 37 54 38 62 52 53 65 35
92 1 66 34 6 5 93 61 64 20 65 21 71 19 62 32 52 96 69
33
1 61 62 54 34 23 74 20 57 2 33 63 52 69 19 7 32 56 71 64 44 59 37 26 53 21 87 66 65 36
61 53 56 54 71 34
61 34 32 36 62 63 22 27 20 35 19 21 33 54 1 56 24 71 23 37 43
61 74 71 62 1 34 54 26 32 75 21 66 33 65 2 44 67 56 19 52 63 20 85 53 43 36 64
34 33 63 19 37 61 62 53 32 71 56 21 36 54 67
61 21 19 34 36 32 24 71 33 42 62 53 54 63 66
67 2 61 44 56 65 71 62 32 19 42 63 66 34 73 1 55 72 52 76 45 92 54 75 74 64 69 58 85 20 33 3 7 53 36
2
71
20
71
71
20 34 64
71
32 37 34
71 34
71
21
71
71
32
34
21
71
71
33
34 63
71
71
71
71
33
71
20 71
71
21
71
71
33 71
71
34
71 19
34
71
33
21 71 34
34 71
33
71
33 34 19
34 19 21 20
34
71
71
20
71
62 34 32 63
5 61 8
63 32 44 61 39 34 48 37
62 61 74
71
62 34
61 1 19 34 71 69
34 71
66 34 63
34
34 32
35 71
61 34 32
71
1 61 53 32
34 71
71
32 61 77 62 63
62 36
71
32 61 34
33 71 34
71
73 1 61 32 63 6 7
32 34
7 61 34 64 62
1 34 36 62 32 33 20 53 54
1 34 32 37
33 20
34 32 1 64 71 63 61 2
32 35 24 38 53 20 71 34
1 6 34 5 32 19
34 32 20 71 37 36 33
61 1 2 6 32 19 7 71 42 34 54 52 44 56 66
37
34 32
1 34 32 62 35 74 54 71 40 20 6 19 61
34 19 32 35 20 21 38 53
63 32
34 62 32 4 33 2 1 65 36
34 19 67 71 32 33 36 63 21 23 20 61 52
2
1 32 34 61 75 67 87
7 5 6 1 44 8 71 32
1 4 5 6 61 35 2 54 3 33 34 7 37 32 36 44 19 27
32 1 35 6 34
32 71 21 34 33 36 66 37 19
1 32 35 63 61 34 6
32 63 43 34 71 53 1 61 54 33 19 2 6 4 35 44 21 20 62
20 34 32 19 33 21
34 32 33
33 34 21
1 32 34
34 20 55 54 32
32 35 63 34 61 62 6 3
6 32 34 63 61 19 36 33 37 35
32 54 33 35 34
34 32
6 34 63 32
6 32 1 34 71 63
1 71 32 34 37 61 65 52 36 33 20 64 42 6 62 35
34 32 1 71 44 63 19 92 33 23 36 35 20 62 65
21 62 34 33 32 53 63 54 61
32 33 34 71 2 20 1 62 63 19 44 61 35 54 53 36 28
32 35 34
34 32 21 33
32 1 34 21 44 6 35 71 54 37 42 33 64 19 66 61 2 52 62 65 20
34 32 33 71 35
21 32 34 33 19 54 71 62
62 32 63 34 33 19 61 65 36 21 20
5 1 32 42 35 34 2 4 7 6 63 8 20 53 61
32 71 37 34 21
32 54 34 61 63 62 33 36 19 35 37 21 38 20
2
63 32 62 34
32 19 34 21 1 71 6 33 35 23 54 61 62
5 98 62 6 8 32 2 34 93 1 92 42 35 61 36
1 61 2 34 32 6 63 7 87 42 33 74 36 83
20 34 32 36 33 35 62 42 64 54 71 7 61 2 63 53 19 65 57 23
67 52 32 54 34 61 63
34 36 33 32
37 32 71 34 61 62
1 54 35 34 32 37
35 1 33 5 32 61 34 8 42 52 65 56
32 71 21 1 34 35 33 61 62 42 67 53 54 19 36 6 63 44 20 3
32 21 33 34 35 19 62 20 42 63 28
34 21 32 36 71 33 19 62
71
32 33 21 37 34 19 63 61 36 24 20
32 52 34 1 21 53 33 62 4 36 19 44 71
34 19 37 20 32 33 53 63 71
32 33 71 34 52
34 1 56 6 32 33 63 92 35 19 64
34 35
1 5 34 42 32 35 6 33 84 90 21 7 71 2 63
1 32 34 2 5 20 62 6 63 36 35 33 39 21
2 32 33 34 20 71 62 37 19 53 63 24 21
61 34 71 36 21 63 32 33 62 19 54 37
53 71 33 32 34 21 37
1 34 32 35 64 44
32 1 35 34 33 20 42 37
32 19 34 33 71 67
34 63 32 71 1 37 35 53 54 20 19 42 61 88 33 62 56 6 52 44
34 5 33 38 32 61 19 92 21 71 76 63 20 1 53 58 54 64 55 36 62 66 65 52 35
62 32 61 71 34 63 35 33 21 19
32
34 1 2 33 32 35 63 20 66 61 21 19 37
33
1 32 6 66 35 92 5 34 71 44 7 63 36
4 34 32 63
96 34 7 37 32 1 61 63 35
33 36 32 34 20 53 37 62 6 38
32 1 35 34 61 40 44 63 20 37 2 19 71 67 92 33 53
33
32 34 33 1 35 61 97 6 2 20 21 44 62 54 42 53 64 36 40 63 71
32 1 34 33 35 71 62 7
33 34 32 44 62
1 66 32 63 35 34 92 61 64 82 7 42 37 5 33 2 8 71 36 6 74 53 44 19
1 32 2 34 71 7 33 62
32 2 63 62 38 34 33 35 21 23
1 4 19 32 34 61 21 33 63 35 53 42 62 71 6 67 36
32 34 24 63 1 30 67 5 71 62 54 20 19 6 35 52 65 33 44 53 26
32 61 34 67 28
34 32 35 33 1 64 66 6 20 71 37
19 32 62 34 36 71 33 21 2 42 23 37 24 63 35 53 20 54 61
2 1 34 32 71 35 61 44 6
34 33 37 32 61 19 38 36 20 22 62
34 61 63 32 20 54 67 33 36 62
20 34 32 2 19 1 21 37 35 5 61 8 36 71 52 56 64 7
5 34 1 32 2 67 35 36 61 71 42 63 52
32 54 1 34 35 52 63 7 19 28 71 23 39 33 61
4 1 32 34 35
34 32
32 63 33 34 36 35
63 33 32 34 37 19 61
5 32 2 74 61 67 54 1 34 63 20 35 33 4 62 7 36 6 42 71 64
1 32 34 6 35
5 34 32 42 71
32 1 2 34 101 61 65 62 19 54
34 32 20 71 35 62 61 63 33 36 43 19 37 21 53
1 32 34 71 62 61
63 20 34 19 21 32 71 36 33 62 3 67
37 34 1 32 33 65 63 67 53
34 2 37 35 32 19 42 33 7 53 63 62 21
1 2 34 6 32 61 35 38
71 34 32 38 61
34 1 63 35 32 2 5 71 61 20 6 19 39 23 62 36 33 8 54 93 64 69 24 48 37 7
32 37 34 19 63 36 62 28 20 33 52 21 35 61
34 33 19 32 20
34 32 1 37 61 62 64 19 27
32 34 4 53 71 63 35 61 62 2 44 33 19 7 67
20 32 34 1 42 35 62 33 52 61 5 19 6 71 8 37 65 53 38 40
34 21 24 32 36 20 38 63 67
34 32 35 38 33
34
2 1 6 32 71 34 35 63 5 52 7 62 42 54 20 53 61
5 1 62 92 63 34 2 32 65 61 44 66 7 4 64 67 6 33 54 74 36 12 71 52 42 48 20 19
34 32 1 35 61 53 6 62 36 44 33 19 92
33 34
21 19 33 34 20
34 19 21 33
32 20 33 34 35 37 19 71 21 62 65 36
34 32 36 33
37 21 34 32 19 33
1 32 71 34
34 63 35 36 19 32 20 37 33 62 71 38 42 24
34 61 33 32 19 27 64 2 53 7 37 67 63 71 42 20 35 52
34 32 64
1 54 71 34 32 55 61 52 19 56 65 20 44 35 53 57 33 7 64 62
62 32 34 42 20 61 44 28 63 1 54 33 19 35 4 21 71 37 65 36 52 53 27
1 5 54 34 33 32 2 6 37 71 44 35 19 62 53
1 34 6 32 65 2 19 53 35
1 32 34 61 33 6 62 20 63 21 35 37 54 7 52 36 56
34 6 32 63 35
5 92 1 61 34 2 73 32 66 54 44 65 83 63 6 62 52 33 42 76 53 69 74 71 64 8 3 19 56 4 35 58 67 93 20 37 85 21 55 45
1 71 19 53 34 63 33 35 32 61 38 20 57 54 21 55 37 44 62
61 66 84 32 62 1 63 7 19 34 65 73 6 56 92 33 44 54 72 2 42 76 55 43 68 3 90 36 35 85 20
34 20 36 32 1 21 33 63 52 62 19 43 35 61 37 24 26
34 71 37 32 33 61 62 36
1 32 54 34
32 34 63
34 63 62 33 35 19 66
33 34 21 23 36 32 19 37 61 43
73 62 32 34 75 33
20 32 34 62 61 54 36
1 5 33 54 32 61 55 52 37 24 56 63 69
1 63 37 34 32 6 42 53 36 38 35 2
1 32 34 5
61 1 4 34 37 21 32 62 19
32 1 2 34 35
34 1 5 32 19 62 35 53 52 71 63 43 20 54 36 61 37
1 71 5 6 33 32 34 35 57 54 93 8 63 20 36
71
1 54 92 2 34 66 61 88 63 6 35 74 33 32 62 71 67 19 76 38
34 1 6 32 2 5 71 62 33 19 63 35 37 65 61 20 67 27
32 34 20 63 33
62 34 63 24 61 32 33 7 28 39 21 36 65 35
32 35 1 19 34 61 63 42 20 33 6 53 37 62 44 65
1 92 32 62 34 56 6 67 33 5 36 58 61 42 45 71
35 62 61 34 33 32 38 54 37 19 43 71 63 21
2 73 61 97 82 1 63 54 66 62 71 94 6 55 65 7 34 3
61 34 62 67 19
21
2 37 71 46 32 23 34 21 19 38 20
54
34 33 1 20 32 19 74 35 36 92 37 54 65
21 19 33 71 34 62 20
34 71 32 19 36 37
35 34 19 38 62 37 32 33 36
71 35 33 34 37 32 19
32 34 61 53 71 1 35 19 65
38 19 34 36 37 63 71 24 62 74 32 54
35 33 32 1 61 54 34 36 62 19 71 69 63 20 53
32 34 33 24 36 21 62 63 37 19 20 23
71 62 63 54 61 41 19 34 33 32 65 37 26 21 20 38 42 36 24 53 67 79
71 34 33 21 19 63 37 32 62 61 20 23 67 36 7 52 53
34 32 37 36 33 21 61 35 63 53 44 74 62 65
32 35 5 71 34 20 33 21 62 19
32 34
53 33 63 61 54 32 4 34 62 16 20 42 37 52
1 63 34 33 36 32 20 43
34 33 32 21
21 33 32 71 37 34 62 19 61 38
32 1 34 37 53 71 6 33 35 61 20 19 44
32 34 7 1 42 28 62 6 37 71 35 44 19 53 54
32 71 62 1 34 21 19 63 22 20 33
34 32 33 19 52 53 61 62 21 71 35 24 36
71 65 33 62 34 44 63
42
71
71
2
33 34 37 71 36 32 21 63 62 19 61
1 32 34 44 6 21 62 20 19 2 33 35 24 36
34 32
1 2 34 61 54 32 63 53
54 33 32 34 53 62
32 20 44 65 66 2 42 34 61 19 74
33 34 32 21 61 53 35 71
44 34 35 32 19 63 20
7 1 61 62 35 2 32 34 42 71 63
65 32 57 53 34 33 44 52 55 71 21 19
7 5 1 21 6 35 34 32 61 33 20 37 53 62 19 52
32 34 61 62 64 71 20 21 63 54 37 67 36 42 23 19 33 56
54 1 34 32 20 61 63 35 71 62 21
62 34 33 32 36 20 21 28 6 37 63 54 19 64
2 34 19 32 63 36 61 62 33 21
34
34 33 19 32 63 71 36 37 23
34 63 71 19 36 21 33 37 32 20 62 67 53 28
34 63 32 62 35 39
33 61 32 54 71 34 8
63 34 33 62 32 20 61 19 71 21 53
34 32 62 71 33 19 65 38
1 33 32 34 6 62
32 21 42 63 19 34 35 33 36 53 62 37 71
2
33 21
19 21 34 33
20 21 34 19 33
19 32 34 33
71 32
1 74 62 61 65 63 32 36 33 54 34 44 19 66 56 53 21 3 42 22 67 52 57 71
34 1 61 32 36 2 6 42 37 63 64 35 19
34 21 62 32 36 101 19 7 54 71 61 33 20 37 63 35
34 32 71 19 62 61
32 1 21 34 35 33 20
71
34 33 32 62 61 63 20 1 37 36 19 54 2 21 35 23 71 53
33 34 19 32 20
34 32 19 62 21 33 22 63 53
34 2 32 19 62 1 37 36 33 35
34 20 33 32 1 53 61 19 6 63 37 21 36 38 40 35 65
1 92 62 32 35 34 2 20 6
32 61 34 63 2 62 53 54 33 19 66
34 19 35 32
34 71 52 1 32 20
73 32 61 34 65 42 63 20 19 21
1 2 61 32 34 62 53 44 54 55 19 63 35 20 21 67 33 6 65 42 71 3 66
33 21 71 32 35 34 36 52 38 20
34 1 35 92 5 32 33 2 20 64 6 8 19 42 52 44 62 61
19 33 34 21
21 33 34 19 32 53 86 20 36 63 37 35
58
32 44 35 34 1
32 34 1 20 35 61 19 71 63 37 54 21 58 55 53 33 62 24 6 42 52
34 32 56 1 63 42 35 62 7 61 21 66 28 52
34 21 71 33 19 32 63 61 26 20 37 53 62 36 24 87 35 44 64 54
61
34 32 35 40 63 61
34 32 1 36 61 37 19 54 20 71
71
20 34 33 21 19
1 32 19 63 62 57 66 34 61 87 54
34 32 33 21
1 53 61 33 54 32 34 71 63 55 38 44 19 21 35 62 74 52 43 20 64 36 42
1 44 66 63 2 34 32 35 61 36 52 42 37 19
1 71 58
71 34 1 5 6 32 4 42 53 28 3
35 1 32 6 34 5 33 63 19 66 56 61 62 71
19 34 33 62 63 21 71 35 61 65
71 32 21 19 34 33 37 36 42
1 34 32 40
1 5 4 32 35 34 61 2 36 62 33 63 6
5 2 34 32 33 36 71 1 20 54 19 44
34 32 33 36
20 1 34 32 63 61 19 62 64 6 33 54
36 21 33 32 34 24 63 62
1 2 32 34 42 37 62 33 71 35 19 39 56 65 63
71 32 34 54 21 33 62 63 36 19 61 35 28 37
1 32 34 33 35 21 19 63
32 1 34 35 61 62 54 71 33
32 34 1 43 42 6 71
1 2 5 32 93 34 4 6 33 35 61 20 54 71 37 21 19 53 63 44 3 62
71
33 34 19 32 37
32 34 71 1 6 61 5 33 19 54 56 44 63 21 53 35
1 3 5 32 6 44 65 85 63 36 71 42 75 34 35 62
32 34 71 53 33 65 36 19 37
33
2 1 63 32 71 61 34 64 6 19 36 35 3 62 20 37 33 21
32 34 61 71 19 63 66 20 21 62
33 34 21 63 19
61 74 73 32 63 34
32 37 34 63 33 35 28 67 54 62 57 52 19 71 20
6 32 1 7 2 19 63 34 33 61
21 34
32 20 33 71 62 34 35 42 63 36 19 37 61
54 32 19 71 33 45 34 53 20
1 34 32 42 7 2 6 5 39 63 35 19
71 32 34 35 37
6 1 5 2 32 34 35 44 63 39 7 62 42
34 62 32 61 37 33 36 19 24
34 62 32 37 54 35 61 66 36 20 71
32 34 36 33 61 53 63 20 62 65 52 19 35 37 21 71
32 34 33 62 21 54 19 63 35 66 64 36 2 61 7 77 37 28 44 74 76 20 67 42 27 68 71
61 34 2 32 66 72 64
32 87 34 36 63 35
1 5 32 61 63 34 64 92 74 57 2 7 62 44 33 65 83 66 97 54 19 67 8
34 32 33
34 33 1 62 19 32 36 65 63 71 64 54 24 42 23 53 7 20 35 37 61 67
1 34 36 32 61 20 66 21 33 35
34 32 21 1 71 33 37 19 53 63
34 36 1 32 63 61 33 35 6 37 28 53 19 24
34 44 63 1 32 2 19 71 61 33 62 69 53 35 65 67 37 36 6
65 34 21 61 32 54 26 53 33 63 56 19 42
35 32 66 61
32 34 71 65
34 32 52 56 66 54 33
20 1 32 6 35 34
33
63 61
65 32 44 34 1 2 7 64 61 52 63
34 63 37 32 21 33 36
2 5 34 1 32 37 27 65
33 21 34 19 71 32 36 37
24 37 71
34 32 1 2 7 71 19 53 54 52 61 36 33 57 62 21
20 32 34 1 71 62 33 19 35 64
1 34 61 65 32 63 33 36 35
44 1 5 19 34 2 32 62 61 7 42 20 92 3 6 53 35
34 35 19 1 6 4 32 20 44
19 34 21 33 63 62 71 36 32 20 37
1 2 34 71 32 7 36 6 37 35 33 19 23 40 20 21 62 61 42 53 54
71 34 62 33 21 32 64 23 19 67
21
2 66 61 32 71 62 7 34 1 54 53 36 67 63 28 33
35 32 34 65 71 19 67 21
61 1 34 5 32 33 65 35 74 62 93 2 75 64 42 63 54 66 43 7 20 6 67 71 53 21 36 8 44 19 52
33 21 34 71 32 19 20 63 37 26 61 38
71 34 37 20 21 32 19 43 55 54 33 63 24
5 2 32 66 7 37 34
6 34 1 32 36 37 44 35
34 32 20 71 21 62 61 19 33 54 24
34 53 32 54 21 4 37 71 7 20 33 44 1 61 23 35 19
1 44 6 32 2 35 5 34 53 33 61 93 8 20 54 63
32 71 1 34
32 34
21 33
2 32 1 61 34 35 63 42 7 6 65 71 62 20 33
1 2 61 63 54 77 71 33 66 44 4 34 7 3 32 36 65 67 62 64 56 20 37 42 21 6 74 19
34 61 1 71 32 44 63 35 19 33 37 62 36 21 20
54 1 95 34 2 71 5 35 19 6 7 65 66 32
37 32 34 36 62 63 19 33 71 2 20 54 53 67 21 35
1 6 42 32 55 2 34 33 64 5 8 61 65 7 63 44 46
2
34
32 50 34 71 33 35 1 37 42
32 62 1 35 61 34 37 27 36 33 40 20 4 63 71
57 32 1 34 63 35 33 64 62 61
67 34 54 63 71 37 21 32 20
34 62 33 32 36 19 71
34 33
71 52
71 33 32 19
71
34 71 33 20 23 32 19 36
1 32 34 47 19 33 63 37 54
35 1 32 28 34 62 2 61 63 7 36 19 52 6 5 53 33 44 37 43 26 54 71 64 3
34 1 35 5 93 71 6 2 32 66 61 52 33 28 62 54 53 56 63 42 20 37
34 71 20 33 32 19 21
1 32 20 71 34 42 6 19 92 44 67 33 63 37 35 61 58
1 44 32 62 37 5 71 61 6 34 20 4 21 33 2 50 52 53 54 35 64 75 65 42
2 71
21 19 34 32 33 62 35 7 36 63 71 26
71 53
36 20 34 61 63 32 64 37
1 32 5 61 34 52 42 98 53 66 54 75 35 8
71
1 2 34 32 63 64 66
19 21 33 34 37
1 34 20 32 35
33 21 32 34 19 61 63 35 6 71 26 20
71
34 32 37 1 33 35 71 21 53 61 20 6 19 42
19 34 32 61 57
32 34 33 1 2 63 62 35 7 71 54 53 44
32 34 27 53
33 34 19 21 71
34 52 32 63 1 5 20 37 24 69 35 6 33 36 54 65 61
71
34 32 19 33 62
61 1 32 71 34 62 53 74 52 35
2 61 1 34 53 32 33 35 96 21 62 19 71 20 63 23
20 1 32 34 62 35 61 7 19 53 33
1 61 93 5 32 63 8 34 66 19 54 36 65 71 6 21 35
36 32 71 34 40 33 35
32 63 34 19 33 71 35 62 21 1 69 53 61 54 44 36 37 65 64 55 20 31
34 32
1 61 34 35 32 44 62 53 63 54 6 19 3 20 71 21 42 33
20 32 67 34 53 62 63 61 36 37 71 19 33
34 71 21 20 32 33 62 37 52 7 63 56 23 19
21 33 34 19 32 71 62
53 34 61 71 35 19 32 42 62
34 61 32 63 1 62 33 24 36 19 38 37 20 21 67 52 7 26
34
63 34 32 26 19 20
77 34 66 35 32 2 71 68 62
33 21
32 71 34 20 21 53 26 33 76 62 61 1 19 37 35 54 65 63 66 7 52 67 36 42
73 61 2 75 32 63
21 32 34 71
52 34 32 1 36 61 62
32 1 2 54 65 34 71 62 63 4 5 3 61 40 28 33
34 1 32 71 35 19 33
34 32 71 33
1 34 6 32 2 5 7 61 35 33 54 48 63
62 34 32 71 33 21 35 36 63
33 34 21 32 24 19 37 35
34 20 32 37 61
19 32 34 37
71 21 32 63 34 35
32 64 34 33 19 62 63 71 37 21
32 1 34 33 53 39 7 35
71 32 34 37 35 20 38 36 33
32 34 33 64
1 34 5 32 61 6 71 35 67 37
5 34 3 71 8 1 62 6 61 32 2 33 37 35 20 4 63 44 19 66
64 34
1 32 66 34 6 54 37 35 20 39 44 27 33 52 53 19 7 71 21 62
2 1 63 34 32 71 5 37 53 62 54 7 52 56 19 6 61
71 61 37 19 32 20
1 33 63 71 21 62 34
32 35 39 34 71 1 33 62
63 32 54 71 34
33 34 32 61 21 38 37 19 36 42 54 62 71 63
1 34 55 32 62 71 65 19 42 54 63 52 53 56 6
1 32 7 20 34 19 62 63 33 92 21 26 35
32 35 36 34 33 1 71 21 62 37 63 61 44 67
1 32 6 42 34 63 65 66 61 71
1 2 32 34 38 35 63
34 1 32 62 33 63 54 61 37 71 42 36 6 35 44
34 32 19 33 44 21 35
34 2 32 1 21 62 19 53 35 22 71 63 33 27 38 37 20 36 54
1 34 61 62 2 7 54 53 71 19 32 44 36 20
63 1 62 61 64 32 34 52 19 53 37 66 69 71 21 36
63 42 34 32 33 71 61 37
34 1 40 32 54 7 61 63
32 34 33 71 54 53 20 36 35 62 56
71 32 34 33
1 19 32 21 61 34 33 71 20 53 24
1 32 65 34
63 1 32 19 34 53 33 71 62 61 21 37 38 3 36 24 42 48 7 54 23 35 52 20
32 34 21 33 71 37 64 67 20
34 1 32 2 54 62 19 6 5 33 4 61 35 36 63 28
1 63 33 32 34 35 40 23 53 71 19 24 39 61 74 62
1 34 33 32 35 63 61 36 62 53 40 37 7 20
32 19 35 34
1 2 32 34 35 52 19
32 2 21 34 1 4 35 61 20 62 44 63 19 42
32 34
1 6 32 34 35 71 19 57
61 42 2 86 1 66 7 63 35 62 32 34 54 33 36 64 52 76 19 74 6 65 75 56
32 34 61 43 57 20 54 63 21 33 71 36 52 35 53 44
32 1 34 61 19 6 44 42 54
33 53 1 32 62 54 21 69 64 71 57 34 37 61 19 36 65 38 20 42 63
1 32 19 34 54 33 5 35 37
61 2 32 65 1 5 34 55 33 53 71
1 92 32 61 6 34 35 66 71 33 19 54
33 34 71 21 37 54 20
33 32 71 34 63 62
63
61 34 20 32
32 63 35 1 39 5 71 2 61 34 33 7 54 37 62
7 1 5 32 19 93 53 34 44 35 65 63 21
32 34 33 61 71 37 38 62 24 36
34 32 19 61 33
34 62 61 32 36 19 54 2 63 21 53
32 1 34 5 35 6
32 37 33 36 34 21 19 71 24 38 20
34 35 36 32 61 37 71 33 19
34 1 35 32 54 33 62 21 6 42
1 5 63 8 92 42 34 32 6 55
63 62 1 6 34 32 2 42 35
34 33 32 53
2 71
19 62 34 33 32 63 71 21 37 79
34 66 54
71
1 34 32 33 6 35
32 1 34 6 5 33
35 71
33 1 71 21 67 36 32 34
32 43 34 33
71 32
33 19 63 71 38 34 21
34 32 42 19 1 61 62 33 63 35
63 83 1 61 62 4 5 74 53 52 6 34 65 33 7 2 21 71 32 19 35 64 54 36 66 42 23 55 75 56 67 57 3 20 85
33 32 34 1 6 37 71
35 32 34 1 5 37 2 36 6 56
34 37 33 6 32 1 61 19
34 62 36 32 33 19
71 32 35
71
1 19 34 20 32 37 6 61
33
34 32 71
1 32 19 34
34
19 33 34 21 61 62 63 32 20 71 37 38 36
71
1 34 32 53 92 20 5 19 21 39 6
72 34 19 20 84 65 68 32
32 34
19 34 21 33
1 34 32 36 33 63 6 35 62 54 92 44 21 42
34 32 43 33 35 61 62 19 52 53
34 2 32 61 33 19 21 37 67 63 62 36 24 38 22 3 20
34 32 62 19 2 23 33 20 61 37
32 20 33 34 19
71 4 6 34 35 32 61 2 63 33 19 27 20 62 26 44
71 32 42 61
34 33 21 71 53 32 35 19 37 62 63 28 67 36 20
34 21 36 32 20 35 62 33 37 19 23 24
1 19 32 33 34 2 64 52
34 62 71 32 21 19 53 61 37 40 20 33 24 1 63 26
34 71 33 63 62 32 36 19 65 21 38 64 44
34 32 21 36 37 31 33 63
34 32 37 62 33 20 71 35 19 21 66 42 36 61 53 54 63 65
63 20 34 62 21 32 19 39 35 37 71
1 34 36 32 28 54 7 19 74 63 76 21 37 35 42 62
71 63 34 1 32 5 37 46 2 35 33 44 6 20 62 36 42 21
32 34 19 21 38 62 36
1 34 32 63 71 7 53 36 33 35 54 21 19
34 71 32 33 36 63 1 54 35 42 62 19 61 21 20 37
71 64
32 1 6 71 40
33 34 71 21 32 61 63 62
2
2
34 32 45
71
34 32 71 62 33 36
32 63 62 67 34 37 33 24 71 19 61
63 1 34 33 37 52 71 32 19 67
1 32 6 34
21 34 71 33 32 37 36
63 34 32 71 19 64 1 5 6 54 55 39 65 33 53 66 8
34 1 32 61 21 19
61 32 1 6 34 33 54 5 62 36 65 73 63 20 19 57 2 35 71 42 52 86 64 69 4 21 43 8 67 7 28 56 39 55 44 3
63 34 32 28 19 33 61 35 7
34 35 36 62 32 63 19 33
32 33 34 35 71 20 19
2 35 34 1 54 5 6 32 4 76 53 63 20 61 44 74
1 6 32 35 33 20 34
34 63 32 37 62
73 1 61 6 2 21 35 32 69 44 34 54 42 7 5 74 63 65 62 33 66 50 64 19
34 32 36 21 38 33
7 19 32 34 1 52 56
62 34 63 33 19 32 35 61 54 53 20 71 36 1 42 23 7 21 64 66 37
34 32 53 35 21 63 67 61 62 19 1 33 71 36 37 52 20 26 42 54 39 43
1 32 2 34 63 61 54 7 87 94 52 95 5 4 82 35 62 73 6 66 36 65 21 64 85 53 69 42 19 56 28 33 44 45 20 67 76 71 75 3 37 59 92
34 19 21 33 62
1 61 34 32 52 37 71 38 33 63
32 1 53 5 92 71 34 62 54 35 61 63
32 35 63
71 39 35 32 69 41 44
5 63 71 68 54
1 32 35 53 34 33 6 5 42 64 21 54 65
34 62 33 32 19 35 24 63 54 21 71 37 36
34 32 33 19 71 21
6 34 83 64
34 42 32 20
71 34 63 36 19 62 38 32 61 33 37 53 54 65
33
1 32 37 34 29 53 20 36 61 71
35 34 1 33 19 32 20 63 61 44 54
71 19 32
54 1 33 101 5 34 3 32 6 39
52 34 32 19 33 20 62 46 54 53
32 34
71 34 33
2 32 62 1 34 40 20 33 6 19 61
34 33 32 71 21 24 61 63 37 62 36 19
1 32 34 2 35 63 64 21 19
34 32 33 1 24 62 38 36 19 63 71 21 23 61 37 20
32 35 71 34
32 1 34 20 52 61 33 2 63
34 37 63 36 19 33 20 32 71
32 35
32 2 1 34 65 61 36 44 33
34
32 34 23 71 33
6 5 1 64 32 62 35 9 2 44 34 19 7
1 32 63 34 5 65 62 2 6 44 19 54 61 64 36 35 37 7 20 21 67 71 33 52 53 42 58 79 69 56 97
34 33 63 37 21 32
34 32
1 32 2 5 71 62 34 33 43 65 35 61
1 2 32 61 34
63 32 1 62 61 53 34 2 44 19 71 35 28 54 42 76 56
2 32 1 34
1 34 32 37 35 20 6 65 54 36
32 34 71 19 20 33 21
1 32 35 6 63 34 33 62 19 37 28 66 20 8
34 1 5 92 26 36 32 27 35 2 37 64 71 62 7 6 54 33 61 53 20 19 55
1 2 37 34 32 62 33 35 44 24 71 19 6
34 32 35 33
36 67 54 34 33
1 35 34 2 32 33 61 19 53 63 71 65 54
32 1 34 20 19 61 35 63 36 71 62 66
34 1 32 19 54 33 62
34 63 61 32 1 33 35 2 21 37 71 36 19 22 62 20 39 42 54 6 28 8
1 42 19 61 32 35 34 53 20 64 54 37 6
1 34 6 5 35 32 53 71 33 20
1 34 5 44 93 7 21 32 2 71 61 63 33 22 19 67 6 62 43 53 45 20 65 36 37 35 92
33 32 62 34 19 7 61 21 35 63 20 37 36
35 1 32 62 5 19 34 6 61 63 2 33 71 20 67 93 21 7 37 53 28 39
71 32 34 21 66 2 35 63 62 61
33 71 1 34 62 32 44 2 7 6 37 20 83 35 61 63 19 36
5 37 2 1 34 32 6 7 71 35 42 66
1 4 42 34 62 32 35 5 71 24 33 21 63 20 61
1 2 5 33 93 32 34 62 19 71 35 42 63 6 36
32 1 62 34 20 19 63 53
6 1 34 32 54 44 35 2 12 63 61 65 62 33 71 5 53 37 19 66 20 74 76 36 7 40 42
32 1 2 34 56 37 61 63 36 64 62 35 42 33 53 19 52
32 34 43 62 19 33 42 61
34 33 71 32 43 62 37 21
2 33 71 101 34 36 7 64 32
32 34 33 19
32 34 71 33 21 63 37 35 19
37 32 34 63 62 61 19 33 67 53 35
20 32 34 62 19 21 61 33 63 71
82 33 1 34 6 44 32 7 35 2 42
63 1 61 32 66 34 21 71 19 42 37 26 53 44 35 39 4 62 23 20 33 6
34 1 32 33 87 4 2 20 35 28
61 2 62 1 7 34 19 32 63 21 35 36 64 37 42 33 92 38 65 74 56 26 20 71 28 52 76 3
32 71 34 33 19 20 42 21 74 62 61
32 34 62 19 40 33
66 6 1 44 67 34 32 64 52 71 63 54 61 56
1 8 32 5 34 7 54 71 93 35 19 63 61
34 71 1 63 32 62 21 61 36
61 62 34 32 2 65 63 54 52 1 20 19 33 21
32 19 71 36 34 63 61
32 34 4 67 63 53 62 2 35
19 36 33 32 71 34 21 20 61 26 37 62 35 54 38
32 35 1 53 34 67 37 65 36
1 5 42 61 34 66 62 54 21 37 2 32 6 53 67 64 35 24 33 63 71 57 19
63 32 34 53 52 2 20 35 33
32 34 21 19 33 63 61 38 22 37 36 62
21 34 71 33 19
71 34 53 57 24 32 54 33 67 21 65 19 63 37 62 61 52
19 34 32 33 20 62 24 42 21 61 63 38 7 67 71 4 65
33 92 1 5 66 4 62 32 36 34 65 71 85 54
1 21 61 63 34 5 69 35 32 6 52 53 65 38 62 36 2 55 75 44 54 66 42 19 71 46 64
2 34 32 1 63 6 35 61 21 62 7 19 71
1 32 34 39 44 71 19
1 61 34 77 5 32 8 92 20 93 62 6 64 44 35 71 69 33 2 21 66 98 54 42 3 19 7 37
32 34 19 33 62
5 1 32 34 35 63 92 7 6 33 61 20 62 44
5 1 20 61 53 66 32 33 34 54
34 32 21 33 20 61 36 53 63 71 19 67 38
34 32 6
71
71 40 32 35 34
65 71 36 33 32 7 38 34 21 61 63 28 62
34 1 33 19 6 7 32
33 1 6 34 32 44 35 61 54 62 37 20 21 53 19
1 32 21 34 19 61 54 5 8 35 62 33 20
71
34
1 2 71 33 34 19 21
34 32 21 38 33 36 20 63 37 1 42 2 19 71 64 62 61 4 35
32 1 20 44 53 34 33 54 5 61 26 35 6 28 19 43 21 62
64 21 32 34 33 38
34 32 38 35 36 65 37 33 62 52
34 2 32 53 62 63 19 21 33 66 71 61 38 20 54
1 5 34 64 2 35 32 6 65 44 76 97 36 63 4 37 33 39 8
33
71
34 1 64 5 32 92 71 52 2 66 42 44 96 101 6 63 62 61 67 65 36 20 37 35 40 54
63 19 32 20 34 33 36 53 62 67 64 71 21 54 37
53 34 21 33 19 32 61
34 62 19 33 53 32
34 33 32 86 62
5 32 48 1 62 65 8 63 42 7 34 61 35 67 33 71 54 44 6 36 66 53 4 28 19 52 37
34 32 1 5 62 6 35 37 64 61 7 20 63 54 21 42 8
34 32 19 71 35 33 63
32 62 34 1 74 61 7 71 63 36 2 44 53 67 33 37 65 35 27 6 19 42 54 52 26 66 64
1 33 32 6 65 34 35 61 64 37 7 63 53 54 62 44 71 2
71 32 19 39 34 33 63 36
34 32 1 62 20 7 63 19 61 54 35 36 33
34
71 33 32 1 6 34 35 19 36 62 63 21 37
32 1 61 63 33 34 19
32 71 38 34 37 33 19 35 61
32
34 71 32 33
71
34 32 19 33 20
71
34 32
