1
72 67 66 65 94 93 74 92 76 47 73 1 75 69 68
46
72 1
70 66 63
1 67 76 66 38
74 46 66 1 65 92 94 48 76 72
74 68 1 65 67 66 63 92 38 70
1 76
1 70
66 1 63
92 94 97 93 46 1
94 1 72 96 92 69 73
1 94 92 65 69 46 97 74 93
94 65 92 46 1 74 47 72 93 73
92 94 65 66 46 93 95 96 73 74 1 36
4 92
74 39 92 94 1 47 63 69 72 64
73 94 92 96 47 72 74 1 75 93 65 64 63 46 48
67 94 92 63 65 97 46 95 96 73 64 48 72 37 93
65 92 63 97 93 96 94 39 1 46 48 74
1 94 92 93 64 46 4 50
94 65 93 98 1 92 97 46
1 93 48 65 92 94 47
1
1 94 92 46 75 74 72 73 97
94 1 93
48 96 47 94 65 78 92 36 73 74 1 72 66 93 97 98
92 1 96 63 48 94 93
1
1 48 94 72 96 47
48
93 92 97 94 1
1 94 82 5 93 36 92 97 74 96 73 64
92 94 46 93 63 97 48 96 74 73
1
92 1 48 93
94 72 92 93 96 1 47 98 48
92
48 92
94
47 76 67
36 1 92 94 97 65
1
94 92
97 74 94 92
92 48 94
94 72 74 65 92 36 78 73 82 93 1 47 63 64 76 75 67 46 48 38 3 56
94 64 92 96 48 73 72 1 46 74 54 95 88 56 77 65 63 67 97 93 78
94 92 36 46 72 78 65 93 96 97 73 74 47 64 51
65 92 94 83 46 64 88 1 47 72 78
92 94 36 64 72 93 65 38 46 87
1 92 94 72 93 73 78 46 65 74 88
93 94 92 65 46 47 96 36 74 73 63
74 73 94 46 93 92 72 65 75 47 48
72 94 74 73 46 64 1 78 77 97 92 87 65 93 47 96 88
74 94 47 75 92 46 65
88 92 93 65 46 94 73 95 72 74 76 63 47 87 64 97 96 2 78
96 98 94 1 47 64 95 92 65 72 51 74 75 63 73 78
94 92 73 78 50 72 97 75 74 51
92 94 1 48 97 46 87
92 47 94 93 1 72
36 92 46 94 47 96 73 74
92 94 46 65 95
94 72 47 46 92 96 30 73
49 92 94 96
94 74 65 84 73 72 46
94 92 66 1 64
94 92 37 72 36 73
92 94 93 46 64
95 94 97 47 92 65 93
93 64 1 48 94
64 74 65 63 1 96
92 72 94 93 47 74 96 46
94
94 65 64 1 63 72 74 67 73 68 93 76 92 66 96
73 74 99 64 1 94 67 47 72 93 92 65 96 95 97 63 46 50
94 92 93 3 95 96 74 1 36 46 72
94 92 64 96 65 95 93 47 73 63 51 98 46 97 99
92 94 93 83 75 46 1 74 73 95
92 97 94 48 93 1 64 47 96
92 94 72 46 74 48
75 94 64
92 94 93 47 46 65
94 63 73 76 93 4 92 47 46 65
92 97 94 93 64 98 47
94 93 92 96 1 48
94 1 93 92 48 47
92 97 94 65 46 93 72
96 94 93 98 92
94 92 96 93
1 94 92
92 1 94 97 46 93 74
72 94 97 73
92 73 76 93
92 63 1 94 48
92 94 48 93 72 46 74 97 73 1 78 65
63 94 93 92 96 1 97 95
92 65 94 46
92 94
93 1 94 70 73 65
93 46 48 92
92 94 93 74 48
1
95 94 2 92 48 93 36 73 72
94 1
92 46 94 93 47 76 73 1
94 47 48 46 93 74 92
72 74 96 92 94 73 1 93 46 65 97 48 64 95 36 82
92 94
92 93 1 94 73
72 93 1 94
94 93 73 92 46 74 48
92 4 94 93 97 48 1 96 47 72
1
94 73 95 92 97 1 93 72
94 48 92 46 97 93 4 74
92 94 93 73 74 72 96 97 37 47
94 72 46 92 74 93 75 97
73 46 37 1 74 94 82 92 96 63 93 65 97 2 72
92 96 93 94 72 97 98 1
1 94 92 98 96 93
92 93 46 48 94 74 73
92 94 48 95 74 93 46 1 51 73 96 72 64 75 97
1
1
1 70
1
27 1 46 48 72 77 93
82 94 92 83 64 73 72 93 74 48 95 65 1 47 4 63 46
94 84 92 48 46 63 93 1 64 95 4
92 94 1 83 95 93 74 82 96 97 48 72 88 4 65 64 67 46 73 2
93 94 47 92 96 46 97 82 74 36 72 95 64 73 98 1
94 96 83 92 72 97 74 18 63 47 65 87 82 36 93 67 73 95 46 88 64
93 94 84 92 96 82 74 65 16 72 48 1 64 75 86 83 88 47 46 73 97 2 95 78
82 92 86 94 74 72 76 48 78 73 66 46 38 87 65 93 1 64 3 47 6 83 84 95 77 2 96 63 75
92 82 1 46 94 47 40 50 48 83 88 93 74 64 2 97 72 65 95 63 96 36 87 67
83 72 94 92 36 93 82 73 1 74 76 2 64 56 65 16 63 47 80
94 46 73 92 1 93 36 72 57
93
82 92 94 46 65 74 38 95 73 78 1 72 93 48
1 83 72 47 78 92 94 65 95 82 3 93 73 74 63 76 96 36 46
94 92 82 1 93 84 74 65 46 72 97 96 47 36 64 87
94 92 98 82 77 50 83 86 65 95 37 74 48 73 72 4 3 1 96 64 93
94 97 16 92 83 84 87 82 93 73 46 96 72 1 36 95 74
82 94 73 46 92 83 47 93 67 95 98 63 64 4 97 48 74 72 87 96 84
92 82 1 2 94 83 95 46 73 93 65 64 47 72 74 38 48
94 95 97 92 74 36 46 1
92 87 93 94 84 82 65 83 80 95 63 1 64 73 47 48 74 75 46 77 97 72
94 92 93 64 97 98 1 73 74 72 48 36 38 75 46 87 65 96 76 2 77
92 94 97 74 72 1 95
74 64 94 72 92
1 94
83 72 92 82 94 73 93 74 1 51 97
82 47 93 94 92 74 1 96 73 48 72 2 87 75 65 64 95 97 36 42 40
94 92 82 72 74 83 95 73 97 1 65 96 77 93 64 47 4
83 92 86 72 94 82 1 64 73 65 76 2 18 74 47 95
93 92 74 94 72 78 46 65 48 96
95 47 96 94 73 78 46 92 1 72 65 93 74 75 84
77 92 94 73 74 1 48 93
1 73 96 93 94 92 48 46 64
92 65 94 72 37 93 58 97 1
94
94
72 1 76 65
92 93 1 74 46
1 94 64 92
94 74 92 46 93 95
63 86 65 84 1 92 94 72 67 76 96 64 36 95 93 75 48 78 77 66 74 39 68
82 83 98 93 46 92 94 1 72 64 96 63 100 56 73 97 74 87
92 94 95 46 96 47
92 95
94 46 92 97 47 93 73 48 1 74
94 96 92 93 4 46 64 72 73 95 97 48 74 47
92 82 48 94 46 93 95 1 64 74
64 92 82 94 73 48 72 93 97
74 72 88 87 94 78 97 75 77 96 36 92 76 73 63 98 65 1 56
92 83 74 88 73 94 64 82 72 93 65 46 4 75
72 74 92 73 94 93 1
94 38 72 74 47 82 88 73 92 76 36 65 78 46 67 5 75 93
1 73 92 94 36 78 74 48 72 63 93 96 46
83 94 46 92 87 78 1 47 74 93 73 72
93 92 94 74 48 1 97 46 96
94 1 73 48 92 93 64
93 73 94 1
94 93 98 96
82 1
94 92 48 93 1 46
63 94 93
92 94 93 1 96 73 97 72
94 93 72 92 46 48 96
93 96 87 92 94 97 48 82 1 74 46 47
1 94 48 73 92 74 93 97 46
83 94 1 73 93 92 72 64 46
72 94 92 38 73 93 63 74 1 76 97 64
94 92 93 1 74 96 72 97 65 78 64 47 48
94 92 1 93
93 1 94 48
92 1 93 94 48
94 65 93 92 64 97 1 46
94
1 94 93 92 73 46 47 30
94 93 92 74
92 94
1
92 82 93 94 72 1 73 97 95 96 63 74
93 94 92
46 92 94
92 94 83 72 93 48 97 64 65 82 1 95 46 96 74 73
82 92 94 95 64 72
92 72 1 94 93 74 73
94 93 92 95 1 73 96 46 47 74 63
82 92 94 48 93 95
92 47 1 94
94 92
94 84 87 92 82 73 96 74 93 65 63 1 97 64 46 47 85 83
92 94
83 94 95
94 46 65 92 1 64
82 94
96 92 98 46 94 73 74
1
46 94 92 96 93 97 1
92 94 83 36 82 50 74 95 1 73 65 93 67 72 46 78 48 77 64 97 96 76 63 56 47 98 75
1
1 94 92 93 73 97 48 36 95 74 96
94 72 1 93 92 73 74 46 98 97
94 93 46 98 92 97
92 93 64 94 96 97 47 48 95 1 50
94 93 96 92 48 74 46 72 73 2 65 1
93 94 36 92 48 1 73 46
1 92 48 94 93 46 73
94 1 92 48 93 74 73 46 64
96 1 94 93 92 48 65
92 93 1 74 94 36 73 48
1 48 93 94
1
88
94 1 92 46
65
76
1 64 96 66 50
94 74 1 92 46 93 47 96 73
94 1 92
1
93 94 92
93 94 92
92 94 1
92 74 48 94 72 93 96 95 97 65 73
92 94 93 1
74 92 48 47 93 94 1
48 1 94 93 36 46 92 73 47
73 93 1 94 92 98 47 48
92 96 48 94 93 47
92 93 95 94 1 74 73 98 97 36 46 47 72 96
94 93 92 73 46 67 1 97 74
94 1 93 73 74 97 92 46 98
74 94 93 1 48 47 46 64 92
92 94 93 46 48 72 73 74 96
94 92 93
72 92 94 93 1 100 46
94 92 74 46 93 47 72 73 65 48 97
1 82 92 94 46 51 93 47
82 51 83 94 92 64 74 46 96 65 97 72
94 46 92 93
92 1 82 94 46 73 93 97 48 95 51 47 65
94 93 95 97 72 92
98 73
94 92 93 48
66 83 82 94 47 92 74 96 64
96 36 92 82 94 1 72 93 46 97
1 92 48 93 73
94 93 92 96 37 36 97 98
93 94 48 92 72 73 1
94 92 82 83 96 1 76 97
1 96 94 82 92 87 93 46 98
92 94 93 46 73 96 47 97 72
97 92 94 48 93
92
94
94 1 92 93 95
93 94 96
68 97 72 1
92 93 94 46 1 48
94 1 97 92 93 46
94 48 1 93 98
94 73 92 93 46 74 1
1 94 93
94 1
94 46 1 93
48
1
93
1
93
93 94
1 94 93
68
70
92 94 82 74 73 72 93 95 48 76 98 65 47 97 46 96 100 64 1 63 78 75
94 93 99 92 46 74
1 72
82 1 94 97 93 92
94 92 1 93 46
94 92 73
94 92 65 46 93 64 47 98
92 94 46 93 97
94 100 72 93
94 72 73 92 97 64 74 93 65 46 38 95 48 60 98 67 78 47 1 96
92 94 93 97
74 94 73 92 93 72
94 92 74 93 95 46 47 96 73 97 72
92 94 65 74 93 98 97 95 1 36 72 96 48
94 47 92
96 92 94 2 46 74 47
46 74 73
92 94 63 74 95 73 93 65 46 50 51 98 47 96 64
46 93 94 37 92 73 1 47 64 36 65 97
72 92 94 93 83 97 67 51 30 2 96 73
94 1 92 93
73 88 94 92 74 95
94 93 92 96 72 82 97 1 74 78 73 76 95 48
94 46 2 73 74 78 72 48 75 97 93 92
94 92 96 1 93 73 72 74 95
1 93
94
48 73
93 46 1 94
72 48 96 36 92 74 73 94 64 93 97
94 72 73 48 1 92 93 97 36 74
93
1
94 73 92
1
94
93 48
1
94
48
93 92 37 98 47 82 65 94 1 95 97 72 96 87 46
82 92 72 1 87 94 93 38 97 95 74 76
93 94 1 74 48 92
92 94 72 74 97 46 93 47 73 1 67
94 92 82 87 97 72 1 2 73 95 93 36 88
94 77 97 93 73 92 98 48 74 87 1 46 64 96 72
93 94 92 95 73 74 48 96 46 72 1 47 97 63
93 95 92 47 74 1 96 94 46 73
92 46 94 74
92 94 73 93 74 87 95 72 97 46 82 1 75 63
94 93 92
92 93 96 94 95 73
94 74 92 46 97 96 72 93 1 87
94 65 92 93 96 72 63 1 73 74 46 64 47 4 67 95 48 97 87 98 84 78
92 94 73 48 72 100 97 51 74
93 94 92 73 1
92 94 93 1 72
92 4 94
92 93 96 97 75 46 94 64 76 1 95 47 72 73
92 84 94 85 72 47 74 1 93
82 92 94
97 94 92 93
94 92 82 73 93 74 1 72 96
82 92 94 93 46 96 74 72
92 96 94 74 73 65 46 97 93
95 92 72 94 87
95 92 82 72 94 47 48 73 84 98 74 93
82 92 93 94 46 48
94 92 100 97 95
46 92 82 72 94 74 95 48 93 65
92 94 93 46
94 72 92 95
82 94 93 92 95 1 97 46 74 72 47
94 92 96 72 74 1 93
94 92 93 74 72
92 1 94
92 96 88 74 94 46 36 72 48 99 64 1 47 78 93 73
92 94 64 65 73 72 47
92 72 94 95 73 46 63
94 1 48 92 93 64
94 95 82 88 93 92 74 72
51 94 92 93 1 46 47 97
94 48 92 47
73 93 94 63 92 72
92 94 74 73 47 63 1
94 82 38 96 92 83 93 97 20 63 48 46 74 72 1 101 65
92 94 93 98 74 65 73
94 74 72 64 92 46 73 93 48 36 97 77 76 65 1 96 78 75
94 92 97 64 74
94 74 95 92 31 48 64 1
94
94
94
94
92 82 94 85 73 47 46 74 97 1 72 95 93 100 98 99 50 48
1 94 73 93 30 3 64 87 72
73 96 94 72 92 93 46 74
47 82 83 73 50 88 94 93 92 96 74 72 95 46 48 65 1 36
94 73 92 48 1 93 47 74 46 64
83 92 74 94 88 1 73 65 55 72 97 75 46 78 87 36 63 5 96 93 39 76 80 64 95
95 92 94 93 96 1 2 47
94 92 93 73 51 48 1 46
92
92 94 74 93 96
94 96 2 97 93 48 92 1 87 64 95
92 94 72 73 1 82 46 93 97 78 47 95 48 96 74 64
94 74
84 72 92
95 96 93 92 94 48 1 47 73 46 72 74 64
95 94 92 46 97 36 65
83 1
95 83 2 92 94 1
83 72 92
83 87
1
83
83 92 73 93 94
94 46 92 64 48 73 74 47 95 97 96 1 75 38 87 93 72
94 92 74 73
92 93 94 48 87 96 73 75 72 46 64 74 1 47 39
94 93 92 73 72 64 74
83 92 94 47 82 72 76 48 1 73 95 74 46 4 93 65 97 80 20 2
94 1 92 87 93 97 83 82 48 95 77 65 46 73 96 75 74 78 72 63 47
94 82 1 92 46 97
94 92 93 36 96
93 94 1 74 48 92
48 93 94 1 92 72
48 94 93 51 92 1 98 46
92 1 94 93 48 95 30 46 74
94 92
94
94 83 92 1 74 64 95
92 93 94 87 95 48 74 97 82 72 46 51 64 96 1
94 92 93 19 73 63 72 98 80 95 74 65 46
94 92 86 72 1 82 93 36 74 65 75 97
46
94 1
93 1
92 94 93 47 1 63 48 78 46
94 1 74 92 95 93 46
92 1 93 48 94 65 63
92 83 93 94 48 46
94 92 1 93 48 46 74
93 1 94 46 48 92
93 94 92 1 46 48
94 1 92 65 48 47 93
92 94 1 93
94 93 1 92 88 48 74 47
93 1 94 92 95 48 73 46 47
83 94 93 1 46 3 92 73 96 65 63 74 48 75 64 51 67
93 92
93 94 82 92 46 1 73 96 74 48
94
1 94 93 92 48 46 97
92 94 48 93 1 95
93 94 95 92 48 1 65 4 74 87
82 92 1 87
86 82 92 87 1 20 94
97 92 1 87 82 86 94 95 72 47 67 73
73 48 46 94
82 87 94 96 92 93 1 72 75 73 48
77 1 64
92 82 1 94 64 87 93 83 36 38
82 4 1 94 74 93 65 2 63 78 92 95 73 48 97 36 87 46 72 77 64
72 78 64 92 1 74 94 87 93 96 83 65 2 46 97 88 68 73
48 94 92 93 1 97 72 96 63 74 95 47 64 46 65
92 83 73 94 93 74 1 46 96 95 72 87 88 97 47
95 94 92 93 74 96 64 97 2 1 72 88
83 94 92 1 93 51 97 73
83 1 73 96
92 1 48 73 94
92 94 1
1
83 92 94 1 100 93 46 72
94 92 1
94 93 46 92 48
92 94 46 96 1 93
1 93
93 92 94 48
92 94 74 93 95 1
92 93 48 94 72 46 98 97 1 73
92 93 94
94 73 93
94
64 48 73 94 92 74 63 46 47 1
73 94 96 92 95 72 97 74
92
94
92 94
94 92 74 73 72
1
1 48 46 47
83 1
1
1 93 94 96
1
1
1
69 93 94 1 98
94 72 92 1 96 74 93 97 78 48 47 73 95 46 64
92 1
1 92 48 93 94
1
1 92 93 48 94
1 94 92
1
1 94
1
1 36
1
92 94 88
76 1 77 82 72 54 75 73 79 86 87 74 55 94 67 78 46 80 29 56 36 65 63 27 58 84 92 7 57 88 37
74 88 64 92 65 72 80 1 68 36 94 77 93 3 67
53 82 89 72 75 94 1 92 64 76 65 74 77 73 46 56 4 36 38
80 92 73 74 72 94 95 77
76 72 28 86 47 55 36 57 92 82 74 77 53 75 63 94 37 65 89 58 1 59 38 83 80 73 64 4 46
77 64 49 53 1 82 72 36 86 83 92 94 74 75 78 88 87 63 65 73 55 93 38 58 95 76
74 64 92 82 72 87 77 86 1 75 84 88 89 95 36 63 67 94 65 73 54 57 98 7 47 38 76 97 3 83 55 56
75 55 77 74 72 1 8 67 76 80 73 94 64 68 92 93 96 82 65 70 63 38 57 36 47 56 66 79 81
55 74 83 73 76 72 65 75 78 50 29 56 94 88 84 54 1 95
72 74 36 92 82 94 65 47 75 86 95 76 97 46 89 37 87 54 77 64 38 73 56 99 1 80 93 96
82 94 92 86 1 74 95 101 87 89 47 93 36 97 38 42 73 72 7
56 96 72 92 93 86 84 82 36 94 64 47 3 95 74 55 77 89 58 88 73 38 46 57 87 75 65 80 1 48
82 87 1 86 99 95 92 94 20 97 90 89
74 92 82 65 94 72 88 36 83 97 38 64 77 76
92 95 99 94 82 87 1 86 93 97
1 82 63 92 94 64 79 95 65 72 87 20 36 74 16 93 99 73 47
1 82 95 92 93 97
64 92 78 82 88 36 1 89 65 94 63 68 87 72 46
77 92 82 95 1 87
72 92 87 94 93 65 64 88 82 74 46 95 1 48 36
82 72 92 47 94 38 87 95 74 76 46 1 64
74 94 55 83 92 96 72 82 46 78 65 68 64
1 73 92 94 93 46 63
92 94 74 63 72 1 93 65 46
46 92 94 74
94 92 88 46 73 50
94 65 92 48 73
92 94 74 48 50 46
92 74 46 94 73 95 47 78 93 67 49 72 1 75 96 97
74 64 94 96 46 78 92 1 72 51 75 48 65 98 63 73
94 73 97 46 92 63
94 93 92
82 94 96 73 92 1
92 94 47 46 74 64
94 92 95 93 64 46 47
92 94 93 74 95 73 65 96
92 96 1 94 72 46 65
94 92 93 72
94 36 92 78 96 67 74 50
72
46 94 92 67 73 74
92 94 73 47 72 76
73 92 1 38 94 95
64 94 92 74 73 95 1 93 69 38 72
94 92
94 92 95 72 74
83 94 92 72 73 1 96
92 74 72 46 73 94 95 93 3
94 92 95
94 92 1 80 64 76 74
82 87 94 92 98 83 65 46 86 47 93 72 1 74 63 64 97
36 82 75 93 72 89 86 92 55 64 94 46 96 38 74
1 80 36 58 92 65 67 94 64
94 92 82 87 36 93 86 38 89 72 73 64 22 97 37 47 1 74 65
94 92 86 97 87 82 17 74 1 38 47 96 80 78 48 51 36 95 73
1 92 48
82 75 92 47 96 94 74 72 87 76 46 38 64 93 73 1 2
65 1 95 94 64 97 92
82 83 73 1 92 93 86 36 94 84 65 38 72 75
82 94 86 92 95 1 87 72 96 38 36 65 73 46 74 93
92 94 82 65 93 46 95 72 96 74 87 64 1 97 36
92 93 82 94 87 46 1 73 78 95 89 38
94 82 86 87 75 47 93 36 95 92 97 65
82 93 94 92 86 64 73 87 95
94 46 92 88 78 89 82 95 74 73 1 72 93 96 64 67 76
94 1
82 36 96
92 94 74 93 96 46 83 73 4 72
92 74 94 97 72
92 97 94 4 74
92 94 73 66
94 74 92 72
92 94 4 64 72 74
72
94 95 92
92 94 95 46 93
94 95 92
94 92 72 95 46
92 94 36 74
1 92 94
92 94
92 1 94 73 72 93 98 67 47 97 95
92 94 93 74 1 95 65 72
94 86 82 92 93 87 1 72 89
92 36 47 94
94 92 46 74
92 94
94 74 1 64 92 89 95 73 68
86 82 1 92 16 47 94 87 97 96
94 92 82 48 93 1 95
94 92 89 82 75 93 87 1 47 38 95 3 36 88 65 46 72
92 78 86 94 73 72 38 76 83 1 74 88
92 84 97 94 86 72 95 85 89 1 74
92 1 87 94 82 95 19 65 46 93 72 97 38
82 92 94 86 87 67 89 72 74 93 65 1 95 96 38 64 97 48 63
1
96 92 94 1 93 48 72 46
92 94 73 93 82 95 46
94 93 92 64 88 87
94 92 93
94 83 97 92 95 74 82
74 94 92 82 78 93 96 65 97 47 64 72 46 1
93 94 92 46 63 82 96 97 64 74 66 72 65 78 73 76
92 94 72 1 73 48 93 97 64 46 47 65 96 95 74 38 63 75
82 94 93 74 92 97 86 96 47 72 73 30 67 46 95 38 65
92 87 94 64 73 93 96 95 47 46
92 94 96 95 97 74 99 47 88
82 92 94 3 65 74 72 63
95 92 94
72 82 67 95 63 1 64 92 88 65
26 29 76 54 77 73 94 92 75 74 65 87 84 63 72 78 66 93 64 1 96 2 67 88
94 92 82 36 47 46 95 74 64
96 94 92 93 46 64 65 97 48 38 47 74 72 63 78
94 92 93 47
94 92 74 93 48 73 46 65 95
94 92 83 46 93 47 64
92 82 76 84 1 83 74 94 47 67 72 93 73 96 56 46 78
83 84 82
83 1 94 92 46 84
94 1 92 93 74 46 4 95 38 36 47
86 83 94 74 46 97 77 47 92 72 93 48 96 73 76 98
92 94 93 97 72
94 92 74 46 95 93
94 96 93 92 74
83 96 92 1
92 47 94 46 73 95 65
82 92 75 95 63 94
94 74 92 46 72 73 38 93 97
82 94 92 95 93
92 46 65 37 95 64 93 94
65 74 82 95 94 92 93 1
94 92 96 74 73
93 94 1 73 92
94 92 93 1 38 87
92 97 94
97 64 93 92 94 72 95 65 68
83 92 94 74 1 88 93 64 95 73 46
94 92 36 74 46 96 93 95 73
94 92 97 93 74 67 65 46 73 64 72 63 48 66 95
92 1 65 93 94 67 95 72 74 64 97 73
72 87 1 76 97
92 94 65 82 95 72 47 1 96 64 76 74 93
92 94 46 82 97 87 96 48 83 88 93 76 72
93 92 94 46
36 64
96 47 94 68 87 93 46 97 92
66 73 74 92 94 67 76 96 65 80 64
76 94 84 92 65
94 82 92 95 73 47 93 75 1 74 87
93 92 96 94 65 97 64 1 73 46 72
36 92 72 94
95 94 92 1 93 72
92 94 96 95 1 72 97
47 68 92 94 1
1 92 74
1 73 96
94 93 92 96
92 94
1 92 94 72 87 77 93
92 94 95 97
72 65 54 77 68 82 1 64 92 74 63 56 75 67 80 93
92 64 73 94 93 72 48 80 1 88 74 82 40 47 46 67 57 96 97 63 68 78 98 95 65 77
95 92 72 64 94 73 82 74 87 46 47 65 2 67 93 75 63 96 1
82 92 86 1 72 94 96 95 65 46 63
92 82 94 73 93 84 98 21 64 72 74 76 67 87 95 83 88 48 1
92 87 94 99 95 93 74
92 94 93 48 96 73 82 1 72 47 74 95 97 98 37
94 92 93 72 82 65 46 95 47 64 1 96
92 95 94 96 93 46 73 74 76 72 48
92 94 72 87 82 97
92 1 47 94 72 74 46
75 94 74 92 64 93 96 73 65 72 78 63 95 1 80 87 76 88 97 47
92 46 96 73 94 3 98 72 74 95 93 1 36
92 94 46 74 64 95 97 72 88 93 65 47
92 94 82 87 88 73 93 74 96
92 94 74
93 92 94 97 72 1 95 48 46 65 88 38
82 86 92 93 94 87 1 97
100 86 82 1 92 87 93 94 72 97 95
94 92 73 1 93
82 87 3 92 1 95
1 92 73 77 97 94 87 93 74 47
94 1 92 48 93 97 64 74 95 38 72 87
83 84 1 72 39 63 36 92 88 48 64 65 96 77 40 94 95 74
83
83
82 1 95 74 77 94 92 87
83 93 92 1 97 94 65 74 72
92 82 1 97 93 94
83 82
82
92
3 92 94 73 95 46 78 1 93 72 74 75 96 4 100 88
83 92 74 94 73 72 1 93 63 46 87 38 65 77 64
83 82 84 73 94
94 83 93 46
92 94 82 46 4 72 95 93 74 73 65 1
92 94 95 46 73 47
92 94 72 95 46 47 99
92 74 94 72 47
92 36 72 94 74
94 92 46 74
1
94 95 74 72 92 65 93 48 97
82 92 74 94 93 88 87 95
96 94 46 92 97 65 74 72 93
94 1 64 68 67 92 72 63 65
92
94 82 84 1 72 83 92 30 73 47 93 74 20 16 46 88 97
92 46 96 50 72 1 94
92 74 73 47 82 94 87 95 93 88 72 65 46 1
82 92 94 93 74 1 46 73 96
93 92 94 1 82 73 84 95
82 92 95 84 94 46 72
97 94 72 74 92 95 1 73 64 46 93
92 36 94 1
46 92 94 95 1 72
92 1 95 46
82 92 94 95 1 74
82 83 92 86 1 74 72 87 94 16 97 98 73 95
86 92 76 94 89 1
92 93 98 96 94 46 97 48 73 1
94 92 48 65 93 51 46 74 97 73 96 72 47
93 1 92 94 48 72 95 46 74 47
94 96 82 87 72 17 92 86 95 1 93 46 97
92 94 1 46 93
92 94 95 1 87 93 64
94 92 96 95
48 92 1 94 95 93 47 78
1 72 92 87 94 82 16 48 46 95 75
82 94 95 92 88 72 1 97 87 99 96 93 98 48
93 94 92 82 1 16 87 20 46 74 95 72 96 80 97 30 51
92 94 93 46 1 95
92 74 93 95 94 96
94 98 93 92 97 88 48 73 95
92 1 97 93 95 94 38 46
82 94 95 1 73 87 92
94 92 75 74 95 1
94 93 92 74 97
94 93 97 92
1
98 92 94 93 1 74 97 73 64
94 74 92 1 73 51 93 97 96 87
1 94 92 96 97 65 93
94 47 92 46 51 93 1 72 48 97
94
48 92 94 82 93 1 96 73 97 3
46 94 93 1 48 92 65 47 97 96
48 93 92 1 64
95 96 93 92 74 94 72 1 97 73 48 36 46 64 63
94 92 93 74 46 96 72 87 73
92 95 82 94 37 41 97 96 93
92 1 94 73 82 48 64 65 76 37 74 93
95 94 73 46 92 48 93 74 47 63 65 78
87 1 92 73 46 93 94 95 74 76 72 82 88 97
94 92
46 82 74 92 73 48 94 47 72 95 1 2 96
82 92 95 93 73 94 1 96 47
97 92 63 72 1 94 73 46 93 48 64 65 74
92 94 95 73 1 74 93 36 46
92 94
94 97 48 74 78 93 92 96 73 72 51 1 95
36 94 92 48 93 51 96 72 46 73 74
94 92 93 48
82 94 97 92 74 72 93 64 48
93 94 92 74 1 73 97 48 72 46
94 92 46 96 51 48 73 75 1
97 94 93 46 92 64 96 1 74
94 1 93 92 73 48
75 76
92 1 94 75
92 94 1 93
94 1 93 97 92
1 93 94 72 92 97 36
92 73 94 46 93 74 1 51 72 98 97 48
73 94 48 92 1 65 93 74
92 94 78 93 95
94 74 92
96 74 94 92 93 1 51 48
93 94 96 92 72 74 1 48 67 88 64 46 98 73 47 95 97
1 94 93 73 92 96 97
82 72 92 1 66 93 67 65 46 94 95 64 78 74 97 63 48 73
94 1 92
46 92 93 94 97
94 92 96 1 46 93
83 1 51
92 46
97
97
92 94 93 100 46
94 1 46 95 92
82 92 95 1 94 76 72 46 38 74 96 93 16 73
92 93 94
94 93 92
94 1 92 46 95 73 93
1
46 74 92 93 73 94
48
1
74 50 97 84 94 78
92 1 94
92 94
92 1 94 74 65 38
94 1 92 95 73
92 94 82 63 72 73 64 96 93 55 46 97 78 5 74 65 1 75 67 4 37 95 56 57 88 36 76 38 47
74 65 92 36 93 83 94 64 1 77 72 66 88 76 78 75 73 3 96 63 29 84 46 67 48 4 56 80 37 41 68
94 92 73 1
82 94 92 64 72 74 1 73 87 75 36 65 38
47 92 94 93 64 1 97 96 98 46 48
94 92 93
94 82 46 74 48 96 92 39 93 97 64 72 73 47 95 78 1 65 67 76 63 86 37 75 50 84
82 93 92 83 95 94 99 73 74 77 72 36 47
92 94 74 36 64 95 93 1
86 83 87 84 97 92 94 95 1 93 38 63
94 92 93 72 95 64 65 97
65 92 86 74 82 94 46 64 93 72 73 1 75 4 48 76
82 94 92 97
94 92 46 93 95 74 47 36 38 1
94 92 73 74 95 46
74 82 87 83 92 95 94 67 1 72 48 76 84 69 46 78
92 95 1 94 46
94 92 1 74 93
72 94
97 92 94 1 95
92 82 1
93 92
82 95 92 74 1 87 77
1 97 92 94 73 46 48 50
1 82 38 92 94 64 63 73 74 48 95 87 72
94 74 47 72 1 67 92 36 73 93 64 65 96
30 93 87 94 74 98
94 92 48 1 93
93 73 92 1 94 48 87 47 72 36 96 64
93 92 1 94
92 94 93
66 88 63 94 83 72 74 92 64 36 65 51 75 1 93 73 96
83
1
76 78 65 1 92 73 64 95 94 93 87
1 94 93 92 64 47 48 72
94 93 1
92 93 46 1 94
93 94
94 92 95 73
63 92 94 93 46 64
36 92 74 94 93 64 95 65 47
94 92 72 74 46 64 95 65
92 95 94 36 74 82 63 72
94 92 93 73 72
92 94
92 94 95 72 1 46 97 93 82 96 87 47 38 73 63 16 64
92 63 94 74 1 65 99 72 73 46 93 88 78 83 64 40 75
94 95 93 46 47
94 1 98 92 93 48 74 97
94 1 92 93 46 72 63 48 74 95
88 38 1 92 94 46 47
93 72 92 94 1 48 73 47 74 95
94 95 48 1 65 92 93
87 93 92 94 74 1 72 64 78 88 73
36 77 82 64 74 94 46 1 65 88 92 93 48 95 72 75 2 78 47
73 74 1 47 92 94 48
92 46 94 93 64 82 1 74 95 48 50
72 92 97 82 87 94 1 95 47 93 67 46
92 94 82 96 1 47 97 95 93 88 83 74
92 38 94 95 72 46 99 47 87 97 64 36 93
92 86 96 1 93 94 95 46 88 72 73 36
92 82 94 88 47 64 1 72 46 95
92 94 50 1 48 46 95 93 74 65 73 47 96 38 72
64 94 92 74 46 75 82 87 48 73 47 93 95 77 72
73 92 94 46 48
92 94 47 48 96
73 94 93 47 92 72 74 46
94 74 95
1 94 92 93 72
94 1 92
94 92 47 1 73 46
92 94 93 1 74
92 94
92 94 73 63 46
94 92 46 96 93 36 74 48 47 72
92 97 94 73
93 92 94
94 92 93
92 94 46
46 94 1 92 47 73 93 98 72 95 96
94 92 93 95 73
94 92
94 92 98 93 3
94 92 73 93 1 4
65 1 92
94 97 63
94 92 93
1 92 94 74 48 75
83 1 94 92 73 46 74 72 64
65 93 92 94 97
92 94 93
46 94 92 93 47 1 74 64 97 63
94 82 92 47 46 87 93 74 95 36 73
46 92 94 1 93 51 48 4 73 96
94 74 47 92 93 48
94 1 92 95 93 74 4 49 48 97 73
92 94
92 94 93 46 1 2 47 48
1 94 46 92 73
94 92 1 96 93 46
94 92 74 48
94 92 96 72 74
94 74 92 72 93 4
94 92 93 96
64 94 96 93
65 66 69 75 64 1 67 70 68 63
1 64
66 67 70 72 69 1
69 63 76 66 67 68 65
1 3 63 77 65 93 80 67 72 38 69 76 68 75
94 92 93 97
92 74 46 94
72 92 94
47 94 92 72
94 98 93 74
93 94 92 74 46
94
92 94
93 94 95
94 92
94 93 96 92
94 93 92
94 92 93 73 72
94 93 72 92 47 73 74 46
68 1 76
94 46 1 92 96 93 47 48 74 39 73 72 97 98 64
94 96 98 73 93 74 46 51 47
87 64 94 93 92 47 72 74 73 65
96 94 72 46 48 47 93
97 1 50 63
82 74 72 1 73 46 92 94 98 47 93
94 92
94 92 47 93 78 36 46
93 65 63 94 76 67 92 36 78
92 48 94 95 1 73 74 93 39 3 72 46 65 96
94 93 92 47 96 46
46 92 1
94 92 93 47
94 95 92 46 93 73
92 94 46 74
92 94
92 94
46 93 94 73 92
93 82 92 94 74 47 1 95 96 73
92 93 94
93 92 94
48 94 92
93 92 94 72
93 94
94 93 92 72 51
94 93 92 73
94 92 48 73
94 74 92 93
94 92
94 92 93 48
72 94 92 93
92 94 74 93
94 93
92 94 93 73 76 48 46 95
94 46
83 94 93 73 74 95 92 1
93 46 92 1 94 74 73 72
73 72 48 92 94
92 94
94 92 48 93
94 92 93
93 92 46 94 78
94 92 46 72 74
94 47 92 46
76
94 93 92 74 75 46
94 47 46 92 48
94 93 73 92
92 94 48 93
94 92 46
94 73 93 92 46
92 94 93
93 94
94
94 1
48
94
97
93 76 72 74 73 92 57
1 94 92 93 48
92 94 93 67
94 92 74
94 92 48 93
92 94 93
82 92 94 93 98 47 65 77 46 97 1 48 67 74 72 76 75 73 96
63 72 57 75 78 67 46 76 65 93 64 80 73 39 36
93 94 75 1 92 4 46
94 92 97 93
94 92
94 92 46 93
46 94 92 93
94 92 93
92 94 46
94 92 93
94 92 46 47 93 37
94 92 48 93
94 92 1 93 74 46
93 92 94
94 93 92 73 47 46
94 92 73
94 92 74
94 92
94 48 46 92 73
46 94 92 93 73
94 92
94 92 74
94 93 73 92
94 92 73
92 94 93
94 92
72 65 92 94
94 92 93 46
92 47 94
92 94 47 93 72 46
92 94 1 93 31 73 46 72 76 96
73
92 1 95 94 46 74 93
94 92 93 73 48 46
94 92 72 73 93 64
94 46 74 73 93
92 94 72 48 93 73 65 51 46 1 97 98 74 95
92 94 46 87 93 73
46 1
94 92 93 1 96 74 73 72 48
94 92 97 73 37 46 93 74 95 47
74 95 92 94 1 82 46 73 72
94 92
94 92 64 93 74
92 47
92 46 93 94 72 1 73
94 93 46 92 72 73
73 92 94
94 74 1 96
97 93 92 83 94 82 72 96 64 1 95 47 48 46
65 94 74 72 92 64 48 93 78 95 46 76 1
82 94 95 72 92 97 64 63 47 1 93 74 96
97 94 1 92 73 93 64 74
93 92 94 78 74 96 48 73 46 72 36 1
46 96 92 73 94 1 93 36 48 65
97 94 1 92 36 72 93 48 74 38 64 37 63
1
1
94 38 95 92 93 74 46 47
1
1
95 97 94
78 94 1 98 48 46 92 65 63 73
92 94 48 93
94 92
93 48
46 73 47 94 74 92
93 64 94 96 92 48 46
94 82 96 73 93 92 47 1 46 72 74 48 95
94 48 92 93 72 1
98 94 51 92 46
92 94 93 1 48
73 94 93 46
92 94 93 74 48
93 92 94 46
92 96 94 93 72 73 98 48 74 1
94 92 93 46 72 74
93 94 73 92 97 1
98 74 94 72 93 48 92 96 1 73 47 97 51
1
94 92 93 46 74 96 64 48
1
83
94
83 1
93
94 1
94
1 96 69 93 47 94 72 65 64 48 38 67 68 51
48
92 64 94 1
46
92 78 94 73 1 93 46 48 63 97 64 72 65 47
93 95 94 97 1 92 73 72 46 38 74 48 64 96 36 51
97 94 48 92 1 64 93 2 73 46 98 72
94 92 93 36 73 1 72 74 67 48
92 93 94 48 46 63 98 1
94 92 73 97 93 72
94 97 92 38 93 46 48 1
1 92 94 48 93
93 92 94 82 1 46
94 98 92 73 1 46 93 97 64 65 48 74
94 92 72
94 92 72 93 98 100 73 97 74 96
83 94 64 75 72 70 74
68 1 63 78 66 65 64 72
1 67 63 69 66 65 64
63 66 1 64 65
64 66 1
92 94 67 63 65 1 70 36 69 66
97 94 92 93 48
56 94 1 65 73 46 72 93 64 92 78 74 68 76 98 75 88
94 93 92 38 74 48 96
93 74 94 92 1 65 73
1 72 63 65 94 47
66 1
1
93 94 46 74 36 65 96 63 48
72 96 94 46 1 93 74 92 97 64
1
95 46 96 64 94 92 72 93 74 73 47
92 73 74 93 94 1
92 48 46 94 93
93 92 95
93 94
1
1
94 92 64 93
92 94 73 93
74 94 92 72 1
92 94 95
46 92 94 72
94 92
94 1 92 95
94 92 46
92 94 36
94 92 3 72 46
94 92
92 94 74 1 83 46 73
84 78 83 74 72 93 36
92 94
92 94 93 95
92 78 94 93 80 98 1 2
1
94
94 92 74
94
1
67
94 73
1
82
82 83 94 74 92 93
93 92 1 48
1 66
1
1
1
94
92 94 97 72 48 93 65
72 92 76 94 93 64 65
94 48 93 92 74
82 92 1 74 93 96 36 63 72 94 65 68 48 97 39 73
1
94 1 93 72 36 92
94
93 1 95 48
46
94
94
94
72 75 94 1 92
94
94
94
94
94 74
94
94
1
83 92 1 69 66 67 63 65 36 97 84 64
83 1
85
69 80 1 67 66 70 42 92
83 1
1 82 48
46 98 92 94 73 93 95 72 47 64
94 93 48 92
94 73 93
93 94 92 96 48 46 60
47 92 74 94
93 92 1 94 72 74 48 88 98 73
94 92 93 73 72 74 64 48
93 73 96 94 47 74
92 94 95 1
93 72 94 92 74 64 46 65 1 63 96 73 75 76
92 94 93
92 96 72 94
93 46 74 97 92 94 96 64
94 1 93 74 96 73 92 46 72
1 94 93 92
1
4 72 94 93 98 48 92
1 94 93 92 48
94 93 92
92 94 93 47 1 96
94 92 72 93
92 94 97 63 93 74 65 47
92 94 74 93 96
94 93 92 74 47 1 73 46
92 96
93 92 94 48
94 92 96 74 1
94 93 74 92 72 73 97 1 75 48 46 99
94 72 93
93 94 96 73 74 78 92
93 92 94 74 48
76 73 93 65 98 68 74 92 72 63 94 1 46 96 75 66 2
94 92 93 1 74 39
94 92
94 47 46 74 92 93 96
94 92 46 93 72 96 74 1
94 93 92 48
94 92 1
93 51 94 92 96 48 78 97 1 98
94 92 93 46 1
94 46
94 96 93 73 46 92 74
94 93 92 72 73 65 97 32 46 48 74
92 93 94 73 48 96 38
1 92 97 94 46 93 48 47 37 98 72 75
74 92 94 73 72 93
47 94 92 93 97 96 46
92 93 94 96 1
97 94 73 48 93 46 92
94 96 92 48 46 47 93 74
93 92 94 4 46
1 93 94 73 92 72 48 47
1
1
92 74 94 72 73 46 1 47 97 95 98 93 37 48 88
94 92 96 73
47 94 92 1 93
93 72 1 46 92 94 78 97 96 98 87
94 93 92
92 93 94 96 97 95 48
1 94 92 93 72 74
94 46 92 93 1
94
72 94 93 96 50 92 1
94 92 93
94 93 37 47 92 48 1 46 64
1
94 93 92 73
93 94
1
1
72 93 1 94 96 48 46 92 50 73 74 47 97
94 48 92
76 93 73 72 96 75 78 94 98
92 94 96
1 94 93 92 48 73 46 74
96 94 48 92 93 37 73 46
93
92 93 94 46 65 73
93 73 96
93 47 92 94 1 74 96 64
94 92 46 1 64 93 48 65
92 48 94 1 46 93 74 95 51 3
93 98 73 100 94 64 96 46 92 74
94 74 48 92 93 73 72 97 46 96
48 46 94 93
93 94 73 48 72
94 93 92 73 72 48 46 1 74 38 64 75 98 76 56 87 97 65
74 92 94 47 46 50 73 72 51 93 36 97 96
93 72 73 94 92 78 46 74 97 47 65 63 96 98 50 48 1 75 76 67 64 5
93 49 92 94 96 46 97 74
73 74 94 97 65 98 96 1 64 92 36 47 48 50 93 72 76 100
46 97 94 92 74 73
94 92 97
73 92 94 72 93 95 74 96 46 48 97 100 1 4 50 47 98 64
94 92 93 74 47
92 74 96 94
94 98 92 93 73 72 50 96 48
72 92 94 47 1 3 96 46 93 74 73
94 92 96 46 73 1 74 72 95 48 93
46 73 94
94 92 1 93
92 87
93 92 94 96 97 1 73 95 72
92 94 93 97 1 72 96 95
94 47 92 93 74 48 64 72 73 97 65
92 72 94 36 64 93 47 74 97 96
65 92 94 96
94 97 92 73 72 46 74 47 96 93 36 78
73 94 92 97 95 96 72 46 93 47
94 98 64 92 93 96 65 46 48 74 47 73
94 93 96 92 47 65 73 46 1 98 50 74
94 93 47 92 64 74 72 73 97 98 51 1
64 72 93 73 4 92 94 47 95 97 74 48 96 51 98 46
46 93 92 78 72 76 51 75 73 96 94 88 74 65 57 64 97 95 48 84 56 98
94 92 96 74 65
92 94
92 94 47
92 94 95
94 1
92 1 94 93
92 73 94 93 97 1 46 48 72 98 95 96 47 74
92 94 93 96 47 78 72 73 1 46 48 64 65 74 75 97 36
93 94 64 92 73
94 92 93 64 48
94 92 97 93 73
98 92 94 64 74 51 73 93
94 97 92 96 74
94 92 73 46 93 74 97 48 47 65 96 72 98
93 94 92 46 48 72 73 64
93 94 92 46 65 98 49 74 96
93 94 48 96 46 92 74 51 1 47 72
94 93 1
92 94 48 97 96 47 46 93 50 74 95 73 51
94
94 92 93 96 48 47 73 46
73 93 92 94 96 74 1
93 92 94 97 96 95
93 46 94 92 95 74 72 73 97 2 78
94 49 92 93 63 65 74 46 76 97 88 75 64 98 1 47 73 48
92 94 96 1 64 72 74 48
94 92 93 72 74 73 96
97 94 95 92 93 96 48 73 74 72 63 64
72 93 96 48 94 92 1
72 94 93 46 92 1 3 74 73 75 47 36 48 76 64 96 95 97 67 78
88
63 48 94 92 93 1
93 94 48 92 46 38
94 92 47 96
94 64 73 1 93 92 97 96
92 94 73 93 48 97 96
92 93 94 98 65 96
50 96 92 94 93 95 73
94 48 47 92 96 46 93 55 73 65
94 92
92 63
94 93 92
96 94 92 72 4 74 48 65 97 93 64 78 1 73 88 76 77 47 46 38
92 94 74 38 48 96 88 72 93
94 92 73 1 98 93 46 74
94 48 92 97 72 46 50
94 74 72 92 96 46 73 93 64 78
94 92 73 97 74
92 94 96 95 93 46 1 36 72
92 46 50 64 94 93 73 1 2 51 77 74
94 73 74 92 63 72 46 78 93 96 1 48 97 47 75 64 100
94 95 92 46 72 64 74 63 93 73 88
94 72 96
94 93 72 92
72 83 74 75 96 18 92 93 94 73 82 88 30 47 78 89 63 97 50 46
94 98 92 74 47 93 46 73
48 92 93 73 74 96 36 94 95 46
94 92 73 95 65
2 98 92 47 94 63
94 93 92
94 30 72 96
94 74 93 92 1
93 92 94 64 1 96 46 48 74 47 98 72 73
94 93 78 73 92 72 1
94 92 96 97
94 92 93 97 73
97 98 94 65 48 92
92 74 94 72 50
65 92 94 46 97 96 1 74 93 64 47 98
94
92 93 73 94 96 46 72 47 97 48 37 95 40 88 98 87
92 97 94 72 67 47 73 40 93 46 64 1 74 87
92 72 1 94 47 97 96 63 74 93
94 46 72 92 73 74 1 93 65 87 48 47 97 96 75 76 37 98 63
88 94 92 1 73 93 99 47 96 46 74 50 87 95 63 97 72
88
94 47 97 2 93 92 46 78 74 73 64 1 65 72 48 96
94 93 1 96 65 92 67 95 74 46 47
94 96 93 74 92 48 73 46 1 75 64 47
93 94
94 92
94 46 47 72 98 92 95 73 74 93 65 78 97 96
1 92 97 94 72 74 64 93 73
74 94 72 92 73 76 46 48 96 78
1
1 73
87 72 92
94 92 64 93 36 72 78 1
74 78 83 46 72 75 94 88 98 96 65
93 94 98 72 48 57 31 74
3 73 72 64 65 88 96 94 63 74 76
93 46 94 1 92 64
46 92 94 96 93
72 93 94 47 92 63 46
94 82 48 93 1 92
94 92 93 47 95
94 1 93 64 96 92 98
97 92 94 93 46 63 74 1
94 93 92 46 64 74 72 63 73
94 92 48
92 94 93
92 82 94 93 29 72 95 46 48 73 74 1
55 72 48 63 92 75 87 65 74 80 94 93 31 77 73 36 76 96 88 46
77 88 3 94 93 72 74 78 65 73 76 64 63 66 75 87
72 97 94 65 73 67 92 77 82 74 64 76 87 96 93
92 46 94 93 74 48 1
1 97 94 48
94
1 92 94 93 48 97 98 72
93 94 92 72 1 73 48
94 48
94 46
94 74 92 46 96 72 2 97 1 93 95 73 65 98 47 50 48
1 92 87 95 94 93 36 72
1 94
48 93 92
92 94 74 1 93
74 93 94
92 94 93 95 73 72 1 46 74 47 7
64 94 96 93 47 92 77 76 46 73 72 74
94 46 92 73 93 51
94 93 92
94 93 92
92 94 93 1 46 72 48 63 74 73 96 97 51
82 67 1 94 47 92 74 93
74 94 92 97 72 93 100
93 1 46 78 48 92
94 96 92 95 46 1 63 36 48 87 73 72
47 94 92 48 63 93 50
72 74 83 92 94 73 93 46 37 78 1 95 98 87 47 97
92 94 93 73 74
92
94 92 1 93 64
65 92 1 94 50 93 72
1 94 92 93
95 93 92 94 82 1
1 94 72 92 46 93 73
1 30
94 87 78 93 72 92
92 94 87 82 65 1 74 72
1 93 94 92 74 72 48
92 47 94 1 93 95 73
1 92 94 96 74 93 95
93 48 94 92 97 1 74
92 74 46 93 72 94 97 1 87 88 98 47 95 65
94 92 73 97 96 72
74 94 92 1 97 65 95
83 1 65 72 80 64 92 47 76 67 63
94 92 72 51 73 64 46 93
72 94 92
74 94 92 1 87 46 47 48 93 97 64 72 73
92 1 82 94 93 38 36 74 84 87 46
94
74
48
94
1 92
1
1
1
1
1
49
48
92
93
94
1
92 94
1 48
1
80
1
1 94
1
64 94 47
1
1
1
46
75
1
92 1
94
94
92 72 93
1
1
94
1
1
95 1
1
1
1
1
1
1
1
1
1
1
1
1 92 94 93
1 92 93
1
1
1
1
97
1
1
1
47
1
1
1 92 48
92
1
92 1
1
94 93
92
93
