@CONVERTED_FROM_TEXT
@ITEM=1=APARTAMENTO_P3_FALSE
@ITEM=2=APARTAMENTO_P2_FALSE
@ITEM=3=APARTAMENTO_P1_TRUE
@ITEM=4=APARTAMENTO_P1_FALSE
@ITEM=5=APARTAMENTO_P4_FALSE
@ITEM=6=APARTAMENTO_P3_TRUE
@ITEM=7=APARTAMENTO_P2_TRUE
@ITEM=8=APARTAMENTO_P4_TRUE
@ITEM=9=APARTAMENTO_P5_FALSE
@ITEM=10=APARTAMENTO_P5_TRUE
@ITEM=11=APARTAMENTO COM OCUPACAO NAO RESIDENCIAL_P2_FALSE
@ITEM=12=APARTAMENTO COM OCUPACAO NAO RESIDENCIAL_P3_FALSE
@ITEM=13=APARTAMENTO COM OCUPACAO NAO RESIDENCIAL_P4_FALSE
@ITEM=14=APARTAMENTO COM OCUPACAO NAO RESIDENCIAL_P2_TRUE
@ITEM=15=APARTAMENTO COM OCUPACAO NAO RESIDENCIAL_P4_TRUE
@ITEM=16=APARTAMENTO COM OCUPACAO NAO RESIDENCIAL_P3_TRUE
@ITEM=17=APARTAMENTO COM OCUPACAO NAO RESIDENCIAL_P1_FALSE
@ITEM=18=APARTAMENTO COM OCUPACAO NAO RESIDENCIAL_P5_FALSE
@ITEM=19=BARRACAO_P2_FALSE
@ITEM=20=BARRACAO_P3_FALSE
@ITEM=21=BARRACAO_P1_FALSE
@ITEM=22=BARRACAO_P3_TRUE
@ITEM=23=BARRACAO_P2_TRUE
@ITEM=24=BARRACAO_P1_TRUE
@ITEM=25=BARRACAO_P4_FALSE
@ITEM=26=BARRACAO COM OCUPACAO NAO RESIDENCIAL_P1_FALSE
@ITEM=27=BARRACAO COM OCUPACAO NAO RESIDENCIAL_P3_FALSE
@ITEM=28=BARRACAO COM OCUPACAO NAO RESIDENCIAL_P2_FALSE
@ITEM=29=BARRACAO COM OCUPACAO NAO RESIDENCIAL_P2_TRUE
@ITEM=30=BARRACAO COM OCUPACAO NAO RESIDENCIAL_P1_TRUE
@ITEM=31=BARRACAO COM OCUPACAO NAO RESIDENCIAL_P3_TRUE
@ITEM=32=CASA_P3_FALSE
@ITEM=33=CASA_P1_FALSE
@ITEM=34=CASA_P2_FALSE
@ITEM=35=CASA_P4_FALSE
@ITEM=36=CASA_P2_TRUE
@ITEM=37=CASA_P3_TRUE
@ITEM=38=CASA_P1_TRUE
@ITEM=39=CASA_P5_FALSE
@ITEM=40=CASA_P4_TRUE
@ITEM=41=CASA_P5_TRUE
@ITEM=42=CASA COM OCUPACAO NAO RESIDENCIAL_P2_FALSE
@ITEM=43=CASA COM OCUPACAO NAO RESIDENCIAL_P1_FALSE
@ITEM=44=CASA COM OCUPACAO NAO RESIDENCIAL_P3_FALSE
@ITEM=45=CASA COM OCUPACAO NAO RESIDENCIAL_P2_TRUE
@ITEM=46=CASA COM OCUPACAO NAO RESIDENCIAL_P3_TRUE
@ITEM=47=CASA COM OCUPACAO NAO RESIDENCIAL_P1_TRUE
@ITEM=48=CASA COM OCUPACAO NAO RESIDENCIAL_P4_FALSE
@ITEM=49=CASA COM OCUPACAO NAO RESIDENCIAL_P5_FALSE
@ITEM=50=CASA COM OCUPACAO NAO RESIDENCIAL_P4_TRUE
@ITEM=51=CASA COM OCUPACAO NAO RESIDENCIAL_P5_TRUE
@ITEM=52=GALPAO_P3_FALSE
@ITEM=53=GALPAO_P1_FALSE
@ITEM=54=GALPAO_P2_FALSE
@ITEM=55=GALPAO_P2_TRUE
@ITEM=56=GALPAO_P4_FALSE
@ITEM=57=GALPAO_P1_TRUE
@ITEM=58=GALPAO_P3_TRUE
@ITEM=59=GALPAO_P4_TRUE
@ITEM=60=GALPAO_P5_FALSE
@ITEM=61=LOJA_P3_FALSE
@ITEM=62=LOJA_P1_FALSE
@ITEM=63=LOJA_P2_FALSE
@ITEM=64=LOJA_P2_TRUE
@ITEM=65=LOJA_P3_TRUE
@ITEM=66=LOJA_P4_FALSE
@ITEM=67=LOJA_P1_TRUE
@ITEM=68=LOJA_P5_FALSE
@ITEM=69=LOJA_P4_TRUE
@ITEM=70=LOJA_P5_TRUE
@ITEM=71=LOTE VAGO_TE_FALSE
@ITEM=72=SALA_P4_FALSE
@ITEM=73=SALA_P3_FALSE
@ITEM=74=SALA_P2_FALSE
@ITEM=75=SALA_P3_TRUE
@ITEM=76=SALA_P2_TRUE
@ITEM=77=SALA_P4_TRUE
@ITEM=78=SALA_P5_FALSE
@ITEM=79=SALA_P1_FALSE
@ITEM=80=SALA_P5_TRUE
@ITEM=81=SALA_P1_TRUE
@ITEM=82=VAGA DE GARAGEM NAO RESIDENCIAL_P3_FALSE
@ITEM=83=VAGA DE GARAGEM NAO RESIDENCIAL_P2_FALSE
@ITEM=84=VAGA DE GARAGEM NAO RESIDENCIAL_P4_FALSE
@ITEM=85=VAGA DE GARAGEM NAO RESIDENCIAL_P3_TRUE
@ITEM=86=VAGA DE GARAGEM NAO RESIDENCIAL_P1_FALSE
@ITEM=87=VAGA DE GARAGEM NAO RESIDENCIAL_P2_TRUE
@ITEM=88=VAGA DE GARAGEM NAO RESIDENCIAL_P1_TRUE
@ITEM=89=VAGA DE GARAGEM NAO RESIDENCIAL_P5_FALSE
@ITEM=90=VAGA DE GARAGEM NAO RESIDENCIAL_P4_TRUE
@ITEM=91=VAGA DE GARAGEM NAO RESIDENCIAL_P5_TRUE
@ITEM=92=VAGA DE GARAGEM RESIDENCIAL_P3_FALSE
@ITEM=93=VAGA DE GARAGEM RESIDENCIAL_P4_FALSE
@ITEM=94=VAGA DE GARAGEM RESIDENCIAL_P2_FALSE
@ITEM=95=VAGA DE GARAGEM RESIDENCIAL_P1_FALSE
@ITEM=96=VAGA DE GARAGEM RESIDENCIAL_P3_TRUE
@ITEM=97=VAGA DE GARAGEM RESIDENCIAL_P2_TRUE
@ITEM=98=VAGA DE GARAGEM RESIDENCIAL_P4_TRUE
@ITEM=99=VAGA DE GARAGEM RESIDENCIAL_P5_TRUE
@ITEM=100=VAGA DE GARAGEM RESIDENCIAL_P5_FALSE
@ITEM=101=VAGA DE GARAGEM RESIDENCIAL_P1_TRUE
@ITEM=102=APARTAMENTO
@ITEM=103=BARRACAO
@ITEM=104=CASA
@ITEM=105=GALPAO
@ITEM=106=LOJA
@ITEM=107=SALA
@ITEM=108=VAGA DE GARAGEM
71 37 69 32 54 33 1 19 62 21 34 63 56 35 52
1 89 83 61 63 62 65 64 80 2 7 66 32 75 76 8 34 54 68 44 14
62 1 84 72 2 64 87 77 61 78 66 32 42 34 65 80 76 54 14 44
73 1 82 42 75 61 66 34 69 63 65 85 70 64 32 37
82
73 82
73 82 66 61
72 77 90 66
77 61
53 66
71
71 65
69 71 32 54
71
71 52 61 66 48
71 84 35 90 77 32 63
32 35 10 71 39 37 40
71 35
32
62 35 39 71 32 8 24
35 39 32 71 37
89 80 69 66
71
66
71 55
65 71 59
58 71
71 58 59
52 53
58 59 71 52 55 56 69
71 59 69 54
71 59 34 65 58
54 58 42 71 19
66 71 65
55
19 32 54 34 36 71
52 58 71 33 65 32 34 56 63
55 44 58 52 54 53
64 69 65 71 55 62
45 32
32 59 69 57 65 46 71 62 36 44
1 71 33 65 53 52 69 57 54 55 32 34 56
34 54 53 38 32 33 55
65 34 71 32 54
1
69 65
54 5 52 63 34 32 71 61
32 42 61 66 55 34 19 52 65 54 64 63 2 85 58
52 55
5 66 1 63 54 61 62 69 32 44 33 2 67 20 58 55 35 56 65 74 7 34
53 55
61 64
82 73 1 53 32 63 75 2 34 33 54 62 56
61 1 92 62 63 65 52 34 35 53 32 44
78 80 34 20 56 72 32 52 77 44 57 89 65 61 42 69 66
32 34 2 63 19 62 7
7 54 63 32 2 61 56 19 62 65 34 67 76 66 44 77
2 19
72 84 2 35 54 61 68 52 34 56 63 65 27 77
64 80 32 65 91 76 71 63
91 89 32 2 61 62 34 63 44 69 56 54 66 67
54 56 61 1 65 32 37 33 42
61 33 34 52 35 32 36 54 65 56 63 19
1 61 34 35 32 56
1 92 62 56 71 33 53 63 61 64 7 54 44 32
54 63 56 62 34 61 53 32 2
61 32 1 34 42
1 42 32 34 35 2 63 36
64 32 63 34 35 5 1 71 61 44 53 42 6 65 7 20 31 54 2
6 1 8 35 32 5 34 93 44 61 27 53 42 52 63 62 48 39 71
42 1 32 61 5 63 19 34 6 52 53 8
1 32 34 20 44 6 83 43 42 35
5 52 8 34 32 61 44 35 45 33 65
5 1 32 35 44 2 8 7 20 11 49 95 63 34 56 33 54 42 93 61
1 5 32 63 2 61 42 35 44 34 19 33 71 65 74
1 32 5 4 34 35 66 6 3 8 44 71 54 42 65 27 7
34 5 1 32 8 35 7 33 66 6 42 63 74 62 61 21 44 37 2
7 34 32 1 61 5 35 6 63 44 66 52 8 54 19 42
62 2 32 56 73 61 63 69 34 66 7 42 54 64 19 21
5 2 1 32 92 65 61 71 42 34 74 52 62 54 63 43 53 19 33 4 35 66
5 1 34 33 32 93 2 9 6 66 63 35 61 7 62 52 53 8 10 44 21 75
16 1 34 32 5 52 54 2 6 35 61 21 63 44 42 67
73 82 61 3 74 32 63 52 2 62 55 34 66 42 71 54 27 7 11 64 20
1 6 61 34 2 5 32 74 36 42 20 53 44 35 21
4 1 2 65 3 9 32 61 34 7 37 6 44 74 19 56 71 62
1 5 32 44 35 93 63 53 2 34 6 37 61 67 7 58 76
1 5 2 32 61 77 44 6 63 34 7 8 54 52 96 19 35
1 5 44 32 6 61
5 8 1 32 37 35 6 61 34
35 61 32 64 34
5 61 39 34 65 6 54 69 43 66
1 61 56 66 42 76 32 65 44 43 21 53 35 34 64 63 33
44 9 2 5 32 1 8 93 4 35 65 74 63 34 45 33 42 7 61 62
34 48 35 44 1 32 5 54 63 61 42 2 71 20
42 5 1 32 64 2 44 61 39 62
66 53 2 61 52 71 7 63 76 34 44 37 62 67
2 61 42 72 32 1 7 53 34 45 69 63 44 35 6 31 4 62 48
42 5 61 32 1 63 44 8 48 35 19 34 71
1 5 32 42 71 54
5 1 61 32 42 35 71 44 8 34
32 1 42 34 5 2 35 61 71 44 63
1 5 42 63 61 4 32 35 34 2 9 66 44 54 7 6 56 8 53 40
61 42 1 66 34 32 44 65 36 20 76 2 19 33
1 2 34 32
2 1 61 6 5 34 32 66 54 63 65 44 42 7
2 1 32 42 35 5 6
66 2 32 77 72 34 64 42 44 5 1 61 35 84 63 6 54 71
34 1 71 32 2 62 5 6 61 35 44 92 54 42 67
63 61 64 2 32 3 52 34 66 62 54 53
65 4 73 61 32 2 44 1 66 64 42 85 71 67 34 36 62 35 63
5 1 3 2 6 32 61 54 4 66 44 62 35 7 8
1 34 32 74 2 5 45 3 63 6 35 61 71
1 6 5 44 42 61 32 34 37 35
5 44 34 1 71 6 32
1 5 92 2 6 32 34
2 1 35 32 44 42 65 5 61 34 66
5 1 6 2 44 71 32 34 62 35
1 92 2 5 71 53 6 34 54 61
1 32 2 5 35 7 54 61 34 44 63 42 71 66 37
62 54 71 61 74 52 63 64 65 33 53 32 44 42
2 1 32 42 34 4 66 54 33 63 7 53 36 20 44 19 62 74 35
71 53 1 32 44 61 7 67
54 96 1 61 63 53 55 69 42
1 2 32 34 19 61 62 54
1 32 71 34
1 5 2 32 35
5 34 93 53 32 71 6 62 19 7 54 63
2 1 7 61 35 54 65 32 34 62 42 63 44 66
2 1 37
1 33 6 34 61 32 20
61 34 32
1 32 6 54 34 53 35 20 61 44 63
1 34 32 6
5 1 35 92 42 32 93 2 71 34 20 6 44 61
32 34 2 1 5 6 35 71
1 35 5 32 7 34 61 69 63 42 44
1 2 32 6 71 5 35 61 42 34
6 34 5 32 63 20 8 35
1 32 34 2 44 63 61 6
6 1 19 32 61 4 34 66 35
61 32 8 1 21 35 63 44 42 54 5 34 6 62
42 32 69 34 61
65 32 67
1 65
34 2 62 4 7 61 70 52 63 54 67 3 53 55 32 33 65
61 84 33 2 73 63 7 62 34 53 66 64 52 72 65 6 19 32 67 70 54
2 1 61 62 54 63
34 54 42 32
2 32 65 34
62 44 32 34 33 53 54
34 1 32 53 71
3 19 71 61 34 54 58 33 38 36
32 34 19
34 19 61 33 32
54 1 61 66 34 33 52 19
52 1 7 53 61 34 32 21 63 64
34
54 71 33 34 21 20 32 19 53
1 56 61 65 27 52 69 53
53 34 52 54 32 63 61 21 71 55 33 42 19
34 61 53 44 42 19 54 71 32 57 52 62 46 65
54 1 93 63 5 57 19 74 32 37 35 69 66 62 2 61 92 34 23 33 56 3
52
1 53 34 74 35 19 54 32 52
34 53 32 1
1 54 32
1 5 2 71 42 34
1 32 35 2 6 5 7
44 1 32 2 6
32 34 71 65 61 35
62 1 36 32 65 33 54 71 69 61 34 44
2 34
1 34 2 54 58 23 63 64 20 83
1 32 34 56 52 33 71 19 63 62 20 35
32
32 1 2 5 61 42 63 35 19 34 44
34 54
32 64 1 34 33 2 66 35 6 61 7 48 71 20
5 34 1 32 56 35
1 2 32 52 34 44 7 71 65 53 63 35 33
61 1 63 97 2 54 34 71 42 67 4 21 62 5 53 70 32
71 2 1 34 32 63 61 66 55 4 62 33 36 77
2 34 32 63 1 35
34 54
57
63
66 56 55 69 61
63 34 2 54 62 19 32
34 63 1 32 42
21 63 2 34 42 71 32 69 62 52 54 61
2 61 1 63 34 35 42 32 7 54
32 34 54 35 66 63 43 65 52 19 20
32 34 53 63 54 61 62 33
32 1 56 64 48 34 35
1 44 63 62 34 32 19 33 42 35 53 61 71
61 12 54 16 2 64 66 90 3 63 52 7 65 6 1 69
32 44 63 61 53 42 34
63 32 19 65 34 62 2 6 54 61 27 53 52 56 44 1 42 71
1 32 35 27 61 44 67 34
1 32 34 5 35 2 7 20 28 39 63
2 5 1 71 34 54 32 35 61 62 44
71 34 1 32 5 63 35 42 54
3 32 62 1 2 69 66 61 34
34 32 44 4 61 62 63 54 2 1 11 42 33 19 52 36 67 53
1 32 97 94 4 95 34 35
2 61 34 65 63 32 66 54 4 42 55 77 69
1 2 61 32 54 34 19 67 42
34 54 62 19 61 55 63
53 69 56 54 52 62 61
52
33 34 37 19 71
34 1 32 33 71 63 23
1 2 34 32 19 21 33
19 34 1 54 71 32 21
32 1 2 48 71 39 35
34 1
1 2 63 32
1 2
1 7
1 32 5 93 2 61 71 34 33 54
1 32 34 42 56 94 35 54
5 19 34 32 35
1 56 5 32 44 65 35 61 34 2 7 42 71 63 20
61 34 63 1 74 42 62 64 32 71 37 21 36 44 54 76 19 53 7
5 93 2 32 34 1 4 61 53 54 66 63 71 37 52 19 20 21 67 35
32 1 2 21 33 71 34 40 61 35 66 63
1 32 52 2 33 5 61 63 42 19 35 20 34 71
1 2 34 33 32 52 4 42 35 61 3 63 44
71 32 34 33 54
1 32 2 53 34 48 62 33 63 77 42 37 61 54 7 35 44
2 32 1 21 34 35 61 52 42 37 44 67
32 34 1 5 44 61 20 35
5 1 2 32 42
1 34 32 71
32 1 61 63 34 2 94 54 19 20 62 44 42
61 34 2 65 32 35
61 62 54 65 34 56 52 32 63
74 2 32 62 19
7 2 34 61 32 35 63 42 71 44 66 65 1 33 52
34 2 7 71 44 32
32 2 42
42 74 32 2 34 61 1 63 44 65 52 35 53
9 10 100 2 70 1 94 32 71 52 66 34 33 35
1 63 2 19 32 61 34 54 71 62 42 36 6 53
1 5 32 61 34 65 54 19 33 6
61 69
5 2 1 71 61
2 1
5 85 82 65
5
54 32 61 62 71 33
1 73 82 5 93 53 71 63 19 34 32 44 54 36 37 61
32 1 63 2 34 33 35 42 71 62 61 37 44
1 2 35 32 20 34 19 61 63 54 36 71 64 37
1 61 2 62 32 33 34 63 6 54 37 44 36 92
73 34 1 85 61 32
74 63 65 33
19 1 34 28 32 61
34 33 5 32 8 1 71 6 20 24 21 19 37 35 63
1 34 5 71 2 35 32 63 61 7 38 36
19 34 32 1 33 22 54 37 21 61
5 69 1 34 62 93 63 73 32 92 54 85 20 53 21 42 61 66
5 32 36 1 61 62 34 35 2 42 33 92 71 54 37 65 20 63 6 53 44
32 1 5 2 8 44 34 62 6 36 37 20
5
2 32 1 20 5 44 34 65 62 6 33 19 63 8
54 44 59 69 53 42 55 71
27 1 32 71 20 34
1 5 33 32 34
1 62 2 19 5 7 34 33 61 54 32 67 63 35
1 5 20 32 34 61 92 42 54 35
1 5 61 34 93 6 32 71 42
34 71 1 5 61 53 54 32 62 63 56 20
5 32 42 1 34 63 71 61 6 35
32 2 1 5 63 34
1 34 32
1 6 61
1
1 61 53 64 2 65 7 32 62 63 37 73 35 71 69 54 34 42 19
1 6 36 19 34 32 53
34
1 2 71 36 7 53 52 32 34 61 62 35 63
1 34 54 53 35
1 53 52 21 54 71 56 34 69
71
34 61 19 62 44
34 33 6 32 54 53 44
1 34 19 71 54 92 32 62 61 6 20 63 53 52 24 42 67 35 33 36 23 7 37 38
1 2 32 7 34 35 6 42 71 37
1 34 2 32 5 61 74 35 71 38 19 33 42 63 36 62
34 1 32 2 19 5 42 61 54 71 56 63 35 65 20 33 7
32 1 5 2 35 28 71 34 44 61 42 92 39 37 54 21 19
32 34 1 2 35 5 63 92 62 61 71 66 44 52 6 21 39 53 65
2 1 34 61 32 42 20 71 66 21 62 64 63 35 33 19
1 34 32 19 35 71 33
1 33 32 34 71
5 32 21 35 34 38 61 36 62 19 53 1 93 33 54 63 23 71 37
32 37
2 1 63 34 35 32 61 71
61 32 1 92 63 19 7 5 2 34 62 33 35 52 20 37 36 38 24 21 28 71
2 19 21 37 32 63 34 52 71
32 1 62 35 34 5 2 92 63 6 71 53 39 33
1 34 63 61 62
32 1 33 62 2 34 66 61 63 35 65 53 54 52 42 64 20 21 37 38 19
71 33 34 19 63
71 21 33 19
71
33
32 1 66 33 53 63 2 19 34 52 73 28 62
54 61 52 42 75 62 63 71 66 28 56 21
61 1 2 34 33 42 6 32 19 62 53 21 36
34 33 32 19 38 21
34 63 42 33 62 71 37 32 54 24 44 36 35 65 20 53 52
32 1 34 54 19 61 20 63 53 35 21
32 34 21 53 71 35 63 56 19 61
71 34 21 54 32 1 56 52 37 20 33 61 62 53 63 65 42 19 57
63 32 37 53 34 54 62 71 56 43
21 32 71 34 1 63 62 35 6 65 56 61 54 19 24 33 53 44 36
71 19 61 34
63 33 52 56 53 61 65 19 67 54 32 62 34
2 34 71 32 21
1 34 2 62 61 19 71 57 32 33 63 53 76 20
21 19
34 61 32 71 63 19 1 52 33
34 1 32 92 33 19 71
71 21
71 21 63 34 33 32 19 61
71
71
71
21 71
71
71
71 21
21 19
21
21
71
19 32 62
71
32
71
66
71
71
71
71
71
71
52
71
71
21
71
71
71
71 61 1 34 66 63 52 54 20 53 35 33 44
6 53 1 32 34 61 5 2 74 64 54 63 35 66
1 34 35 5 63 71 8 32 2 33 62 42 64 6 19 61
1 34 32 2 76 54 87 61 42 35 63 92 94 44
1 32 71
6 1 32 35 2 34 5 20 61 36 62 44 71 64 19 33
65 61 4 32 63 34 71 54 83 52 6
32 34 1 63 5 44 35 2 21 33 6 19 61 62 67
1 54 44 2 6 32 4 36 34 61 42 71 63 53
2 1 32 5 53 6 54 34 92 35 37 8 52 20
2 7 71 1 6 34 61 35 62 32 63 44 19 67
1 2 5 34 32 35 19 61 44 37 71 62
2 74 32 4 1 44 34 5 69 61 35 42
1 2 5 7 44 65 6 32 35 34 92
2 34 32 4 1 9 5 7 35 63
32 5 1 34 7 44 61 4 3 35 42 63 76
8 5 1 32 2 61 34 33 35 62 44 36 74 37
44 36 7 34 61 1 2 62 54 65 74 32 52 64 63 66 33 76
32 5 61 63 1 34 6 2 36 39 62 44 35 97 7
2 61 63 1 5 62 32 34 37 6 48 33
1 32 2 37 66 6
1 32 4 7 2 5 52 63 8 35 44
2 1 61 36 32 37 6 62 63 40
2 1 7 6 32 5 35 4 61 20 34 66
93 5 1 2 32 61 7 44
2 44 32 1 63 34 35 42 61
5 44 32 1 63 35 4 34 71 42 37 61
1 2 32 35
1 2 92 32 35
32 94 1 35 34 5 8 92 6
1 5 92 32
1 32
5 7 96 1 34 93 6 35 32
1 61 5 98 32 71
9 5 8
65 2
1 5 6 32 34 35 61
1
9 98 5
66 8 34 1
5 1 8 32
5 32 8 35 1 37
1 35 32 6 8
1 32 6 35 39
1
1 5 93 61 65 63 62
1 5 32 8 6 92 34 44
1 62 32 5 6 35 8 61 71 7 44
5 35 37 1 32 39 40
5 1 61 62 35 6
5 32 1 8 66 35 21 34
5 1 33 54 71 38 62 34 61 63
71 1 32 61 6 63 8 34
21
1 33 92 71
1 5 6 32 35 71 8 37 40 34
1 5 6 61 71
72 61 52 77 71
66 71 5 63 61 53 38 37 32
2
1 5 32 63 6 35 61 44 34 2 37
2 8 1 32 5 71 37 34 35 19 48 61 42 52 39
1 5 71 35 32 6
93 5 1 63 2 32
1 32 6
34 32 5 1
1 5 71 32 63 34 27 42
42 5 1 65 32 61 34 19 21 24 33 62
1 6 34 33 19 32
1 53 32 35 54 5 8 62 33 34 6
5 63 66 61 62
1 5 93 66 71 37 34 32 44 63 8 35
1 48 75 32
61 69 5 1 66 34 71 54
2 1 61
61 63 5 62 66 34 54 65 67
66 1 62 75 61 85 68 53 64 6 56 67 63 52 20 71 32
34
75 19 54 53
2 34
74 63 53 61 35 65 71 54 87 19 76 69
1 34 62 35 56 52 53 32 61 65 88 37
1 6
9 32 10 1 34 19 63 53 54
1 33 35 34 5 92 19 2 20 27 71 37 61 6 32 63
1 71 21 5 34 32 2 7 35 20
2 32 21 1 33 34 5 61 62 54 19 6 35 63 71 36 53 20 27
1 34 32 6 33 5 74 61 62 53 20 37 55 7 83 21 54 19 2 63 76 36 35 42 71 44
1 34 65 61 2 6 32 54 69
34 75 61 69 54 63 71 52 57 53
32 34 1 2 37 5 94 35 97 66 53 6 33 71 61 19 44
1 20 32 34 54 5 39 21 19 53 35
32 2 6 1 94 35 34 5 54 21 61 71 64 62 63
1 35 6 32
5 35 1 6 34 65 92 93 71 19
35 1 5 93 2 32 71 24 56 65 52 34 61 54 37
61 1 65 63 71 69 34
1
1 32 65 71 35
1 2 37 5 33 34 61 63 32 71 62
5 2 21 1 33 63 34 54 32 36
32 35 22 54 34 62
34 62 42
34 2 1 71 5 32 38 48 62 35 63 33 19 54
34 32 53 61 71 19 44
1 5 71 34 32 35 21 65 38 54
32 1 35 63 62 53 52 65 54 33 48
61 62 21 19 71 34 56 3 55 32 52 65 53 64 7 54
61 54 53 52 71 69 67
71
71
71
34
54 63 53 74 32 2 1 52 61 56 80 67 66 47 34
1 2 32 92 7 34 35 64 61 44 63
1 5 19 32 7 2 42 84 34 44 35 8 62 71 65 52 53 61 63
1 6 5 66 20 32 61 34 36 63 44
61 5 2 1 53 35 65 32 66 69 8 93 63 98 52 71 36 64 54
61 73 66 1 2 6 11 52 71 62 64 63 92 69 56
82 83 73 1 68 61 74 69 66 54 6 62 63 42
1 5 2 9 44 63 35 32 34 6 71 37
1 2 65 35 61 64 69 32 63 66 6 7
9 1 5 6 2 8 32 7 11 40 61 63 66 35 37 10 34 71 48
8 1 5 61 32 2 35 44
32 7 73 6 1 35 34 66 63 65 61 2 5 79 44 64 4 19 76 67 8
5 9 82 73 10 1 2 8 71 6 93 39 32 7
74 71 9 100 1 5 83 52 53 35 8 10 82 61 44 39 40 63 6 32
5 9 93 62 1 54 40 8 35 61 10 39 37
73 5 9 8 1 82 93 6 85 49 35 62 44 63 65 75 32 68 61 66
90 1 5 6 61 32 35 63 7 4 69 8 93 37 71 2
1 93 6 8 5 9 71 32 44 66 19 63 10 100 65 74 35 69
5 1 2 35 8 7 62 61 32 36 93
1 5 35 61 32 6
5 1 32 44 9 10 100 61 2 35 62 71 48 75 34 73 69
1 73 82 66 6 75 61 69 63 71 65
8 100 10 41 5
5 6 1 9 32 39 69 10 93 8 35
2 5 6 1 9 10 65 34 39 61 93 40 7 42 71 48 32
5 1 8 2 9 10 32 39 100 7 35 71 77 44 97 27 72
1 61 64
82 1 5 73 92 2 61 6 62 75 63 32 8
5 1 6 61 32 2 37
8 7 2 61 5 6 1 32 52 34 35 36
63 2 1 5 65 61 66 62
5 1 71 61 63 2 34 94 32 9 66 67 35 8
5 1 9 2 10 100 93 7 8 37 32 35 66
1 10 5 39 48 65 6 8 32 54 61 63 44
1 5 7 61 2 8 32 6 34 53 40 74 35
1 8 6 5 2 32 61 71 63 66
62 1 5 67 69 71 6
6 5 1 8
5 8 1
5 1 61 63 32
5 1 71 62 8 6
5
1 5 16 6 71 65 61 32 34 8 64
5 1 92 6 71 8
92 5 6 1 8 32
6 5 1 71
8 72 71 5 69 84 66 93 56
5 8 6 54
5 1 8 6 71
5 61 93 1 8 6 71
5 89 8 1 93 71 61 72 64 20 66 65 90 80
72 84 77 73 80 89 75 82 69 61 66 65 71 91 63 54
1 66
32 71
71 6
1 71
44
34
71
34 71 61
33 71 20
71
71
71 34 21 35 20
71
71
71
71
71 21
71
71
71
21 7 33 34
33 71
71
33 34
33
33
33 34 71 63
32 71
71 34
21 61 71 32 33
33
34 21 33 53 37
33
33
71 33
34 71 37 63 62
33 32 34
33 71 21
33
33
33 34 21
34 32
34
63 87 53 71 65
34 62
33
71 33
71
33 21 71
21
33
21
34
33 21
21 71 69 56 65 34
71
21 37 34 71 32 19
33 71
33
21 71 37 19 34
5 19 33 71 21 63 37
36 37 34 21 71 33 32
53 33 61 32 34 62 63 19 36 21
32
35 32 54 44
73 54 74 64 53 52 71 63 61 56 65 34 35 23
19 64 44
53 61 63 33 62 19 34 37 32 67 54 71 52
34 61 53 54 63 52
32 34 33 36
71 2 52 32 34 33 61 20 21 63
2 34 71 69 21 33 35 32 36
34 62 71 21 63 19 33 32 23 38 37 54 61
37 71 7 21 34 32 19 6
2 71 37 32 21
71
71 19
71
53
71
1 6 2
71
71
34
71
71 54
71
71
71 74 73 5 52 61 75 69 66 35 8 85 83 65
73 5 1 77 94 84 98 66 92 82 83 70 61 76 75 91 62 72 65 69 85 71 63 90 54 68 80 6 78 93 46 53 55 37 56 27 52 32
5 71 61 65 72 80 92 66 83 1 69 52 77 53 44 67
19 71 54 32 65
71
76
71
71
71
71
21 71
32
1 71
42
71
32
71
71
71
71
71
34
35 34 32 71
71
33
71
61
32 71
1
1
71 32 53 21 24 19 33
19 62 34 54 32 37 71 33 38 64 63 67 36
34 63 21 71 62 33
1 69 37 61 63 8
1 5 61 54 2 6 8 20 67 66 71
5 8 9 1 6 93 69 65 10
1 5 8 93 6 9 92 71 98
5 61 1 69 66 8 32
1 5 9 8 75 6 71 66 92 2 10
66 84 32 61 54 90 71 72
77 5 72 68 93 84 32 35 71 54 39 44 42 52 40 53 8 46 66
35 71 32 37
32 39 71 35 37
71
71 35 1
35 71
71 35 40
71
5 1 6 8 32
1 5 9 8 6 92 71
5 9 71 10 8 87 65
1 5 93 9 61 8 10 2 63
1 9 10 71
9 1 5 61 8 93 6
5 1 71 8 92 66 93 77
1 71
56
62 32 1 34 71 21 63
1 61 75 54
1 2 65 32 71 33 92
71 65 56
71
61 1 92 69 71
1 71
1 71 65 34 92 61 33 20 54 21
1 63 34 62 75
5 84 1 71 72 93 2 6 34 92 52 77 69 53 54
71 84 35 39 77 57 54 37 66 32
69 89 72 84 61 80 57 65 68 78 77 75 67 66 70 71 53 45 54 55 32
83 5 86 61 88 56 66 57 58 69 77 72 52 71 55 65 53
1 92
39 71 53
71 19 1 32 77 34 56 65 35 20 53 39 44 33 92 40 61 37 21
32 42 71 35 28
35 32 71
35 71 32 34 39 37 28 42
53
32 35 71 34
71
35 71 21 34 66 20
82 71 28
89 78 84 72 1 80 66 91 77 61 69 75 67 70 71 56 59
40 71 66 35 32 48 34 70 74 39 41 69
71 32 35
71 35 39 32
32 83 74 63 71 35 39 37
71 40 35 34 54 53 56 39
1 61 65 71
5 1 2 9 71 32 100 63 61 56 69 26 54
89 78 1 68 71 37 58 91 69
77 84 72
5 71 1 54 55
71
66 72 5 75 83 63 89 80 91 53 73 61 71 76 69 52 45 90 55 1 68 77 57 54 70
63 73 82 75 71 66 19 61 69 62 53 59
82 84 71 73 69 72 32 75 68 65 40 77 80 66
84 78 77 80 71 91 72 35
72 69 77 66 82 75 61 65 54 52 71 80 64 70
1 92 32 71 42 8 56
72 73 5 77 61 1 92 82 71 56 88 45 28
1 85 66 68 71 69
13 15 71 89 75 80 1 32 66 85 77 61 52 65 69 90 54
34 5 32 8 39 71 35
90 72 77 84 80 53 71 66 69
89 80 91 78
55 15 91 13 89 34 37 71 63 58 65 19 53 57 61 64 56 67 33 7 52 21 54 59 66 69 23 2 42 62 36
55 64 61 65 71
34 33 43 56 32 53 19 35
57
71 56 54 63 64
2 32 62 20 34 56 59 52 33 71 19 53 21 36 54 43 63 57 61
34
2 1 37 71 32 34
2 1
34 63 71 37 61 32 54
64 71 34 65
63 34 32 55 71
32 37 36 35 63 34 64
61 34 63 71 77 32 21 20 7 64 37 33 62
32 64 54 37 34 20 36 42
2 1
2 34 37 71 33 67 61 53 21 54 32
32 33 1 34
2 71 32 34 55 53 61 65 67 54 44
61 36 62 34 81 52 32 37 35 46 71
32 2 37 40 42 34 61 35
2 34 32 71 37 63 65 21 61 64 53
34 71 19 44 32 62 35 42 37 6
63 2 34 33 64 71 61 52 75 62 32 36 54
27 34 33 65 32 71 61
34 32 71 37 33
33 54 32 37 20 56 35 53 6 34 71
32 35 2 34 71 20 22 61 67 43 21 37 62
32 35 34 71 19 52
1 34 19 32 54
33 34
34 21
37 32 34 6 75 19
32 34 35
21 61 54 71 1 44 32 62 37 2 35 20 33 19 34 64
7 32 34 71 53 62 35
32 1 35 62 53 34 71 21 20 54 36 37 42 67 63 33
32 19 34 35
34 2 62 32 61 35 7
34 32 4 35 63 71 52 42 28 7 33
32 33 37 71 34 52 35 65 42 63 53 21 62 54 61 6
32 7 34 62 53 36 2 35 71 19 63 64
34 63 32 54 52 64 36 33 19
32 34 44 19 35 54 67 65 33 53 20 62
32 34 27 62 71 53
32 71 21 34 2 52 19 35
32
34 62 33 32
71
61 34
34 61 32 62 33 37 24 21 54 71 19 63 83 20 35 36 53 42
36 34 63 32 20 71 62 37 35
63 34 32
63 62 21 19 32 34 71 33 35 37
34 63 32 37 54 36
32 34 71
19 32 71 36 61 34
32 2 71 34 19
62 63 34 19 32 33 52 21 71 61 56 37 38 65
32 34 71 35 33 61
34 63 71 32 36 19
34 63 20 71 61 38 32 33
32 33
21 38
71
21 34 55 71 61 63 62 19 32 52 57 54 20 33
19 21
34 33 55
54 71 53 38
34 33 19
21 71 34
53 32
34 20 33 65 21 19
34 19
33 21
32 71 61 7 53 42 62 54 34 44
21
71
71
61 62 7 32
20
2 32 37 34 43 52
71
21 33 62 34 53 63 24 19 61 32 71
61
19 34 65 32 20
36 19 34 54 63 38 71 37 62 33 32 61
61 34 62 54 37
32 62 34 61 54
33 53 71 56 62 61 34 32 67 19 64 63 21 2 37 52 65 36 38 1
2 71 53 61 63 62 65 34
71 32 53 19 37 54
32 53 36 34 61 33
2 53 34 32 71 62 61 52 63 69 35 36 33 20
2 32 34 76 54 62 87 33 63 61 55 35 53 36
2 34 1 32 35 63
2 1 32 71 61 34 35
62 65 32
32 36 64 37 35 34
34 33 61 62 63 32 19 36 71 7 53 66 65 54 20
71 37 34 54 64
34 71 32 54 36 57 62 63 52 38 21 33 61 19
34 32 53 33
34 32 33
34 32 19 53 63 36
53 62 71 63 34 32 36 33 37 43 88
34 19 53 32 54
34 32 33 36 63 62 42
32 34 33 54 36
34 33 19 32 6 63 36 20
34
34
71
34 71 33
32 34 37 61 35 71 33 63 42 26 19 36 54
34 32
34 32 37 63 62
32 21 63 36 34 61 19
34 63 62 61 32
33
26 21 33
21
33 34 63 21
21
34 33
21
33 34 21 20
34 33
34
33 21
21
33
32 34 21 63
33 34 19
34 33
21
21 34 71 63
33
21
67
71
21
33 21
33
33
34
34 32 63 33 21
32 34 33 21 42 61
33 32 34
32 34 37 20 61 33 62 19 63
53 34 20 32 36 65 54 61 19
21 34
63 3 21 34 71
33 34
32 76 61 63 64 34 33 65 35 20 52 19 62 37 54 36 67 71 53 21 27
32 2 34 63 20 21 19 37 53 61 65
34 33 19 32 71 54
32 34 33 36 20 63 62 19 26
34 71 36 52 33 53 62 32
54 36 69 52 71 34 20 19 21 62 35 37 33 53 57
32 62 34 36 33 35 63 37 53 61
32 34 36 53 63 71 33
34 63 19 37 32 33 54 61 62 53
43 32 34 19 62 33 69 65 21 63 71 53 20
34 32 21 35 62
19 34 32 33 20
34 32 87
33 21 34 32 63 19 7 35
71 34 32 63 53 20 61 33 36 19 64 62 67
37 34 32 63
33 34
61 34 63 54
34 32 53 54 19 52 1 71 21 63 20 36 62 37 61 33
34 36 61 32 33 62 19 63 71 53
33 32 62 71 34 63 38 69 19 36
33 34 21
32 34 36 61 71 52 37 42 35
20 32 19 33 34
71
32 71 34 33
63 34 33 71 32 1 37 35 19 20 62 61 36
33 34 19
34
34 19 20 63 35 32 36
34 19 52 32 21 71 33 20 62
34 71
34
34 38
19 71 34
36 34 21 53 33 32 62 20
32 61
34 33 19 21 32 63 36 62 61 71
33 38 24 34 62 21
32 34 54 33 42
62 1 34 37 56 32 33 36 71 92 19
32 34 19 71 62 21 63 33
34 33 62 71 32
71 34 21 33 61 19 36 54
61 62 42 32 34 53 71 39 52 35 37 19 33 63 54 38 21 36
39 35 34 32 71 40 36 65
61 34 62 52 63 56 21 32 33 3 19 71 76 65 37 35 53 42 36 54 67 75 40
32 53 34 35 2 33 62 63 19 71 61
34 36 32 61 26 71 63 19 87
62 63 32 34 36 37 71 33 38 64 19 7 54
33 34 35 19 32 53 42
35 34 63 32 61 33 71 19
34 71 32 61 19 42
32 34 54
35 34 36 32 63 71 54
63 34 61 19 32 33 71 53 35 21 36 20
33 53 34 71 21 36 56 32 35 37 30
32 34 71 54 36
19 62 34 32 20
62 37 34 32 54 63 58 24 33 19 71 36 43
53
71
32 36 34 37
34 71 32 37 63 4 61 19 33 20 87 62
32 34
2 32 33 20 19 56 62 65 34
32
2 71
2 34 32 63 19 65
2 32 34 33
2
71 2 1 32 34 33 62 20 19
32 34 19 62 2 33
34 2 32 65
34 21
2 71
34 32 76 19 65 64
32 19
32 34 21 19 61
65 19 32 63 71 62 61 21 55 64 34 75 67 7
53 71 69 57
52 61 58
71 2 74
32 71 53 63 34 44 61 21 62 33 23
54 71 36 63 62
71
63 33 32 19 34 62 20 35 71
34 52 32 67 21 42 53 74 54
54 75 33 65 34 64
2 61 54 53 71 32 52 63 34
71
32 34 36 63 27 53 61
1 62 33 34 61 32 26 58 63 71 57 2
1 34 71 53 33 32 55 19 54
34 61 32 23 63 35 1 33 19 20 36 21 71
2 42 63 1 64 32 34 19 6 71 62 61 37 35 33 66
69
1 61
71
61 71 35 32 44
55 52 56
55 52
56 58 65 69 59 88 76 55
2 32 34 61 33 21 71 19 63 62 35 36 53 26 65
1 34 32 71 54 37 35 62 6 61
32 55 34 19 71 1 33 36 61 35 63 44 37
71 1 32 34 35 37 61 62
32 71 34 33 54 2 35
2 1 34 61 5 53 32 46 92 36 54
62 1 32 71 2 35 34 61 37 53 33
1 6 32 71 52 49
34 32 52 71 62 63 61 35 33 53 20 38 21 54 37 43 56
71 32 34 35 62
32 34 33 62 19 38 71
33 62 34 61 32 35 21 63 19
32 34 33 71
32 44 34 33 71 24 63 42 61 67 62 21 54 36 58 19 37 35
32 53 34 62 61 37 71 63 33 52
32 62 34 35 33 61 28
21 35 63 34 1 32 37 42 61
34 1 67 61 32 71 6 2 33 35 62 73 54 19 56 92 63 21 44
20 35 54 32 33 53 62 52 34 71 21 65
2 61 1 32 71 34 66 35 65 36 63 7 37 53
32 1 2 42 63 61 35 92 34 71 53 6 65 52 54 62 56
1 2 61 32 71 34 5 65 35 6 63 66 62
32 71 61 35
32 1 35 71 20 28 34
32 61 1 62 35 34 5 37 71
32 33 54 63 1 61 19 35 66 40 27 34 62
2 32 1 71 35 37 34 58 65 61
1 34 32 61 52 71 35 63 37
42 1 32
1 62 32 34 61 35 54 71 64 65 28 87 66 83 56 2 69 53 44
34 71 54 62 32 66 52 42 53 61 35 65
71 35 32 54 37
71 54
67 34 32 71 42 62 54 63 66 19 53 61
32
71
2 32 34 1 35 53
1 35 32 34 2 36 19 62 33
1 32 34 71
32 34 33 38
32 34 61
34 35 32
27 34 32 63 35 71 44 37
32 34 71 62 44 61 33 35 1
34 21 32 71
63 32 19 34 21 33 20
32 55 54 34 19 35 71 44 63 21 67 64
32 35 37 34
63 20 32 1 62 35 21 34 71 19 44 61 2 28 33 55 36 52 53
32 34 71 62 61 33 36 53 21 54 19 65 63 37 35 20
34 42 53 32 2 35 62 71 61 19 65 37 36
34 32 54
34 19 62 54 32 53 20 42 33 44 74 65
32 34 35 54 61 65 63 71
26 71 33 63 34 36
32 63 33 20 64 7 54 62 61 19 34 66 71 35 36 21
32 34 33 19 63 37 62 21 36 54 24
34 32 33 61 35 62 36 37 20 63 21 71
32 33 36 53 37 34 71 19 61 21
19 32 33 34 21 24 38 2 54 61 71 62 43 37 20
63 32 34 61 21 33 19 53 37 23 52 7 62 20 54
34 61 32 33 35 21 71 24 19 63 20
21 34 33 32 37 62 19 63 20 56 36 71
67 71 62 34 21 32 33
19 34 32 33 71
34 32 54 71 19 37 33 63
1 34 32 33 71 61 37 54 56
32 34 54 21 53 61 71 23
37 1 44 32 71 52 35
71 53 7 66 54 63 61 62 32 33 75 6 52
34 32 54 52 23 61 53
32 1 34 39 71 19 35
2 32 35 63 44 37 71
71 32 34 1 35 54 48
1 35 34 71 61 32 52 46 64
1 71
71 52 65
48 32 1 2 71 44 34 35 42 61 37 6 56
1 32 35 71 37 28 19 63 56 44 34 48
1 92 5 2 71 94 34 69 54 33 32
32
1 71 56 55 5
34 32 35 42
52 38 34 54 53
56
32 71 34 33
71 32 34
32 63 54 71 34 33 56 19 62 26
63 53 34 32 20 71 21 19 33 36 61 54 7
34 32 61 37 71 54 63 20 65 62 21 19 35 53 33
33
32 54 62 53 34 33 52 19 61 63 56 65 20 55 38 42
71 52 63 55 54 62
61 53 54 32 34 36 55 62 20 33 44 19 37 71 64 63
36 63 71 32 24 2 34 64 61 19 7 54 62 33
53 62 7 71 34 61 33 32 54 63 20 42
52
1 57 58 34 52
32 34
32 71
54 71 6 32 58
55 32 61 34 19 62 20 71 64 54 21 33 37 36 52 67 53 75
56 32 71 34 52 19
71
52
56 54 53 55 71 52 19 59 32 34 26 63 57
54 46 53
37 54 60 71 52
52 54 71 42 53 44
54 53 42 28 33 55
71
54 71 32 44
32 34 67 56 53
57 71 55 61 54 65 58 34
32 71 53
34 32 61
71 54
71 59 33 53 58 61 54 52
71 70
34 54 32 1 68 62 19 61 79 67 53 52 2 71 63 42 65 28 57 33 64 37 36 20 21 44 56 27
71 33 34 19 61 32
34 32 71
32 62 34 20 61 64 42 53 36 71
34 32 5 1 2 23 37
19 1 2 62 32 7 34 53 35 65 61 71 64 20 33 63
71
19 71
1 2 34 54 33 19 32 37 20 62 6 71 21 38
1 92 71 61 19 32 2 20 34
21 34 37 33 32 71 58 20
71 32
1 32 42 34 71 6 61 53
1 2 52 54 32 34 53 71 21 61
5 66 71 63 53 65 54
1 54 52 63 32 53 21 36 19 23 33 34 20 71 61 24 64 62
1 63 34 71 52 61 54 56 21 53 32
34
54 32 34 1 64 36 95 7 35
54 32 1 34 7 62
1 5 71 34 32 53 37 4 35
1 21 5 32 35 34 2 42 71 33 37 52 63 44 61 6 19 92 36 20 66 54 22 26 53
1 32 2 53 71 34 36 61 6 20 33
34 1 32 71 62 2 19 35 33
34 32 2 33 37 19 38 35
1 6
1 63 61 62 34 19 71 32 42 64 56 53 69
32 1 2 33 67 37 53 20 34
5 2 34 32 1 63 62 67 8 68 61 53 33 54 52 35 71 39 65 6 19 66 36 64
34 71 1 32 35 36
32 2 43 35 34 66
1 2 34 71 32 52 19 35 21 62 54 33 37
32 1 34 71
32 20 34
32 1 42 33 34 62 61 19 64 35
2 21 32 34 44 52 54 4 33 62
1 32 35 34 19 96 37 63
32 1 61 2 34 63 53 35 6
34 5 1 32 35 44 42
35 21 32 34 20
32 34 35 42 33
1 32 62 79 34 21 63 7 27 42 61
1 32 33 61 20 54 62 34 2 35 67 71 63 52 19 42 24 21
32 1 33 65 34 63 54 61 62 21 35 69 20 19
32 1 34 63 62 23 71 20 44 66 7 22 19 36
34 32 71 45 61 54 42 62 63 67 44 35 23 19 69 52 33 20 37 36
32 35 21 34 19 43 37 33 55
34 20 32 21 33 61 62 63 36
71 21 34 19 56 20 69 63 62 32 27 33 53 54
71 34 63 62 37 33 61 53 52
37 36 32 34 64 63 61 54
1 34 66 64 67 62 35 32 7
34 32 21 53 33 61 71 35
1 32 33 34 19 71 61 23 36 35
34 35 1 32 19 20 54 62
1 62 71 32 34 61 2 33 92
34 32 26 71 54 21 19
32 53 33 54 21 71 19 1 34
33 19 34 32 71 21
53 34 32 19 33 63 37 71 23 62 45
32 21 71 62 34 19 38 33 63 37 36 52
32
32 74 34 19 71 33 21
34 32 21 53 19 63 71 61 33 20 43 54 64 62 46
1 34 32
62 34 32 33 71 61 21 63 37 54 56
63 34 35 32 36 33
32 37 34 71
32 33 34 21 71 37 53 19
19 34 32 62 33 37
44
34
21 34 62 19 38 32 33
1
71 53 19 32 65 34 33 64 61
61 71 34 32
1 34 32 33 37 71
32 34 21
71 21 1 32 34 33 53 19 67 20
32 1 35 34 62 2 19 61 71
32 1 62 35 34 19 54 33 63
32 19 71 1 37 62 34 63 64 53 35 44 33 61 36 26 21
6 1
32 62 2 19 1 61 34 33 35 63 66 44 20
34 63 32 54 33 71
34 32 19 33
34 32 71 35 37 19 21 33
71 34 32 19
21 34 20 33 19 71
33 71 34 37 21 32
71 33
2 34
32 71 21 52 54 35 34 1 61
1 32 63 2 37 71 35 36
32 1 2 66 96 34
33 71
34 33 32 21 71
71 19 33 32 34
19 5 32 52 33 55 34 71 61 42 20 37 23 63
71 5 2 54 32 21 19 34 63 52
32 34 42 61 1 66 2 71 56 54 62 63 74 20 37 53 75 46 35 76 36 19 52 58 6
1 32 35 71 34 20 19
1 32 71 19 61 35 34 36 20
71 1 34 35 32 2 33
32 34 35 1 71 37 33
35
32 34 35 2 6 61 1 33 7 63 71 87
32 1 6 35 71 33 34
1 71 34 32 37 61 35
1 32 71 92 35 34
71 32 33 35 34 21 1 37 95
20 71 34 32 62 21 33 37 36 27
71
71
63 34 71 21 64 20 28 33
2
2 4
1 2 33 92 63 66 68 67 61 32 62 65 35 54 34 74 42 71 21 7 55 75 56 36 69 53
33 2 34 54 63 32 66 62
34 53 61 21 32 4 24 19 42 71 57 36 62 63 54 33 76 35
34 52 65 63 36 26 71
32 34 54 33 52 63 62
34 32 19 35 62 33
71 54 66
63 7 61 33 54
2
19 1 78 23 32 34 33 54 69 20 63 21 68 40 65 36 53 35
61 34 62 32 1 71 63
20 63 61 1 34 62 92 32 71 33 67 36 54 52 42 53 23
1 32 19 55 34 71 35 52 33 53 54 37 61 63 44 43 38
1 34 5 92 71 37 32 53 93 21 35
32 34 37 42
66 1 65 32 5 62 33 63 67 34 19 54 35 93 85 40 21 92 20 69 71 53 36 61 74 64 37 6 38 55
34
32 34 19
1 34 32 63 71 35 38
32 34 62 33 63 36
32 62 34 33 20 36 37 63 61 19 42
32 34 71
1 34 32 19 54 43 37
61 23 34 63 54 32 62 19 37 20 33 56 36
63 20
32 34 67
71 32 34 62 63 33 53
19 34 1 33 32 21 23 71 26 36 61 62
34 32 2 21 33 71 61 20
34 32 33 23 19 63 21 62 35 71 44 37 54 36 61 26
32 63 36 34
32 34 1 38 19 71 21 33 36 63 53 35
34 32 19 71 62 37 44
62 34 21 32 24 33 2 71 35 19
1 32 34 71 6 37 61 19 24 63
32 1 5 93 61 42 71 34 35
32 1 34 52
34 21 1 32 33 74 6 37 28 71 52 20 53
61 1 32 34 19 36 33 62 71 95 24 21 35 6
34 1 32 21 35 62 24 33 63 52 71 42 20 19 36 37 61
34 71 35 32 33 42 21 19 37 38 36 24
34 32 33 61 19 36 21 63 24
33 36 32 19 34 62 23
34 32 71 33 21 38 37
34 32 2 33 63 62 54 19 21 36 42 71 67
32 36 33 34
1 32 34 35 54 33 63 44 36 19 53 23 24 61
54 32 1 19 34 63 33 71
34 32 71 21 63 19 43 35 53 20
34
34 61 32 52 63 35 71 19 20 33 54 21
33 34 35 63 21 32 1 71 62 36 19
32 34 19 38 6 33 24 23 21 36 20
53 34 71 33 32 42 21
33 34 32 19 53 71 37 36
33 54 34 62 65 63 32 71 36 53 2 61 21 56 19 37 20 64 42
33
1 34 71 32 2 6 54 63 35 88 61 53 37 33
1 33 32 7 63 34
1 34
32 54 63 1 19 34 56 35 61 71 7 66 33 38 37
61 34 63 32 67 36 37 64 19
32 34 69
34 21
56 32 34 2 1 36 21 33 62 92 23 38 20
32 34 71 1 33 21 36 52
20 32 71 34 23 21 19 61 33
32 33 35 34 19 71 36 61 62 67 63
63 34 71 32 33 19
34 71 63 32 36 33 19 37 61 23
32 34 1 33 20 63 71
71 21 34
34 32 33 1 38 21 37 62 71 24 54 19 63 61 35 36 56 20
71 32 20 34 33 37 36
32 34 33 36 53
71 32 21 35 1 34 63
1
1 34 61 62 19 37 32 21
33 37 21 34 19 62 32 71 36 79 23 93 54
21 34 32 24 65 33
34 1 33 21 2 61 32 63 36 62 23 53 20 67 71
19 1 71 53 32 34 61 28 33 62 35 52 40 37 63 44 36
34 63 1 32 2 33 71 36 21 19 35 61 52
32 1 19 34
71 52 33 21 20 63 54 31
1 32 33 71 61 34 27 20 53 42 54 35 63 37 24 56 38 66 62 52
32 34 54 19 71 20 35
34 32
32 71 33 34 21 52 35 61 19 53 44 62
63
1 63 64 67
5 1 71 64 55
1 65 64
1 62 63 71 2 54
1
1
1 6 5
1 5 8
5 1 8 6 71
5 71 1 8 6
1 5 8 73 6 87 83 61 68 93 71 32 35 44
1 6 92 5 71 8 32
1 5 9 6 8 71 100 93
1 61 8 5 71 6
1 5 9 8 71 6 61 10
1 5 6 8 93 61
1 5 8 84 9 98 6 92 72 71 93 65 35 32
5 1 8 32 6
82 66 5 72 1 61 84 64 6 90 71 75 73 85 83 77 52 32 53 63 69 54 8 92 74 62 65 88 70 34
84 72 1 39 6 5 61 71 69 82 8 32 90
71
1 5 73 6 32 75 93 8 35 71 61 63
5 1 71 6 39 8
32 76 35 71 87 74
61 73 84 5 66 72 77 87 20 71 34 33 65 90 1
5 1 71 61
5 1 6 92 8 71 32 35 68
1 5 8 52 6 64 53
9 1 5 71 6 8 32
1 5 35 6 39 32 8 37
1 5 93 6 61 8 63 71 35
5 84 1 15 72 32 6 93 71 34 8
1 5 6 35 71 92
1 92 32 71 6 64 37
1 34 33 36 32 37 35 61 63
1 6 32
34 33 32 20 71 53 63 36 21 62 37 19 35
61 34 71 33 21 32
32 34 40 21 33 37 62 36 65 20 43 63 44
34 33 32 1 37 21 36 19
26 32 34 35 33 71 36 37
1 5 6 8 71 32 61 35 66
5 1 71 36 32 34 63 61
37
34 21 33 1 19 61 53 32 56 92 42 71 36 54 20 35 76
34 71 32 21 37 63 61 20
19 71 33 34 37 21 38
71 32 64 35 34 33 63 61 36 53 52 37 54 65 19 38 62 43 58 22 28
1 64 71 32 63 5 62 37 19 34 35 36 33 21 54 44 66 61 22
19 32 34 53 37 33 21 61 44 71 23 63 35
37 1 2 32 71 21 63 19 34 62 33 36 54 61
1 32 33 34 35
1 63 33 77 34 61 35 32 62 36 69 53 3 43 54 19 71 52 38 65 64 20 21 2
32 34 36 63 61 35 37 20 33 71
35 32 63 34 42 36 23 54 33 64 20
21
32 34 33 61 63 35 19 62 20 37 54 36 21
1 32 34 61 33 53
34 32 37 1 53 44 62 54 21 36 19 22 33
32 34 71 35 53 46
32 21 35 37 64 63 34 53
71
71
54 32 67 20 34 71 33
32 71 34 36 38 35 19 33 62 20 63
34 32 37 1 54 33 71 36 21 20 62
34 32 61 53 71 38 21 62 35 37 19
32 34 35 23 71 37 33 40
5 32 71 34 19 54 33 53 93 63 35 62 64 21 37 30 56 65 55 61 6 42 52 20 66 27 36
32 54 34 19 1 33 21
33 34 32 21 71
34 32 36 37 35 62
34 62 33 32 38 56 71 35 63 36 37 61 21
35 34 32 33 21 62 83 61 36 37 39 63 71
5 71 33
58
34 33 32 21
34 32 19 71 33 37 21
34 61 71 33 19 21 32 36
34 21 33 62 54 71 32 36 63 19 42
19 71
21
21 71 19 32
71
52 34 37 71 32 53 6
33 32 34 19 21 63 71
33 32 34 21 61
71 34 37 21
71
35 71 34 32 61 52 36 63 33 21 53
5 1 66 68 8 71 6
62 36 32 34 71 20 33
32 34 1 71 53 33 35 19 54 20
37
63 32 34 35 1 71 4 62 65
5 1 8 6
1 6 5 34 71 32 65 35
71
71
1 5 6 2 44
71
5 1 63 71 37 80 6 66 61 69 56 65 70 53
73 5 82
52 71 69
1 71 5 92 32
32 71 35 40 39
61 35 71 21 32 37
71 37 32 35 36 48
71 35 39 32
35 71
35 71 39 40
5 19 1 93 83 62 61 71
1 82 71 32 73 75 34
72 68 5 61 82 83 84 66 63 93 1 87 73 77 71 75 91 98 6 70
71
5 82 66 67 71 53 54 61
39 93 5 71 73 82 8
71 6 1
32 5 1 71 6 37 66 35
71
1 5 8 71 19
71
71
5 71
92 5 93 1 61 98 66 68 6 56 71 96 50
5 1 71 9 61 84 69 64 66 6 74 90 33 8 65
34 54 61 65 66 68 63 71 64 32 73 33 36 53 42 67 75 62 43 52 21 69 24 19 77 37
54 64 62 63 21 34 32
32 34 5 1 36 22 21 19 61 93 35 54 37 53 23 92 66 63 71 33
32
32 71 20 30 34 36
19 1 32 58 34 54 69 71 63 53 75 46 65 64 2 42 61 55 52 62
71 32 1 34 35 33
71 32 62 34 19 21 63 33 53 36 61
32 34 36 61 23 63 62 33 37 35
34 32 19 33
32 34 23 36 35 37 71
34 32 62 71 54 61 63 19 35 33 52 38 55 36
34 21 19 33 32
34 32 19 74 62 61 20 63
32 34 33 21 61
34 32 63
32 35 34 37 23 36
32 1 34 63 35 33
20 32 62 34 33 53 63
34 36 32 33 61 35 19
1 34 36 32 61 71 63 20 19 53 52 88 62 24 35 33 21
34 32 61 71 23 35 33 7 62 19
34 2 32 54
34 88 35 32
19 34 32
35 32 20 34 58 61 56 52 33 63
71 34 33 32 35 63 19 21 44
1 19 35 65 32 34 33 58 20 54 53 23 61 71 37 36 42 62 21
1 33 32 34 19 43 37 71 52 39 61 21 63 35
63 71 34 53 54 46 65 42
54 34 32 42 20 53 35 44
32 34 19 20
19 20 33 34 32 71 61
2 32 34 35 33 1
34 32 1 6 92 36 63 19 33 56 62 65 52
34 1 32 63
34 32 71 21
1 2 32 34 71 33 37 52 53 61 63 54 19
32 34 62 1 33 24 22 37 71 20
1 32 67 71 61 64 65 69 85 57 34 37 55 63 33 54 73
32 71 34 54 20
34 32 19 53 62 63
32 34 54 71 20
34 35 32 63 42 37 62 71
32 61 1 66 34 71 52
34 71 61 63 19 33 62 36
35 34 44 65 32 37 63 61
34 71 32 53 45
32 34 71 42 22 61 62
32 73 34 82 62 71 63 35 52 54 64
32 1 52 28 34 61 21 42 54 35 37
32 35 34 71 63
34 32 35 71
2 32 34 71 35 37 75 61 36
71 1 34 20 32 63 30 54 39 19 37 62
32 34 2 20 35 54 63 55
32
32 43 71 21 34 63 28 54
32 19 34 36 20
2 32 61 35 34 65 63 54
32 33 34
32 34
34 35 32 54
53 71 56 19 34 57 21
34
32 34 52 53 33
34 61 32 37
19 34
32 34 33
34 33 32
61 71 34 32 63 62
2 71
71 32 34
32 42 54 57 19 34
2 71 1 53 54 58
71 54 34 32 33 63 62 53 61
62 38 53 19
2
34 63 61 32 42
34 61 32 20 44 62 35
32 34 35 33
32 34 43 64 61 35 4
2 71
34 32 19 61 33
2 56 32 63 62 34 20 19 61 71 55 33 52 53 65
34
34
1 2 32 34 54 62
62 32 34 20 52 6 61 33
34 32 36
33 1 32 34 52 53 21
62 32 34 71 54 19 35 33
32 34 61 7 53 19 35
34 63 62 33 37 35 32 19
32 34 71 33 36 21 62 23
32 34
32
32 34 36 35 33 61
32 34 33 35 19
32 34 33 21 63 19
34 32 33 35
34 32 33 61
32 34 33 62 71 21 35 54 19
33 34 32
32 64 34 61
32 34 61 64 63 35 62 19 44 33
20 63 32
34 32 63 23 33
7
71 55
34 32 35
32 34 33 71 39 19 21 62
32 52 34 62 61 35
71 52 34
54 53 62 34 32 52 20 63
54 34 53 32 42
34 32 33 53
32 52 54
34 53 63 54 52 71 57
71 34 95 53 32
62 34 32 19
20
71 42 37 54 35 52 34 56 57 27 19
71 33 53 1 62
71
67
61 71
71
71
5 1 6 61 35 32 2 37
72 68 5 61 82 83 84 66 63 93 1 87 73 77 71 75 91 98 6 70
65 19 62 61 54 66 53 55 15 63 91 13 12 89 2 34 64 16 37 71 44 58 74 32 4 1 57 36 7 56 52 90 67 33 3 21 69 76 6 59 80 83 42 75 23 47 77
32 2 37 40 42 34 61 35
34 32 71 33 21 38 37
66 72 1 5 83 73 63 69 89 75 82 74 54 86 84 61 80 33 57 65 88 52 42 56 34 71 53 58 68 62 78 91 77 67 64 76 44 19 28 59 21 35 87 70 55 45 90 32 23
34
1 63 64 67
71 58 59
5 1 63 71 37 80 6 66 61 69 56 65 70 53
1 72 89 62 83 61 73 63 84 82 66 65 2 64 42 80 75 87 77 7 78 32 34 69 90 76 8 85 70 54 68 44 14 37
1 61 32 19 20 63 34 33 77 55 62 35 71 92 36 67 69 53 52 3 43 37 54 64 38 65 46 44 21 42 2 23
32 71 34 54 20
77 5 72 76 68 93 84 32 35 71 54 39 44 42 52 40 53 8 46 66
73 82 83 61 1 3 66 74 68 32 56 42 63 52 76 69 2 65 54 6 44 62 43 55 21 34 11 71 53 64 27 7 35 92 33 20
52 38 34 54 56 53
69 62 1 36 32 65 33 54 71 61 34 44
71
5 71
34 61 32 37
63 2 1 5 65 61 66 62
2 34 37 71 33 67 61 53 21 54 32
34 54 33 53 43 56 38 32 19 55 35
71
34 33 61 62 63 32 19 36 71 7 53 66 65 54 20
32 34 21 19 61
71 65 59 34 33 32 53 58 61 54 52
82 73 5 66 1 77 72 94 61 84 64 6 90 71 75 98 92 83 70 76 91 62 85 65 52 69 32 63 53 54 68 80 78 8 93 46 55 37 74 56 88 27 34
1 5 6 8 71 32 61 35 66
89 78 72 69 84 77 1 66 82 71 21 73 75 80 61 91 65 6 52 54 63 67 70 56 34 64 59 48
71 32 64 35 34 33 63 61 36 53 52 37 54 65 19 38 62 43 58 22 28
1 5 8 71 19
62 37 34 32 54 63 58 24 33 19 71 36 43
61 66 2 71 5 63 1 54 62 75 96 56 34 65 52 53 85 68 64 6 67 20 38 27 69 37 55 32 35 33 42 44
54 71 36 69 53 32 52 1 20 43 62 42 21 34 33 19 63 65 56 37 57 35 28 24 27 55 26 31 88
71
34 33 32 21 71
71
71
32
21
21 19
33
21
71
21
33
71
34
21
71
71
20
1
2 34
34
21
71
71
34 32 35 71
33
33 71
71
71 32
71
33
37
33
71
71
21
71
71
71
71
21
34 32 36
21
71
21
71
33
19 71
71
54 71
71 37
34
33 71 20
34
34 63
71 32 5 21 53 35 34 33 38 54 61 36 62 19 63 1 93 23 37
1 32 71
1 34 63 61 62
34 32 54 52 23 61 53
71
61 34 63 54
63 7 61 33 54
2 19
19 64 44
1
37
69
1 65
34 62 33 32
2 32 65 34
71
1 6
34 63 62 61 32
1 61 64
35
34 32 63
71
71
5 8 1
71
71 34 37 21
32
69
1 34
71
34 54
71 35
71 35 40
71
58 53 71 19 55 56 34 59 33 57 65 21 62 67 32 20
69 71 32 55 54
71 65
71 52 63 55 54 62
2 4
32 34 33 19 63 37 62 21 36 54 24
32 1 34 39 71 19 35
32 34 71 1 33 21 36 52
71 35
1 5 61 2 35 34 32 20 21 71 19 93 6 63 54 36 42 64 37
33 34 63 21
32 62 34 61 54
32 71 34 33 54 2 35
65 71 59
32 55 54 34 19 35 71 44 63 21 67 64
19 21
64 69 65 71 55 62
34 32 36 37 35 62
35 39 32 71 37
56 58 65 69 59 88 76 55
33 32 34 21 61
61 62 42 32 34 53 71 39 52 35 37 19 33 63 54 38 21 36
1 32 33 34 19 61 71 23 36 35
21
54 71 6 32 58
34 63 61 32 42
34 2 32 65
71 35 39 32
71 32 20 34 33 37 36
61 71 35 32 44
2 32 21 1 33 34 5 61 62 54 19 6 35 63 71 36 53 20 27
71 32 34 35 62
34 32 21 35 62
84 72 1 39 6 5 61 71 69 82 8 32 90
21
32
21 34 32 24 65 33
33 32 62 71 34 63 38 69 19 36
62 34 32 33 71 61 21 63 37 54 56
2 32 34 71 35 37 75 61 36
35 32 54 44
1 32 34 61 33 53
34 32
2 5 32 6 7 1 73 9 35 10 34 66 63 65 61 79 39 93 40 44 64 42 4 19 76 71 48 67 8
1 32 35 27 61 44 67 34
5 1 8 2 9 10 32 39 100 7 35 71 77 44 97 27 72
1 32 2 53 34 48 62 33 63 77 42 37 61 54 7 35 44
2 34
1 33 6 34 61 32 20
71
44 1 32 2 6
2 8 1 32 5 71 37 34 35 19 48 61 42 52 39
71 1 34 20 32 63 30 54 39 19 37 62
54 34 32 42 20 53 35 44
34 32 37 1 54 33 71 36 21 20 62
82 1 5 73 92 2 61 65 6 62 75 63 32 8
8 7 5 2 61 6 1 9 32 71 52 39 34 69 10 35 36 93
5 2 1 32 92 65 61 71 42 34 74 52 62 54 63 43 53 19 33 4 35 66
71 37 32 35 36 48
6 53 1 32 34 61 5 2 74 64 54 63 35 66
32 34 33 62 71 21 35 54 19
34 1 32 33 71 63 23
21
71
19 32 33 34 21 24 38 2 54 61 71 62 43 37 20
34 21
1 61 5 2 53 35 65 32 66 64 69 63 8 6 93 98 52 71 7 36 54
5 2 1 71 61
21 34 20 33 19 71
1 33 35 34 5 92 19 2 20 27 71 37 61 6 32 63
32 34 71 35 53 46
21 1 7 71 33 92 34
32 34 52 53 33
32 34 33 36 20 63 62 19 26
52
32 35 2 34 71 20 22 61 67 43 21 37 62
5 71 33
35 32 71
35 34 63 32 61 33 71 19
63 20
71 54 66
32 36 64 37 35 34
34 88 35 32
71
35 71
19 34 32
34 32 33 61 35 62 36 37 20 63 21 71
34 2 7 71 44 32
32 34 33 35 19
5 85 82 65
19 34 32 1 33 22 54 37 21 61 71
34 32 63 23 33
1 92 71 61 19 32 2 20 34 52
5 66 71 63 53 65 54
34 32 61
1 35 32 71 6 8
1 5 9 8 6 92 71
1 5 44 32 6 61
63 33 32 19 34 62 20 35 71
5 32 1 34 3 2 7 44 61 6 54 4 92 66 35 42 62 63 76 71 8
71 2
19 34 71 32 62 33 37
32 63 36 34
1 2 5 34 32 35 19 61 44 37 71 62
62 1 32 71 2 35 34 61 37 53 33
1 5 71 35 32 6
34 32 19 53 63 36
71 33 34 19 61 32
2
32 83 74 63 71 35 39 37
71
1 34 5 71 2 35 32 63 61 7 38 36
1 6 5 44 42 61 32 34 37 35
34 32 62 71 54 61 63 19 35 33 52 38 55 36
34 32
1 62 63 71 2 54
32 34 33 38
2 1 37
34 71 32 37 63 4 61 19 33 20 87 62
37 32 34 6 75 71 19
71 32 33 35 34 21 1 37 95
33
34 33 19 32 71 54
32 34 54 19 1 2 71 66 20 96 56 35 52
5 32 8 35 1 37
32 1 34 71
32 34 36 61 71 52 37 42 35
56 32 71 34 52 19
2 32 34 76 54 62 87 33 63 61 55 35 53 36
5
1 62 32 5 6 35 8 61 71 7 44
1 34 66 64 67 62 35 32 7
34 33 19
34 1 33 21 2 61 32 63 36 62 23 53 20 67 71
34 19 53 32 54
1 2 52 54 32 34 53 71 21 61
1 34 32 71
2
1 2 37 5 33 34 61 63 32 71 62
5 1 71 93 61 62 63 32 8 65 6
33 34 2 71 36 52 54 53 63 32 66 62
21 61 71 32 33
71 5 8 6 54
1 5 19 32 7 2 42 84 34 44 35 8 62 71 65 52 53 37 61 66 63 6
84 78 77 80 71 91 72 35
1 34 33 32 71
54 71 33 34 21 20 32 19 53
32 61 1 66 34 71 52
1 34 32 71 54 37 35 62 6 61
9 10 100 2 70 1 94 32 71 52 66 34 33 35
2 1 34 61 32 42 20 71 66 21 62 64 63 35 33 19
34 33 32 20 71 53 63 36 21 62 37 19 35
19 1 34 28 32 61
32 73 34 82 62 71 63 35 52 54 64
32 1 52 28 34 61 21 42 54 35 37
1 6 2 36 19 34 32 53
33 19 34 32 71 21
33 34 21
32 19 34 36 20
61
32 34 35 33
32
2 61 42 72 65 4 73 32 1 7 53 34 45 69 63 44 66 64 35 85 71 67 36 6 31 62 48
71 1 69 34 33 32 61 54 37 53 56 38
5 89 8 1 93 71 61 72 64 20 66 65 90 80
2 1 7 61 35 54 65 32 34 62 42 63 44 66
27 1 32 71 20 34
62 44 32 34 33 53 54
64 32 63 34 35 5 1 71 61 44 53 42 6 65 7 20 31 54 2
34 71 32 61 19 42
34 20 32 21 36 33 61 53 63 71 62
2 1 32 5 53 6 54 35 34 92 8 62 33 37 52 20
32 34 1 33 20 63 71
63 62 21 19 32 34 71 33 35 37
1 34 32
34 32 33 36 63 62 42
32 1 33 65 34 63 54 61 62 21 35 69 20 19
1 62 71 32 34 61 2 33 92
34 32 71 45 61 54 42 62 63 67 44 35 23 19 69 52 33 20 37 36
2 7 71 1 61 63 6 54 34 5 35 62 32 44 19 37 48 33 67
34 53 32 1
54 63 61 1 32 34 97 93 2 5 57 44 19 74 4 71 65 42 67 62 37 35 69 21 66 6 11 27 53 52 56 92 33 23 36 70 3
1 2 48 75 92 32 19 54 35 71 53
36 63 71 32 24 2 34 64 61 19 7 54 62 33
33 54 32 37 20 56 35 53 6 34 71
2 32 62 20 34 56 71 59 52 33 19 53 21 36 54 43 63 57 61
1 52 32 6
71 34 63 62 37 33 61 53 52
32 71 21 34 2 52 19 35
61 34 62 52 63 56 21 32 33 3 19 71 76 65 37 35 53 42 36 54 67 75 40
62 32 34 71 54 19 35 33
5 1 2 32 42
34
33 53 34 71 21 36 56 32 35 37 30
73 34 1 85 61 32
32 34 33 61 63 35 19 62 20 37 54 36 21
54 46 53
2 21 32 34 44 52 54 4 33 62
2 34 32 71 37 63 65 21 61 64 53
71 32 34 1 35 54 48
1 54 52 63 32 53 21 36 19 23 33 34 20 71 61 24 64 62
33 71 21
32 35 21 34 19 43 37 33 55
33 32 34 19 21 63 71
1 34 32 63 71 35 38
32 52 34 62 61 35
16 1 34 32 5 52 54 2 6 35 61 21 63 44 42 67
32 34 53 63 54 61 62 33
34 35 32
1 34 32
1 34 32 2 44 76 54 63 87 61 42 35 92 94
32 34 2 33 37 19 38 35
32 7 34 62 53 36 2 35 71 19 63 64
61 36 62 34 81 52 32 37 35 46 71
6 1
32 34 35 23 71 37 33 40
33 21 71
61 34
1 5 71 34 32 53 37 4 35
71
42 5 1 32 64 44 35 93 2 63 53 34 6 61 39 37 67 7 58 62 76
19 20 33 34 32 71 61
5 52 8 6 34 32 61 44 35 63 20 45 33 65
1 32
34 32 35 42
1 32 34 35 54 33 63 44 36 19 53 23 24 61
34 53 61 21 32 4 24 19 42 71 57 36 62 63 54 33 76 35
32 35 34 71 63
61 1 92 62 63 65 52 34 35 53 32 44
1 61
1 61 8 5 71 6
32 71 21 52 54 35 34 1 61
32 34 71 54 36
71 32 53 19 37 54
2 71 53 61 63 62 65 34
55 71 64 61 65
34 32 53 54 19 52 1 71 21 63 20 36 62 37 61 33
5 9 93 62 1 54 40 8 35 61 10 39 37
5 1 92 6 71 8
34 32 21 53 33 61 71 35
1 32 62 79 34 21 63 7 27 42 61
34 71 1 32 35 36
34 35 1 32 19 20 54 62
1 32 34 2 44 63 61 6
1 34 32 6 33 5 74 61 62 53 20 21 37 55 7 83 71 54 19 35 2 63 76 56 36 42 44
32 34 35 42 33
1 54 44 2 6 32 4 36 34 61 42 71 63 53
1 5 9 8 71 6 61 10
1 34 35 2 5 71 63 53 8 32 61 33 44 62 42 7 64 6 67 19
1 32 5 34 93 2 63 35 7 44 66 71 37 21 33 54 61 6 42 8 19 62 67
32 34 1 61 2 35 92 5 63 19 7 71 62 33 52 53 20 66 54 37 36 38 44 24 6 21 39 28 56 65
1 61 75 54
19 34 65 32 20
35 32 63 34 42 36 23 54 33 64 20
63 53 34 32 20 71 21 19 33 36 61 54 7
6 1 8 35 32 5 34 93 44 61 27 53 42 52 63 62 48 39 71
63 32 19 34 21 33 20
34 52 32 67 21 42 53 74 54
9 32 10 1 34 19 63 53 54
1 32 42 34 71 6 61 53
34 61 32 33 35 21 71 24 19 63 20
71 70
34 32 2 33 63 62 54 19 21 36 42 71 67
32 34 37 61 35 71 33 63 42 26 19 36 54
72 73 5 77 61 1 92 82 71 56 88 45 28
37
2 66 1 32 34 77 72 48 35 64 42 44 5 54 61 63 84 65 6 71 20
2 1 32 5 7 6 42 34 4 35 66 61 3 8 44 71 20 54 63 65 27
32 1 34 19 54 35 71 61 33 20 63 53 21
1 32 71 34
32 62 33 34
34
34 20 33 65 21 19
53 71 69 57
35 34 44 65 32 37 63 61
7 32 34 71 53 62 35
53 32
32 1 35 62 53 34 71 21 20 54 36 37 42 67 63 33
20
21 61 54 71 1 44 32 62 37 2 35 20 33 19 34 64
2 34 32 63 1 35
71 5 2 54 32 21 19 34 63 52
1 5 16 6 34 71 21 32 2 65 54 61 7 53 35 8 64 20
1
32 34 36 63 61 35 37 20 33 71
32 1 2 48 71 39 35
32 62 34 33 20 36 37 63 61 19 42
34 61 32 52 63 35 71 19 20 33 54 21
1 62 61 2 34 37 56 32 33 36 63 71 92 6 54 44 19
2 19 1 32 58 34 54 56 5 63 69 92 71 62 53 20 37 61 75 46 65 55 64 42 93 33 21 52 35
54 32 1 19 34 63 33 71
32 34 71
2 32 1 20 21 5 44 34 65 62 6 33 19 63 71 8
1 2 32 34 71 33 37 52 53 61 63 54 19
1 71 56 55 5
1 92 5 2 71 94 34 69 54 33 32
63 34 61 19 32 33 71 53 35 21 36 20
61 53 54 32 34 36 55 62 20 33 44 19 37 71 64 63
34 32 71 21 63 19 43 35 53 20
71 32 34 62 63 33 53
32 34 40 21 33 37 62 36 65 20 43 63 44
35 71 39 40
34 71 32 54 36 57 62 63 52 38 21 33 61 19
73 5 82
71 65 56
5 19 1 93 83 62 61 71
2 32 35 63 44 37 71
1 64 71 32 63 5 62 37 19 34 35 36 33 21 54 44 66 61 22
32 55 34 19 71 1 33 36 61 35 63 44 37
13 15 71 89 75 80 1 32 66 85 77 61 52 65 69 90 54
32 61 34 63 1 53 74 54 35 42 52 2 94 62 64 66 71 37 21 36 44 43 19 76 65 20 55 7 33
32 2 43 35 34 66
1 2
90 72 77 84 80 53 71 66 69
71 52 65
32 35 34 71 19 52
71 2 52 32 36 34 37 33 21 61 20 63
33
64 80 32 65 91 76 71 63
34
35 21 32 34 20
61 33 34 52 35 32 36 54 65 56 63 19
1 32 33 61 20 54 62 34 2 35 67 71 63 52 19 42 24 21
58 71
63 2 34 33 64 71 61 52 75 62 32 36 54
52 53
71 21
21
43 32 34 19 62 33 69 65 21 63 71 67 53 20
1 57 58 34 52
63 34 21 64 20 28 33
63 34 2 54 62 19 32
5 1 8 6
71
32 34 19 62 2 33
71
32 21 63 36 34 61 19
2 1 37 71 32 34
32 53 36 34 61 33
32 1 2 33 67 37 53 20 34
1 19 2 34 71 54 33 32 37 20 62 6 21 38
32 34 67
62 38 53 19
32 34 37 20 61 33 62 19 63
34 21 33 1 19 61 53 32 56 92 42 71 36 54 20 35 76
34 71 35 32 33 42 21 19 37 38 36 24
19 62 34 54 32 37 71 33 38 64 63 67 36
34 32 37 1 53 44 62 54 21 36 19 22 33
33 34 35 63 21 32 1 71 62 36 19
6 1 42 19 32 34 35 61 2 4 66 63 36
32 34 71 35 33 61
21 38
5 66 91 89 1 63 32 54 2 61 62 69 44 33 34 67 20 58 55 35 56 65 74 7
32 42 71 35 28
34 62 33 32 38 56 71 35 63 36 37 61 21
9 1 5 71 6 8 32
32 34 21 63
1 32 33 34 35
34 71 32 21 37 63 61 20
54 56 61 1 65 32 37 33 42
34 32 19 53 62 63
71
1 5 93 9 61 8 10 2 63
1 2 63 32
26 71 33 63 34 36
71 53 19 32 65 34 33 64 61
62 36 32 34 71 20 33
5 34 93 53 32 71 6 62 19 7 54 63
34 42 53 32 2 35 62 71 61 19 65 37 36
34 71 32 53 45
53 33 61 32 71 34 62 63 19 36 21
2 5 1 71 34 54 32 35 61 62 44
34 63 21 71 62 33
63 3 21 34 71
34 35 32 54
35 71 34 32 61 52 36 63 33 21 53
1 34 33 36 32 37 35 61 63
62 1 5 67 69 71 6
5 1 66 68 8 71 6
71 54
19 1 78 23 32 34 33 54 69 20 63 21 68 40 65 36 53 35
35 32 20 34 58 61 56 52 33 63
34 32 33 53
32 34 35 54 61 65 63 71
34 32 19 71 33 37 21
5 8 9 1 6 93 69 65 10
1 5 8 52 6 64 53
42 1 32
71
71 56 54 63 64
1 61 65 71
71 84 35 39 77 57 54 37 66 32
33 32 34
33 53 71 56 62 61 34 32 67 19 64 63 21 2 37 52 65 36 38 1
71 2 1 32 34 33 62 20 19
32 71
72 84 2 35 54 61 68 52 34 56 63 65 27 77
1 5 9 8 75 6 71 66 92 2 10
34 2 32 54
5 42 1 34 61 33 32 93 63 2 9 6 66 44 8 48 35 7 62 52 53 19 10 21 71 75
34 1
1 6 5 34 71 32 65 35
33 71
5 44 1 34 32 71 6
32 34 71 33
74 71 9 100 1 5 83 52 53 35 8 10 82 61 44 39 40 63 6 32
61 1 32 34 19 36 33 62 71 95 24 21 35 6
1 32 35 71 37 28 19 63 56 44 34 48
27 34 33 65 32 71 61
34
34 21 33 53 37
34 36 32 33 61 35 19
20 32 62 34 33 53 63
32 1 34 63 35 33
32 53 34 35 2 33 62 63 19 71 61
32 34 23 36 35 37 71
32 35 34 37 23 36
32 34 33 21 61
32 34 36 61 23 63 62 33 37 35
71 32 62 34 19 21 63 33 53 36 61
34 32 19 33
34 21 19 33 32
34 32 19 74 62 61 20 63
71 1 34 35 32 2 33
5 61 39 34 65 6 54 69 43 66
1 92 32 71 42 8 56
32 36 33 34
32 34 37 42
34 32 54 71 19 37 33 63
71
67 34 32 71 42 62 54 63 66 19 53 61
33 34
2 32 34 33
32 1 2 5 61 42 63 35 19 34 44
33 34
32 2 34 63 20 21 19 37 53 61 65
1 34 36 32 61 71 63 20 19 53 52 88 62 24 35 33 21
5
54 32 34 1 64 36 95 7 35
5 71 1 8 6
19 32 34 53 37 33 21 61 44 71 23 63 35
71
2 5 21 19 1 34 37 33 32 63 54 36 52 71
32 19 34 35
71
1 34 61 62 19 37 32 21
71
32 34 33
6 5 1 71
1 5 6 35 71 92
34 35 32 63 42 37 62 71
34 63 1 32 2 33 71 36 21 19 35 61 52
71
1 34 71 32 2 6 54 63 35 88 61 53 37 33
5 63 66 61 62
5 1 8 32
34 32 21 53 19 63 71 61 33 20 43 54 64 62 46
32 71 61 7 53 42 62 54 34 44
33 34
71
32 71
71 32 21 35 1 34 63
32
58 59 71 52 55 56 69
1 34 19 71 54 92 32 62 21 61 6 20 63 53 52 24 42 67 35 33 36 23 7 37 38
34 32 33 61
1 35 5 2 93 6 32 71 63 24 61 56 65 52 34 54 37
64 71 34 65
5 1 71 6 33 54 38 62 34 61 63
1 61 53 64 2 65 7 32 62 63 37 73 35 71 69 54 42 34 19
1 56 5 2 32 44 65 97 52 35 61 34 94 4 95 7 71 53 63 42 33 20
1 10 32 5 4 6 66 7 20 39 48 65 2 52 61 63 8 34 54 36 35 44
5 1 2 35 32 44 9 8 10 100 7 61 62 71 48 75 34 73 36 93 69
1 62 32 34 61 35 54 71 64 65 28 87 66 83 56 2 69 53 44
1
2 71
1 7
52 2
33 1 32 34 52 53 21
5 1 71 9 61 84 69 64 66 6 74 90 33 8 65
32 34 33 62 19 38 71
61 34 71 33 21 32
71 19 1 32 77 34 56 65 35 20 21 53 39 44 33 92 40 61 37
32 74 34 19 71 33 21
33 34 19
2 1
1 34 2 54 58 23 63 64 20 83
32 64 54 37 34 20 36 42
27 34 32 63 35 71 44 37
53 55
71
34 32 4 35 63 71 52 42 28 7 33
32
2
1 32 34 71
32 53 34 62 61 37 71 63 33 52
57
1 71
36 34 21 53 33 32 62 20
34 33 32 19 38 21
71
74 63 65 33
2 34 32 63 19 65
32 71 33 34 21 52 35 61 19 53 44 62
32 62 2 19 1 61 34 33 35 63 66 44 20
71 35 1
32 34 54 21 53 61 71 23
1
1 69 37 61 63 8
1 32 35 71 34 20 19
54 34 53 32 42
1 32 34 42 56 94 35 54
1 5 32 61 34 65 54 19 33 6
71
71 32 34 33 54
61 73 84 5 66 33 37 72 21 71 19 34 77 53 87 20 62 32 36 79 23 42 65 90 1 93 38 54
71 1 5 32 63 6 35 61 44 34 2 37
9 1 5 61 8 93 6
32 34 35
71 59 69 54
5 1 2 9 82 73 10 61 44 8 32 71 36 63 35 6 37 34 93 39 62 7 40
21 34 71 63
19 1 2 62 32 34 33 71 7 53 35 65 61 21 64 20 63
2 1 32 71 61 34 35
2 32 34 1 35 53
8 1 5 61 32 2 35 44
34 1 32 53 71
71
34 32
32 1 34 63 62 23 71 20 44 66 7 22 19 36
32 33 36 53 37 34 71 19 61 21
1 5 20 32 34 61 92 42 54 35
20
35 71 32 37
71 32 21 33 34
39 93 5 71 73 82 8
33
32 34
54 71 36 63 62
32 63 54 34 33 56 19 62 71 26
19 1 71 53 32 34 61 28 33 62 35 52 40 37 63 44 36
21 34 55 71 61 63 62 19 32 52 57 54 20 33
1 32 61 34 2 5 33 42 74 6 35 19 71 38 63 62 53 36 21
34 32 33 35
32 1 34 5 71 33 2 35 37 94 21 97 65 38 66 53 6 61 19 54 44
34 32 5 1
34 71
26 32 34 35 33 71 36 37
1 6 5
32 94 1 35 34 5 8 92 6
37 54 60 71 52
33
32 34
62 32 34 20 52 6 61 33
34 1 32 63
61 35 71 21 32 37
35 71
32 34 43 64 61 35 4
2 71 1 53 54 58
21 34 37 33 32 71 58 20
34 2 62 32 61 35 7
34 63 32 54 52 64 36 33 19
34 1 67 61 32 71 6 2 33 35 62 73 54 19 56 92 63 21 44
32 1 19 34
32 42 61 66 55 34 19 52 65 54 64 63 2 85 58
1 34 32 19 54 43 37
32 33 37 71 34 52 35 65 42 63 53 21 62 54 61 6
32 1 34 66 33 53 63 2 19 52 73 71 61 28 62 44
1 2 71 36 7 53 52 32 34 61 62 35 63
78 80 34 20 56 72 32 52 77 44 57 89 65 61 42 69 66
62 34 21 32 24 33 2 71 35 19
1 61 34 35 32 56
32 33
34 21 1 32 33 74 6 37 28 71 52 20 53
62 63 32 34 36 37 71 33 38 64 19 7 54
5 1 6 8 32
1 2 5 34 32 4 7 9 44 65 6 35 63 92
21 19
21 34 33 32 37 62 19 63 20 56 36 71
32 1 63 2 34 33 35 42 71 62 61 37 44
34 32 76 19 65 64
33 34 35 19 32 53 42
56
32 34 71 62 61 33 36 53 21 54 19 65 63 37 35 20
32 35 71 34
71 53 7 66 54 63 61 62 32 33 75 6 52
71 32 1 19 34 5 54 2 8 44 62 21 6 36 37 20
32 71 34 36 38 35 19 33 62 20 63
1 92 2 5 71 53 6 34 54 61
35 71 32 34 39 37 28 42
8 100 10 41 5
39 71 53
7 54 63 32 2 61 56 19 62 65 34 67 76 66 44 77
71 21
34 71 63 32 36 33 19 37 61 23
32 34 27 62 71 53
19 34
34 71 33
20 35 54 32 33 53 62 52 34 71 21 65
32 1 2 42 63 61 35 92 34 71 53 6 65 52 54 62 56
21
34 32 2 21 33 71 61 20
32 34 5 1 69 62 93 63 73 92 54 85 44 20 53 21 61 42 66 35
21 34 62 19 38 32 33
66 71 65
53 34 20 32 36 65 54 61 19
1 5 35 6 39 32 8 37
34 63 19 37 32 33 54 61 62 53 21 71
34
71 54 34 32 33 63 62 53 61
5 84 1 15 72 32 6 93 71 34 8
2 32 34 61 33 21 71 19 63 62 35 36 53 26 65
32 52 54
32 54 63 1 19 34 56 35 61 71 7 66 33 38 37
19 34 1 33 32 21 23 71 26 36 61 62
33
89 78 1 68 71 37 58 91 69
34 33 32 21
32 2 3 64 1 62 21 34 35 61 33 66 52 42 71 69 37 44 6 7 48 20 67
32 21 71 62 34 19 38 33 63 37 36 52
21 35 63 34 1 32 37 42 61
5 1 71 61
32 34 2 20 35 54 63 55
32 34 71 33 36 21 62 23
32 34 19 71 62 21 63 33
63 32 34 35 1 71 4 62 65
5 1 71 8 92 66 93 77
34 32 33 23 19 63 21 62 35 71 44 37 54 36 61 26
33 38 24 34 62 21
71 40 35 34 54 53 56 39
34 32 19 61 33
1 5 33 32 34
71
32 44 34 33 71 24 63 42 61 67 62 21 54 36 58 19 37 35
37 1 44 32 71 52 35
32 61 1 62 35 34 5 37 71
52 61 58
1 35 6 32
33
34 33
5 71 61 65 72 80 92 66 83 1 69 52 77 53 44 67
32 76 35 71 87 74
1 82 71 32 73 75 34
32 37 36 35 63 34 64
52 1 7 53 61 34 32 21 63 64
5 82 66 67 71 53 54 61
34 63 71 37 61 32 54
34 32 19 33
34 53 63 54 52 71 57
61 34 62 54 37
40 71 66 35 32 48 34 70 74 39 41 69
32 34 71 62 44 61 33 35 1
66 1 65 32 5 62 33 63 67 34 19 54 35 93 85 40 21 92 20 69 71 53 36 61 74 64 37 6 38 55
34 32 1 6 92 36 63 19 33 56 62 65 52
1 62 63 2 21 71 19 5 7 32 34 61 42 33 54 69 52 67 36 6 53 35
32 2 42
1 9 10 71
1 71 34 32 5 56 52 33 63 19 62 20 35 42 54
32
54 75 33 65 34 64
34 54 32 1 68 62 19 61 79 67 53 52 2 63 42 65 28 57 33 71 64 37 36 20 21 44 56 27
4 1 2 65 3 9 32 61 34 7 37 6 44 74 19 56 71 62
1 32 2 53 71 34 36 61 6 20 33
1 54 32
5 1 71 6 39 8
21
5 1 8 6 71
32
34 21 33 62 54 71 32 36 63 19 42
62 34 32 19
32 20 34
32 34 33 36 53
1 35 34 71 61 32 52 46 64
34
5 9 71 10 8 87 65
32 34 61
2 7 34 61 32 35 63 1 42 71 44 66 65 54 33 52
32 34 71 65 61 35
34 21 1 32 5 36 2 33 61 19 71 62 63 66 35 42 65 6 56 92 53 54 37 24 20 52 44 64 38 7
32 62 34 20 61 64 42 53 36 71
32 34 35 1 71 37 33
1 6 34 33 19 32
1 35 32 34 2 36 19 62 33
32 34 33 71 39 19 21 62
32 19
53 34 32 19 33 63 37 71 23 62 45
32 33 35 34 19 71 36 61 62 67 63
90 1 93 73 5 6 9 8 61 82 32 35 63 2 7 4 69 85 49 37 62 44 71 65 75 68 66
33
1 32 33 71 61 34 27 20 53 42 54 35 63 37 24 56 38 66 62 52
1 2 61 32 71 34 5 65 35 6 63 66 62
34
32 62 34 35 33 61 28
34 38
32 1 61 2 34 63 53 35 6
2 32 33 20 19 56 62 65 34
1 6
5 2 34 32 1 63 62 67 8 68 61 53 33 54 52 35 71 39 65 6 19 66 36 64
71 32 35
20 71 34 32 62 21 33 37 36 27
32 34
5 1 71 64 55
71
54 32 67 20 34 71 33
1 63 61 62 34 19 71 32 42 64 56 53 69
5 35 1 32 6 34 71 65 22 54 92 93 62 19
34 63 1 32 42
1 5 92 2 6 32 34
33
82 71 28
1 32 35 44 63 2 6 62 5 34 19 33 42 7 53 61 71
71 21
1 5 73 6 32 75 93 8 35 71 61 63
34 33 32
34 32 33 1 38 21 37 62 71 24 54 19 63 61 35 36 56 20
33 71 34 37 21 32
5 1 9 98 2 10 100 93 7 8 37 32 35 66
72 61 52 77 71
9 1 5 6 2 71 8 32 61 7 11 40 63 34 66 94 35 37 10 67 48
1 32 65 71 35
2 32 61 35 34 65 63 54
32 63 33 20 64 7 54 62 61 19 34 66 71 35 36 21
34 71 19 44 32 62 35 42 37 6
71 1 32 34 35 37 61 62
34 32 61 53 71 38 21 62 35 37 19
34 32 71 35 37 19 21 33
32 34 42 61 1 66 2 71 56 54 62 63 74 20 37 53 75 46 35 76 36 19 52 58 6
2
32 1 42 33 34 62 61 19 64 35
32 34 33 54 52 62 63 71
71 32 1 34 35 33
34 32 71 37 33
1 5 8 73 6 87 83 61 68 93 71 32 35 44
56 54 53 55 71 52 19 59 32 34 26 63 57
34 71 54 62 32 66 52 42 53 61 35 65
89 80 69 66
1 73 82 5 93 53 71 34 63 19 32 44 54 36 37 61
54 71
34 32 71 21
32 34 54 33 42
34 63 62 33 37 35 32 19
1 71 32 65 63 34 5 93 61 92 42 52 33 20 54 62 21 35 75
34 61 32 20 44 62 35
34 32 19 71 62 37 44
34 61 32 23 63 35 1 33 19 20 36 21 71
1 8 6 5 2 32 66 61 71 63 34
34 32 54
71 37 34 54 64
63 20 32 1 62 35 21 34 71 19 44 61 2 28 33 55 36 52 53
32 71 53
32 34 2 63 19 62 7
32 34 61 64 63 35 62 19 44 33
57 71 55 61 54 65 58 34
54 5 52 63 34 32 71 61
32 34 33 54 36
34 33 19 21 32 63 36 62 61 71
63 34 32 55 71
33 34 32 21 71
34 33 19 32 6 63 36 20
34 32 61 71 23 35 33 7 62 19
32
1 6 32
35 34 36 32 63 71 54
32 21 35 37 64 63 34 53
36 34 63 32 20 71 62 37 35
52 71 69
42 32 69 34 61
1 2 35 5 32 7 34 61 69 63 42 44
32 36 34 37
34 36 32 61 26 71 63 19 87
1 2 34 33 32 52 4 42 35 61 3 63 44
71
2 1 32 42 35 5 6
1 5 93 2 21 32 35 34 42 71 4 33 61 37 52 63 53 54 66 44 62 19 6 92 36 20 67 55 22 26
32 34 19
92 5 6 1 8 32
32 34 62 33 63 36
34 62
71 34 32 19
8 5 72 71 32 1 69 84 66 35 93 21 56 34
71 34 33 32 35 63 19 21 44
1 6 32 71 52 49
62 35 39 71 32 8 24
61 34 62 32 1 71 63
32 34
1 5 2 32 61 77 44 6 63 34 7 8 54 52 96 19 35
61 34 63 71 77 32 21 20 7 64 37 33 62
61 1 92 69 71
1 53 34 74 35 19 54 32 52
2 61 54 53 71 32 52 63 34
32 71 20 30 34 36
33
52 58 71 33 65 32 34 56 63
34 33 6 32 54 53 44
32 61
32 19 71 1 37 62 34 63 64 53 35 44 33 61 36 26 21
19 32 54 34 36 71
21
2 71
48 32 1 2 71 44 34 35 42 61 37 6 56
32 34 33 21 63 19
63 32 34 61 21 33 19 53 37 23 52 7 62 20 54
42 61 32 1 8 5 63 21 35 44 19 34 54 6 52 53 62
7
34 1 32 21 35 62 24 33 63 52 71 42 20 19 36 37 61
32 34 1 38 71 19 21 33 36 63 53 35
42 74 32 2 34 61 33 1 63 44 65 52 35 53
1 85 66 68 71 69
1 2 32 7 34 71 35 6 42 37
33 34 32
19 32 34 33 71
55 52
33
53 61 63 33 62 19 34 37 32 67 54 71 52
34 61 53 54 63 52
33 71
32 34 33 36
21 71 37 7 19 34 32 6
32 34 5 1 36 22 21 19 61 93 35 54 37 53 23 92 66 63 71 33
1 92 32 71 6 64 37
44
1 34 32 33 37 71
33 54 34 62 65 63 32 71 36 53 2 61 56 19 37 20 21 64 42
32 37 34 71
2 71 32 34 55 53 61 65 67 54 44
1 5 71 7 93 61 2 6 8 9 32 44 66 19 63 10 100 34 53 65 40 74 35 69
1 32 34 5 35 2 7 20 28 39 63 71
32 34 61 7 53 19 35
54 71 32 44
32 34 69
32
54 53 62 34 32 52 20 63
34 71 61 63 19 33 62 36
71 2 74
32 1 56 64 48 34 52 35
71
2 61 1 32 71 34 66 35 65 36 63 7 37 53
2 32 37 34 43 52
62 63 34 19 32 33 52 21 71 61 56 37 38 65
32 64 34 61
32 34 35 2 6 61 1 33 7 63 71 87
71 19 33 32 34
32 1 6 35 71 33 34
32 1 35 34 62 2 19 61 71
82 73 1 53 32 63 75 2 34 33 54 62 56
34 63 20 71 61 38 32 33
61 62 21 19 71 34 56 3 55 32 52 65 53 64 7 54
34 63 32 54 33 71
33 21 34 32 63 19 7 35
1 71
2
32 34 62 1 33 24 22 37 71 20
33 36 32 19 34 62 23
6 5 1 61 62 8 35 71
63 32 71 37 53 34 54 62 56 43
1 71 5 92 32
82 84 71 73 69 72 32 75 68 65 40 77 80 66
33 34
5 1 2 9 84 71 72 93 32 6 34 92 100 63 61 52 77 69 53 56 54 26
34 32 5 1 61 63 71 20 2 6 62 44 36 39 35 92 97 54 83 43 42 7 67
32
2 71
32 71 35 40 39
19 71 54 32 65
1 5 93 6 61 8 63 71 35
1 5 32 8 6 92 34 44
1 32 71 19 61 35 34 36 20
32 2 6 1 34 94 71 35 5 38 48 54 21 61 62 63 33 64 19
1
32 2 71 34 19
32 34 71
71 34 95 53 32
34 32 19 35 62 33
67 62 71 34 21 32 33
1 5 71 61 98 32 63 34 27 42
1 5 2 71 42 34
55 32 61 34 19 62 20 71 64 54 21 33 37 36 52 67 53 75
1 33 32 7 63 34
5 71 1 54 55
2 34 1 32 35 63
71 21 33 19
61 23 34 63 54 32 62 19 37 20 33 56 36
62 61 34 2 1 84 4 7 54 63 92 70 32 33 56 73 57 69 52 53 71 66 64 72 44 65 6 42 67 19 3 55 46 21
34 32 33
71
1 5 32 42 71 54
61 34 32
5 61 93 1 8 6 71
34 32 5 1 2 23 37
1 32 6 35 39
33 21
35 71 21 34 66 20
2 34 71 32 21
5 1 8 6 71
37 1 2 32 71 21 63 19 34 62 33 36 54 61
61 71 34 32
71 19 61 34
1 32 34 71 6 37 61 19 24 63
1 34 32 61 52 71 35 63 37
5 1 71 36 32 34 63 61
53
77 84 72
32 34 1 71 53 33 35 19 54 20
65 71 66
5 1 6 92 8 71 32 35 68
56 32 34 2 1 36 21 33 62 92 23 38 20
32 33 34 21 71 37 53 19
32 33 54 63 1 61 19 35 66 40 27 34 62
71 34 21 54 32 1 56 52 37 20 33 61 62 53 63 65 42 19 57
1 5 8 93 6 9 92 71 98
71
1 6 61
34 33
34
34 33 32 1 37 21 36 19
33 34 32 19 71 53 37 26 21 36
21 37 71 2 34 32 19
32 34 54
32 71 34 33
71
1 32 63 2 37 71 35 36
32 1 35 71 20 28 34
1 6 2
34 32 26 71 54 21 19
63 34 35 32 36 33
32 62 34 36 21 33 35 63 37 53 61
63 34 33 71 32 1 37 35 19 20 62 61 36
34 19 52 32 21 71 33 20 62
61 71 34 32 63 62
1 6 61 34 2 5 32 74 36 42 20 53 44 35 21
2 1 8 5 7 61 6 32 34 96 33 93 35 71 62 44 36 66 42 54 63 65 74 37
33
34 61 19 62 71 44
71
32 71 61 35
2 32 1 71 35 37 34 58 65 61
71 84 35 90 77 32 63
32 34 36 35 33 61
20 32 71 34 23 21 19 61 33
71 6 1
92 5 93 1 61 98 66 68 6 56 71 96 50
1 5 6 2 44
34 5 1 32 8 35 61 7 33 42 66 6 63 71 74 62 44 21 37 2
32 1 62 35 34 19 54 33 63
32 54 62 53 34 33 52 19 61 63 56 65 20 55 38 42
7 34 32 1 61 5 35 6 63 44 66 52 8 54 19 42
5 1 6 2 44 71 32 34 62 35
1 32 71 92 35 34
54 53 42 28 33 55
32 71 34 33
3 19 71 61 34 54 58 33 38 36
71 55
71
34 61 71 33 19 21 32 36
1 65 64 71
37 34 32 63
32 34 33 21 42 61
2 42 5 74 32 4 1 71 65 44 61 34 19 21 69 24 35 33 62
32 42 54 57 19 34
34 21
33 71
1 2 34 71 32 52 19 35 21 62 54 33 37
45 32
21 71 19 32
1 66
32 34 71 42 22 61 62
52 55
55 71 44 58 52 54 53
32 76 61 63 64 34 33 65 35 20 52 19 62 37 54 36 67 71 53 21 27
32 34 19 20
37 36 32 34 64 63 61 54
32 1 5 34 2 42 62 61 19 35 71 57 28 33 44 92 63 6 39 37 53 54 21 76 20
2 53 34 32 71 62 61 52 63 69 35 36 33 20
34 1 32 92 33 19 71
1 71 19 35 65 32 34 33 58 20 54 53 23 61 37 36 42 62 21
33 61 62 34 7 19 32
34
33 34 71 21
5 34 1 32 56 35
1 34 19 32 54
33 21 32
34 19 20 63 35 32 36
32 59 69 57 65 46 71 62 36 44
34 33 55
21 33 62 34 53 63 24 19 61 32 71
34
1 2 32 34 54 62
34
61 64
21 34
1 34 65 61 2 71 6 32 54 69
34 33
34 5 32 8 39 71 35
32 34 54 71 20
34
1 34 32 74 2 5 45 3 63 6 35 61 71
34 32 37 63 62
71 74 73 5 52 61 75 69 66 35 8 85 83 65
34 19 62 54 32 53 20 42 33 44 74 65
71 34 32 63 53 20 61 33 36 19 64 62 67
33 21
54 58 42 19
5 32 71 34 19 54 33 53 93 63 35 62 64 21 37 30 56 65 55 61 6 42 52 20 66 27 36
33 34 71 63
34 61 32 62 33 37 24 21 54 71 19 63 83 20 35 36 53 42
33 62 34 61 32 35 21 63 19
5 8 1 32 37 35 6 61 34
33 21
34 32 35
34 19
55 52 56
34 5 1 32 35 44 42
32 34 33 71
1 5 6 8 93 61
35 34 32 33 21 62 83 61 36 37 39 63 71
32 5 1 71 6 37 66 35
34 32 52 71 62 63 61 35 33 53 20 38 21 54 37 43 56
1 62 33 34 61 32 26 58 63 71 57 2
32 34 44 19 35 54 67 65 33 53 20 62
71
66 84 32 61 54 90 71 72
54 32 1 34 7 62
1 63 34 71 52 61 54 56 21 53 32
2 1 34 61 5 53 32 46 92 36 54
1 5 9 6 8 71 100 93
63 34 32
71 19 32 33 62
19 32 71 36 61 34
34 63 32 37 54 36
32 34 36 63 27 53 61
74 2 32 62 19
21 1 32 34 33 53 71 19 67 20
34 32 61 37 71 54 63 20 65 62 21 19 35 53 33
71
1 32 52 2 33 5 61 63 42 19 35 20 34 71
32 35 37 34
62 32 1 34 71 21 53 63
1 5 8 84 9 98 6 92 72 71 93 65 35 32
34 32 1 71 63 35 42 33 62 53 37 52 65 54 24 44 36 20 48
20 63 32
54 1 61 66 34 33 52 19
1 34 71 53 33 32 55 19 54
32 34 19 38 6 33 24 23 21 36 20
1 5 8
32 44 61 34 63 2 65 53 42 35
53 62 7 71 34 61 33 32 54 63 20 42
34 36 61 32 33 62 19 63 71 53
34 19 61 33 32
1 35 61 2 32 92 7 34 64 44 63
61 65 32 1 34 67 42
71 32 34
5 1 35 92 42 32 93 2 71 34 20 6 44 61
1 33 32 34 19 43 37 71 52 39 61 21 63 35
71
32
34 32 63 33 21
34 62 71 21 63 19 33 32 23 38 37 54 61
33 34 21
32 39 71 35 37
71 34 21 33 61 19 36 54
21
71 33
1 5 42 9 44 32 63 61 2 4 35 8 34 66 71 37 54 19 7 6 33 56 53 65 74 40
5 1 32 35 44 2 8 7 20 11 49 95 63 34 56 33 54 42 93 61
44 9 2 5 1 32 61 42 66 34 6 8 93 4 35 54 19 65 74 63 53 45 33 62 20 36 76 7
34 21 32 71
5
1 34 62 35 56 52 53 32 61 65 88 37
71 32
1 6 92 5 71 8 32
71
19 71 34
32
1 34 33 54 71 32 92 2 67 63 66 68 61 65 62 35 64 74 42 73 36 53 21 7 55 69 85 57 37 75 43 52 56 24 19 77
32 54 34 19 1 33 21
34 33 5 32 8 1 71 6 20 24 21 19 37 35 63
5 19 34 32 35
1 5 6 32 35 71 8 37 40 34
52 54 71 42 53 44
2 1
1 2 65 32 71 33 92
71 35 39 32
5 1 8 32 6
32 71
1 32 35 34 19 96 37 63
6 1 32 35 2 61 69 5 66 42 34 20 71 4 54 33 63 7 53 36 62 44 19 64 74
32
32 33 1 34
71 35 32 54 37
1 71
39 35 34 32 71 40 36 65
34 63 71 32 36 19
71 52 34
5 2 34 71 69 21 19 33 35 63 37 32 36
36 19 34 54 63 38 71 37 62 33 32 61
1 92
1
2 1
62 65 32
1 5 61 54 2 6 8 20 67 66 71
2 32 34 35 33 1
52 34 37 71 32 53 6
21 71
34 21
5 61 1 69 66 8 32
89 80 91 78
93 5 1 63 2 71 33 20 32 34 54 39 21 19 53 35
5 35 37 1 32 39 40 21
32 35 10 71 39 37 40
19 34 32 33 20
63 34 71 32 33 19
34 32 33 61 19 36 21 63 24
19 5 32 52 33 55 34 71 61 42 20 37 23 63
1 71 34 32 37 61 35
2 42 63 1 64 32 34 19 6 71 62 61 37 35 33 66
32 71 53 63 34 44 61 67 56 21 62 33 23
20 32 19 33 34
1 32 71 2 34 5 93 62 63 61 21 33 66 40 55 19 35 54 4 36 67 42 77
19
34 32 87
1
32 34 19
32
