@CONVERTED_FROM_TEXT
@ITEM=1=APARTAMENTO_P3_FALSE
@ITEM=2=APARTAMENTO_P2_FALSE
@ITEM=3=APARTAMENTO_P1_TRUE
@ITEM=4=APARTAMENTO_P1_FALSE
@ITEM=5=APARTAMENTO_P4_FALSE
@ITEM=6=APARTAMENTO_P3_TRUE
@ITEM=7=APARTAMENTO_P2_TRUE
@ITEM=8=APARTAMENTO_P4_TRUE
@ITEM=9=APARTAMENTO_P5_FALSE
@ITEM=10=APARTAMENTO_P5_TRUE
@ITEM=11=APARTAMENTO COM OCUPACAO NAO RESIDENCIAL_P2_FALSE
@ITEM=12=APARTAMENTO COM OCUPACAO NAO RESIDENCIAL_P3_FALSE
@ITEM=13=APARTAMENTO COM OCUPACAO NAO RESIDENCIAL_P4_FALSE
@ITEM=14=APARTAMENTO COM OCUPACAO NAO RESIDENCIAL_P2_TRUE
@ITEM=15=APARTAMENTO COM OCUPACAO NAO RESIDENCIAL_P4_TRUE
@ITEM=16=APARTAMENTO COM OCUPACAO NAO RESIDENCIAL_P3_TRUE
@ITEM=17=APARTAMENTO COM OCUPACAO NAO RESIDENCIAL_P1_FALSE
@ITEM=18=APARTAMENTO COM OCUPACAO NAO RESIDENCIAL_P5_FALSE
@ITEM=19=BARRACAO_P2_FALSE
@ITEM=20=BARRACAO_P3_FALSE
@ITEM=21=BARRACAO_P1_FALSE
@ITEM=22=BARRACAO_P3_TRUE
@ITEM=23=BARRACAO_P2_TRUE
@ITEM=24=BARRACAO_P1_TRUE
@ITEM=25=BARRACAO_P4_FALSE
@ITEM=26=BARRACAO COM OCUPACAO NAO RESIDENCIAL_P1_FALSE
@ITEM=27=BARRACAO COM OCUPACAO NAO RESIDENCIAL_P3_FALSE
@ITEM=28=BARRACAO COM OCUPACAO NAO RESIDENCIAL_P2_FALSE
@ITEM=29=BARRACAO COM OCUPACAO NAO RESIDENCIAL_P2_TRUE
@ITEM=30=BARRACAO COM OCUPACAO NAO RESIDENCIAL_P1_TRUE
@ITEM=31=BARRACAO COM OCUPACAO NAO RESIDENCIAL_P3_TRUE
@ITEM=32=CASA_P3_FALSE
@ITEM=33=CASA_P1_FALSE
@ITEM=34=CASA_P2_FALSE
@ITEM=35=CASA_P4_FALSE
@ITEM=36=CASA_P2_TRUE
@ITEM=37=CASA_P3_TRUE
@ITEM=38=CASA_P1_TRUE
@ITEM=39=CASA_P5_FALSE
@ITEM=40=CASA_P4_TRUE
@ITEM=41=CASA_P5_TRUE
@ITEM=42=CASA COM OCUPACAO NAO RESIDENCIAL_P2_FALSE
@ITEM=43=CASA COM OCUPACAO NAO RESIDENCIAL_P1_FALSE
@ITEM=44=CASA COM OCUPACAO NAO RESIDENCIAL_P3_FALSE
@ITEM=45=CASA COM OCUPACAO NAO RESIDENCIAL_P2_TRUE
@ITEM=46=CASA COM OCUPACAO NAO RESIDENCIAL_P3_TRUE
@ITEM=47=CASA COM OCUPACAO NAO RESIDENCIAL_P1_TRUE
@ITEM=48=CASA COM OCUPACAO NAO RESIDENCIAL_P4_FALSE
@ITEM=49=CASA COM OCUPACAO NAO RESIDENCIAL_P5_FALSE
@ITEM=50=CASA COM OCUPACAO NAO RESIDENCIAL_P4_TRUE
@ITEM=51=CASA COM OCUPACAO NAO RESIDENCIAL_P5_TRUE
@ITEM=52=GALPAO_P3_FALSE
@ITEM=53=GALPAO_P1_FALSE
@ITEM=54=GALPAO_P2_FALSE
@ITEM=55=GALPAO_P2_TRUE
@ITEM=56=GALPAO_P4_FALSE
@ITEM=57=GALPAO_P1_TRUE
@ITEM=58=GALPAO_P3_TRUE
@ITEM=59=GALPAO_P4_TRUE
@ITEM=60=GALPAO_P5_FALSE
@ITEM=61=LOJA_P3_FALSE
@ITEM=62=LOJA_P1_FALSE
@ITEM=63=LOJA_P2_FALSE
@ITEM=64=LOJA_P2_TRUE
@ITEM=65=LOJA_P3_TRUE
@ITEM=66=LOJA_P4_FALSE
@ITEM=67=LOJA_P1_TRUE
@ITEM=68=LOJA_P5_FALSE
@ITEM=69=LOJA_P4_TRUE
@ITEM=70=LOJA_P5_TRUE
@ITEM=71=LOTE VAGO_TE_FALSE
@ITEM=72=SALA_P4_FALSE
@ITEM=73=SALA_P3_FALSE
@ITEM=74=SALA_P2_FALSE
@ITEM=75=SALA_P3_TRUE
@ITEM=76=SALA_P2_TRUE
@ITEM=77=SALA_P4_TRUE
@ITEM=78=SALA_P5_FALSE
@ITEM=79=SALA_P1_FALSE
@ITEM=80=SALA_P5_TRUE
@ITEM=81=SALA_P1_TRUE
@ITEM=82=VAGA DE GARAGEM NAO RESIDENCIAL_P3_FALSE
@ITEM=83=VAGA DE GARAGEM NAO RESIDENCIAL_P2_FALSE
@ITEM=84=VAGA DE GARAGEM NAO RESIDENCIAL_P4_FALSE
@ITEM=85=VAGA DE GARAGEM NAO RESIDENCIAL_P3_TRUE
@ITEM=86=VAGA DE GARAGEM NAO RESIDENCIAL_P1_FALSE
@ITEM=87=VAGA DE GARAGEM NAO RESIDENCIAL_P2_TRUE
@ITEM=88=VAGA DE GARAGEM NAO RESIDENCIAL_P1_TRUE
@ITEM=89=VAGA DE GARAGEM NAO RESIDENCIAL_P5_FALSE
@ITEM=90=VAGA DE GARAGEM NAO RESIDENCIAL_P4_TRUE
@ITEM=91=VAGA DE GARAGEM NAO RESIDENCIAL_P5_TRUE
@ITEM=92=VAGA DE GARAGEM RESIDENCIAL_P3_FALSE
@ITEM=93=VAGA DE GARAGEM RESIDENCIAL_P4_FALSE
@ITEM=94=VAGA DE GARAGEM RESIDENCIAL_P2_FALSE
@ITEM=95=VAGA DE GARAGEM RESIDENCIAL_P1_FALSE
@ITEM=96=VAGA DE GARAGEM RESIDENCIAL_P3_TRUE
@ITEM=97=VAGA DE GARAGEM RESIDENCIAL_P2_TRUE
@ITEM=98=VAGA DE GARAGEM RESIDENCIAL_P4_TRUE
@ITEM=99=VAGA DE GARAGEM RESIDENCIAL_P5_TRUE
@ITEM=100=VAGA DE GARAGEM RESIDENCIAL_P5_FALSE
@ITEM=101=VAGA DE GARAGEM RESIDENCIAL_P1_TRUE
@ITEM=102=APARTAMENTO
@ITEM=103=BARRACAO
@ITEM=104=CASA
@ITEM=105=GALPAO
@ITEM=106=LOJA
@ITEM=107=SALA
@ITEM=108=VAGA DE GARAGEM
71 33 32 34 19 53 37 21 20 63 62 35 38
71
71
61 85 73 6 62 66 44 65 34 19 54 52 69 55 32 76 64 20 67 33 63 36 46 58 71 42 68 45 75 40
63 54 34 36 32 3 44 61 75 37 42 76 33 67 62
34 35 63 6 32 37 71 65 36 64 62 3 20 61 45 42 44 33 19
71 34 22 32 76 19 63 37
2 1 32 33 71 34 63
34 21
32 63 7 62 20 34 36 44 21 61 33 58 55 37 43 40
32 38 34 19 71 63 54 36 61
52 34 32
34 35 4 32 33 63 61
34 71 76 32 2 64 1 6 52 36 62 56 19 61 35 44 41 33 63
32 53 71 34
34 32 42 63 53 35
62 34 63 32 33 21 61 37 19 53 52 28 44 71
34 32 61 33
8 32 34 62 63 6 54 1 37 45 33 71 61
43 34 33 32 57 53 52
32 62 71 34 33 23
32 34 33 42 35 21 61
28 34 42 32 52 61 44
94 63 32 53 34 38 33 39 1 21 20 36 3 26 37
1 34 32 33 71 28 36
32 1 37 34 6 64 71 19
1 6 34 32 35 71 33 39 19
32 71 56 62 34 20 55 19 36 54
32 33 34 44 95 71 35 19 63
66 42 33 32 34 63 71 58 53 35 52 56
33 32 3 1 73 34 62 4 35 20 19 75 61 63 21 92
32 35 53 33 34 1 61 71 37 62 19 63 28
2 71 34 32
34 19 1 32 53 21 6
34 35 19 32 53 38 42 61 54 20
34 1 32 20 62 33 63 61 71
32 62 34 4 19 63
32 34 61 1 6 71
32 34 62 35 67 63 42
32 34 52 48 63 35 61 19 37 20 42 54 53
32 34 63
63 35 34 32 61 37
20 35 32 37 34 71 62 63 33
34 32 52 35 33
1 34 63 62 32 61 42 33 36 71 74 7 67 38 43 21
37 34 32 71 33 20 38
34 32 2 33 6 35
34 71 32 33 2 38 61 21 40 37 35
32 38 35 34 36 1 33 71 63 6
34 32 33 19
54 34 71 32 1 20 61 35 63
32 1 34 52 64 63 38 71 62 42 61 35 54
33 34 37 63
34 32 43 26
34 32 1 63 71 33
83 34 20 74 61 64 76 65 42 37 66 84 71 32
32 1 19 34 33
73 75 63 34 21 101 61 67 71 65 42 85
61 19 20
65 61 7 34 63 32 54
1 2
32 35 44 34 71 65 53 33 63
34
2 71
34 32 71 35 33
33 19 34 53 32 37 21
35 34 61 19 32 52 65 37 20 66 36 71 63 33 42 58 87 62 43
32 1 34 19 42 62 35 71 37 63 64 44 28 65 53 75 20 46 66 61
34 71 32 33
32 34 35 21 1
32 63 2 34
1 32 34 35
34 71 65 46 33 32 48 42 19 44 61 52 21
34
62 34
71 32 34
32 33 36
26 61 7 42 62 71
33 20 34 32 61 37
32
34 71 2 32 54 35 52 53 36 7 19 63 58
71 33 63 34 32 37 74 21 61 42 20 35 53
1 2 48 32 71 54 52 33 53 55 42 61 34 65 62 59 37 56 3 40
1 32 55 35 34 54 59 61 64 6 56
1 19 65 71 33 32 21 34 40
32 1
54
32
32
34
1 58 54 2 55 66 61 71 52 95 56 27
1 71 34 32 35 6 57 63 33 53 27 31 61 76 54 19 62 21
1 35 63 7 2 34 6 32 56 61 71 42 64 52
61 54 53 58 1 69 52 71 59
62 32 86 34 54 21 35
1 34 35 71 32 20 4 63 19 54 3 61 56 37
1 32 54 34 35 2 56 7 33 53 52 6 74 71 62 92 19
1 53 34 32 20 71 35 21 19 38
61 82 73 34 67 57 64 62 55 63 71 33 54 65 56
48 34 53 32 52 19 71 37
32 44
67 62 32 23 61 1 71 63 34 44 7 33 74
71 34 32 62 37 1 33 61 35 19 21
32 34
23 32 21 63 34 54 33 19 71 53 61 35
2 1 32 34 7 62
32 1
32 34
71 32 54 35
65 32 53 69 1 63 20 44 66 87 52 54 71 6 61 35 42 33 7 34 67 57
32 1 35 34 71 66 6 7 40 61 19
34 32 33 35 71 62
1 34 35 32 33 6 63 2 20 56 71 54 36 61 21
32
32 35 34 1 53 71 48
34 32
63 34
34 33 54 32 35 19 62 53 21 63 64 71 61 28 43 52
34 33 32
34 37 32 35 33 54 19 21 62 63
32 33 21 19 34 71 62
21 32 71
94 53 34 23 32 63 20 52 33 37 19 62 61 36
34
34 1 32 37 36 71
1 32 33 34 21 92 61
33 32 34 42 71 63 38 21
32 34 62 33
71 32 85 33 34 62 35
6 61 73 53 63 67 1 42 66 34 32 55 65 57 39
71 1 2 66 27 34 6 61 19 32 44 54 63 62 20 67 36 52 57 53
34 33 32 71 39 37 42
1 92 32 71 62 19 34 37 36 61 33 54 42
34
71 32
32 35
1 61 32 6 71
1 32 35 2 34 19 6 44 20
32 92 1 34 6 71 7 35 19 20
1 32 61 35 6 7 2 34 20 67 71 57 19 33 21
32 21 1 36 34
32 35 34 1 71 33 61 63
2 6 1 32 34 71 35 63 36 19 37 54
6 32 42 1
32 34 54 35 33 71 21 19 61 66 6
21 6 20 34 35 33 32 53 62 1 36
32 34 48 56 62 65
34 32 39 33
71 32 6 34 1
34 71 61
32 34 20 19 35 40 62 66 71 37
1 32 61 2 34 35 71
1 6 32 20 34 61 19 37 35 26
21 1 71 66 61 32 7 34 55 54 95 19 74 63 62 52 56 3 67 6
35 1 32 61 6 2 34 71 54 63 21 20 7 33
32 34
32 1 34 6 2 35 39 71 42 63 54 20 53 33
32 2 33 54 48 19
34 61
32 1 35 34
32 1 35
71 32 34 33 19 61
32 1 34 63 74 61 2 94 42 53 64
34 3 35 1 32 6 20 71 19 63 67 44 7
54 32 35 1
32 6 61 1 71 35 34 37
36 74 32 34 62
2 1 63 61 32 83 34 33 73 85 74 54 36 62 65 6 71 21 19 75 53 37 40 20 7 56 52
4 34 1 37 32 2 44 3 33 92 63 52 71 20 21 35 42
1 8 32 6 34 2 19 71 35 66 52 62 36 61 33 63 7 20 21 44 37 87
19 34 32 33 20 71 21
34 63 6 33 19 71 1 32 62 35 61
32 71 34 21
1 32 33 35 36
62 32 71 6 1 34 2 44 61 19 33 36 63 54 21 52 35
34 1 32 19 33 35 42 63 20 61 62 44 71 6 54 23 24 21
32 34 63 33
32 34 35 37 6 19 1 71 23 63 61
21 71 34 20 61 32 33 36 63 54 37 19 23
33 34 32 2 54 6 71 1 19 68 36 64 21
32 1 61 6 34 63 44 62 64 21 20 73 35 33 71 65 19 54 45 53
34 8 33 2 32 1 6 62 63 54 71 86 7 37 67 52
32 56 34 71
1 34 32 36 33 35 19 52
32 34 33 63 2 62
1 6 34 32 35 33
34 1 32 33 71 19 21
32 34
33 34 32 7 35 1 6 62 21 3 53 71
34 32 21 33 54
34 32 35 20 2 54 63 61 33 62 19 3 67 39 4 37 64 28 44
32 4 1 35 34 61 63 71 20 21
34 32 71 7 19 63 20 4 33 53 61
1 71 34 32
71 19 34 32 4 20 33
32 6 1 33 37 34 36 61 52
33 34 32 36 21 19 71
32 34 33
32 34 1 38 21 71 53 36 33
32 34 1 33 62 63 35 37 71
71 32 37 21 35 19 34
35 32 7 34 63 21 58
63 1 53 76 67 33 19 61 66 74 34 44 3 71 52 32 56 84 62
32 1 20 63 71
32 1 33 37 35 71 34 48
20 34 32 65 71 35 33
37 32 6 34 35 71 36
1 34 32 61 19 38 63 71 62 37 35
32
71 56 54 65 59 21
32 21 71 34 62 33 28 35
32 34 61
34 32 6 20 1 54 35 71 19 62 33 64
34 53 61 32 54
34 32 33 63
33 32 34
34 74 33 19 32 71 6 20 36
6 32 34 71 63 33 1 21 67 53 35 37 19 44 52 36
34 33 32 35
7 1 34 32 71 6 33 2 62 42 19 21 35 54
32 35 34
1 32 20 35 34 37 52 19 2
63 32 6 34 61 33
63 32 53 34 62 35 33 71
34 53 32 61 1 33 36 71 35 24
32 34 35 62 63 71 66
2 32 71 34 61 8 3 63 64
2 32 35 34
1 32 2
1 32 3 71 34 4
92 32 2 1 3 6 34 35 61 37 62 53 95 33 21 20 71
32 61 34
32 19 34 1 7 54 61 2
3 19 21 71 34
2 3 34 63 71 32 6 1 62 21 61 7 52 19 33 36 37 65
2 32 35 34 61 6 54 1
33 32 34 63 71 74 2 19 37 61 35
1 6 33 92 32 3 36 34 63 52 71 61 26 2 35 19 62 54 21 42
7 1 2 55 34 21 63 61 32 71 56 20 54 66 33 6 44 36 19 52 65 53 35 57 43
7 61 75 73 66 33 53 52 34 32 6 85 63
61 32 34 1 7 63
32 34 1 6 33 71 35 54 37 61 2 3 7 64 39
34 63 7 92 32 19 3 61 35 6 33 1 62 37 4 36 20 21 44 71 86
52 32 34 35
34 32 2 7
21
32 7 3
71 32
62 32 34 36 71 63 33 61
32 1 61 6 34 62 35 71 4 53 54 52
32 20 34 35
4 33 63 34 32 62 20 71
32 34 71 44 62 63
32 37 34 63 71 61 1 33 62 21 20 96 19
34 21 71
19 32 34 33 63 37
32 34 22 71 35 33
34 62 32
32 1 44 42 34 71 35 61 52 2 6 39 20 21 43 33
19 2 32 74 54 34
32 1 40 6 35 63 34 74 19 33 56 39 62 37 21
1 34 32 44 61 6 63 35 52 19 20 67 33 66 53 42
34 32 44
61 34 32 44 7 37 64 19 35 62 6 53 33 42 76 21 66
32 20 61
4 34 32 6 1 35 92 63 37 61 71 33
1 32 6 42
32 20
61 32 34 1 6 33 66 54 35
1 34 6 32 8 2 19 71 35 37
32 1 37 34 20 61 33 35
32 1 34 6 53 63 65 71 35 62 61 64 33
34 32 33
34 61 32 46 35 19 33 65 37
34 32 61 76 19 21
34 32 20
21
63 34 66 61 32 44 71 58 53 33 7 54 36 65 62 19 75 21 64 73 57 67 56 28
32 34 71 44
32 34
32 6 19 1 34 63 54 33 21 20 39 74 61 71 53
34 32 1 35 33 37 63 6 40 61 21 52 62
32 33 19 34 4 62
4 1 32 34 71 33
34 61 63 32 62 19
34
34 33 61 35 32 65
67 61 54 65 63 34 52 56 32 75 64 43 71 35 53 68 23 66
32 63 19 34 6 62 67 1 71 20
20 32
32 19 71 34
34 32 33 35 19 1 37 6 36 21 38
33 20 19 34 32 62 63
71 34 38 32 33 63
64 34 32 33 62
32 19 34 1 71 63 61 62 2 54 52 33 36
36 52 7 19 54 32 62 34 65 33
63 62 34 61 53 32 37 7 33 71 74 67 22 52 66 64 76 54 65 2 44 43 36
19 32 34 63 61 36 33 67 7
34 32 19 62 63 20 33
32 21 61
34 32 19 33 23 63 36 61
34 7 19 32 38 33 63 53 67 65 36 61 2 1 62 71 37
34 63 32 33 62 7
32 34 35 33
37 1 21 64 61 32 34 33 71 62 36 19 63 44 45
1 32 34 19 33 21 2 61 35 71
32 71 34 53 52
1 34 71 32 33 61 62 63 44 24 19 6 55 21 35 36 53
32 33 34 19
34 32
32 33 1 34 20 6 35
34 32 33 24 71 67 37
34 1 33 35 32 20 19 44
34 32 63 33 37
32 34 36 71 63 24 44
32 20 62 38 34 54 33 35 39 36
32 33 34
61 34 62 53 54 32 21 64 67 33 45 19
33 19 34
33
34 21 33
2 37 53 19 1 34 71 61 6 33 40 32 35 54 56 63 52 62
19
33
19 34
34 32 71 65 33 66
34
19 34
19
19
34 19
32 19 34
19 34
19
19
6 19 34 32 33 71 54 1 63
19 34
1 71
19
71
33 34 19
67 53
34 32
1
34 32 33 53 54
32 34 1 20 61 63
33 34 32
34 32
71 34 33 32
32 34 62 33 37 35
34 32 35
54 34 44 32 62 52 63 19 20 71 37 35 74 36 65 33 42 55 53
34 21 36 32
71 32 35 62 34 39 61 33 37
34 42 1 32 35 6 36 54 71 28 53 20 33 19 63
35 71 32 34 37 21 20
32 34
4 32 1 34 62 35 61
33 34 32 62
34 32 63 1 33 62 20 19
61 34 32 52 36 63 62 33 21 38 1 53 71 19 35 42 7 65 67 37
32 35 34 33 36
19 32 56 34 62
34 32 44 33 71 35 54
32 34 20 61
34 33 32 71
32 34 33 1 71 21 63
1 32 34 33 71 21 63 87 36 7 19
34 32 63 21 61 7 62
36 32 62 34 33
34 32 20 33 61 19 54
34 32 63 53 65 54 61 2 71 62 35 44 37 33 36
32 35 33 34 19 67
34 19 37 21 33 61 32 71 35
34 63 32 33 36
53 34 32 20 33
1 34 19 71 53 32 21 54 33 61 6 37
32 34 1 33 62 63 21 7 35 28 37 71 44
21 32 34 33
32 63 36 62 21 34 33 38 22
35 61 32 34 63 20 21 1 33 62 71 19 52 37 38
32 34 36 20 71 37 1 61 42 33 63 21 62 19 35 54 53
71
54 34 1 32 71 35 38 40 21
32 34 33 1 2 20 36 19 62 55 71 61 53 21 44 35 38 63 37
71
34 24 62 21
34 32 2 1 4 63 33 21 71 20 54 19 35 61 68 92 6 36 22 3 56
71
1 32 34 63 71 39 54 4 61 62 6 21 53 3 37 33 23 67 64 35 36 24 19 7
33 32 54 71 21 23 1 34 19 62 4 53 61 63
34 63 71 32 33 36 62 61
34 33 32 63 61 71 62 67 36 53 21
71 34 33 37 32
2 71 32 62 34 61 35 19 33 21 63 23 37 42 20 53
34 32 21 33
71 33 32 34
71 33 34 32 21
34 71 32
32 34 19 71
71 43 33 62 34 64 54 53 76 63 52 19
24 34 32 33 71 35 61 67 63 65 62 36 19 20 21 3 66 64 37
34 32 71 37 33 62 19 36 21 20 61
34 33
71 32 62 34 21 54 20 33 53 35 1 3 61 64 19 67 63 92 36 56 52 7
21 20
32 21
2 34 71 33 32 64 63 20 1 37 36 19 4 6 67 94
33 64 2 21 32 34 36 37 38 61 19 42 71 63 53 24 62
32 34 71 33 67 63 21
19 32 34 33 36 63 67 37 71 4 3 62 21 20 61 7 6
19
34 21 71 32 37
33 61 34 32 63 62 71 20 2 21 38 53 54 67 19 36
34 19 71
34 71 32 2 67 21 3 33 62 61 64
71
32 34 2 71 19 24 1 33 56 21 63 42 53 38 36
71
19 71 34
32 61 34 71 1 33 63 35 53
32 1 61 20 2 34 33 62 35 21 71 19 63 53 52 64 36 37 42 54
34 63 1 19 71 33 7 61 2 32 62 20 21 42 6 52 53 35 27 59 54
34 32 71 35 21 61 62 43 1 20 33 44 23 19 22 6 54 53 36 63
1 71 32 6 45 34 35 19
6 32 1 61 35 63 34 20 2 71 62 19 54 33 28 52
32 1 35 34 33 6 71 19
6 32 54 61 33 40 34 62 39 71 1 35 3 21
34 6 32 1 71 33 20 42 35 37 53 36 19 62
32 71 34 1 35 2 20 62 61 33 92 40
34 33 24 1 32 35 63 21 36 62 61 71 6 64 67 20 39 23 19 7
33 61 34 32 71 37 20 19 53 63 21 27 56 62 43 44 38
32 20
33 61 1 32 71 62 34 19 63 20 21 36 53 57 65 54 6 35
34 32 62 33 21 71 61
32 34 64 71 37 33 1 36 6 54 67 19 62
2 32 54 33 61 62 34 52 63 37
2 32 34 33 21 19
32 62 34 38 61
2 71 21 19 34 32 33
42 1 34 32 6 62 44 20 36 33 35 71 74 19 65
1 71 32 63 34 33 19 6 44 37 21 61 20 53 42
32 71 39 34 20 35
32 35 33 34
32 20 71 34 21
32 61 71 34 33 35 20 62
32 33 21 34 71 53 62
33 34 71 32 35 63 67 37
32 34 20
34 35 54 71 32 20
71 34 32 53 21 54 33 64 42 63 65 62 52 35 43 61 55
54
34 32 33 71
6 32 71 35 1 34 2 63 28
1 34 32 71 35 20
32 35 1 61 6 37 34 63 33 71 62 67 52 21 44
32 27 35 1 20 34
32 34 35 1 2 20 66 67 61 71
32 1 6 34 61 71 54 58 21 23 66 64 63 19 36 62 33 44 35 26
32 34 23 2 35 1 44 71 53
34 32 61 56 33 71 62
32 34 71 35 62 21 53 19 33
32 19 34 71
67
1 32 71 34 54 63 6 33 35 44
32 1 33 38 62 34 56 63 20 42 53 61 52 35 19 36 21 54 71
32 34 21 61
34 32 19 20 35 33 1 6 21 71 62
7 34 19 32 61 71 21 35 33 62 36
71 21 32 37
4 71 32 34 21
34 21 71 32 19 54 44 53 37 33
2 71 32 1 34 63 19 37 65 35 61 62 20
71 33 53 34 36 32 61
71 32 34 44 20
32 63 62 34 86 33 2 71 35 54 20 37 61 40 19
71 34
32 21 34
2 34 32 53 19 21
71 2 32 34 33 54 61
2 32 34 1 61 21 71 4 63 33 35 20 44 19 62
34 32 19 71
34 32 62 53
33 32 37 71 52 34
71
32 71 34
71 62 21 63 33 34 19
34
54 71 61 66 34 53 32 42 52
32
1
63 54 68 4 61 34 32 71 55 67 53 64 59 33 52 85 62 21 19 65 75 66 20 56
2 65 55 54 20 53 63 34 61 71 38 32 33 62 21 36 52 40 19 27 58 42 26 24 44 56
32 34 61 71
32 34 19
32 34 53 33 62
35 32 34 33 19 71 37 36 63 40 21 62 61 7 53 20 27
34 32 71
34 33 32
34 1 32 28 33
37 34 32 33 61
34 63 61 32 1 71 33 35 19 37 42 62 21 55 53 54 76 6 20 40 64 39 52
37 33 32 34 63
32 34 1 35 71 6 33 37 54 62 19 39 27 63
63 32 34 53 33 61
34 32 62 63 37
32 1 34 28 33 6 38 20 62
1 33 34 32 62 61 37 63 7 54 35
32 63 62 34
27 32 19 63 34 6 1 61 20 53 33 52 65 62 35 64 66 37 21 36 54
1 32 33 34 63 6
19 32 34 63 33 1 6 35 64 2 62 36
34 38 63 32 2 1 37 33
71 32 33 34 63 36 19 6 1 65
53 34 32 35 71
71 34 32 61 35
32
6
33 32 34 19 23 21 71 61 38 63
32 34 63 37 61 33 71
34 33 32 19 63
32 1 34 35 61 62 71 36 33 6 21 54 63 19 37
62 33 32 34 43 19 63 61
34 71 1 20 6 32 37 33 62 36 53 42 21 44 35
34 32
1 54 34
34 32 1 33 71 35
32 62 34 63 52 2 20 64 56 61 21 71
54 71 35 34 33 32 64
32 34
32 34 63 19 71 33
20 1 34 7 33 32 19 24
34 19 32 53 61 54 33
32 34 37 23 63 19 62 36 20
32 34 33 35 63 61 4 62 38 53 19 37
34 62 33 32 36 37 20 61 38 21 63
32 6 1 34 33 36 24 62 63
33 74 1 34 62 32 61 63 19 21
1 6 34 32 43 33 63 53 61 62
62 63 64 34 67 42 33
33 34 1 21 32 6 54 61 53 63 62
34 33 23 32 61
34 32 53 33 61 71 67 62 63 21 54
34 63 32 19 33 36
34 20 63 61
62 54 53 26 34 32 43 30
68
1 32 6 34 71 33 37 36 27 64 61 21 62 54 7 35
34 33 62 32 35 38 46 36 52 61 19 21 71 63
35 1 62 32 34 36 19 2 63 53 71 33 6 61 37 52
33 32 63 1 34 62 53 37 21 61 2 39 20 23 36 54 38 19 35 42 43
33 32 34 36 71 62 21 54 61 53 24 63 19 37 20
32 62 36 69 34 63 33 71 23 28 19 53
34 2 32 26 1 71 19 33 65 36 61
32 34 33 63 19 37 62 35 61
63 71 34 32 33 37 61 19 1 36 2 20 7 52 62 64 67 53 21 54 3
34 32 61 19 62 33 54
1 53 34 33 32 55 36 44 61 37 63 54 64
34 71 33 32 35
34 33 1 2 71 32 63 67 19 61 6 21
63 1 32 34 61 33 37
32 62 34 1 63 61 33 19 71 54 21 53
32 34 37 38 61
32 1 6 34 33 63 62 20 61 19 24
34 32 19 61 24
34 32 61 33 23
32 34 33 35 62 63 19 61 23
34 19 33 32 21 71 20
32 34 19 43 33 20
32 34
36 34 61 32 33
32 34 62 23 63 71 35
32 71 33 34 19 53 36 62 63
19 34 32 33
32 34 33
34 32 54 33 37 21 71 19
32 33 71 34 36 63 62
34 62 32 36
37 32 36 34 63 33 23 62 71 7 61 21
33 32 21 34 71
34 21
34 32 19 62 63 67
19 34 33 35 32
34 62 33 37 53 23 32 36
71 34 19 32 33 37 65 61 62 54 63 35
34 63 33 32 61
32 62 34 33 63 37 38 71 21 20 61 19
34 32 53 21
71 33 34 63 32
32 53 33 36 34 62 48 63
32
34 33 32 20
34 32 62
33 34 32 19
34 21 20 19 32 33
34 43 32 33 19 42 63 71 21 3 61
32 34 33 36 21 61 86
34 32 54 63 33 61 62 21 64 53 19 3 65
2 34 61 32 63 33
32 34 61 36 33 71 54 38 21 63 62 26 37 19
42 34 32 71 33 63 53 38 7 28 61
34 62 32 33
34 32 1 33 53 21 61 36 19 56 37
34 32 36 33 21 19
1 71 61 34 19 32 20 38 23 33 53 37 36 63
19 21 34 62 32 33 61 42 36 53 71 20 37
34 32 20 64 53 33 71 62 19 63
71 34 32 1 61 63 36 38 42 33 62 67 19 20
1
1 2 71 65
1 34 32 6 33 63
43 19 37 33 34 32 62 71 61 36 35
34 53 37 32
32 19 34 63 71 62 38 37 33
1 34 33 32 61 21 37 19 20
2 1 71 32 34 62 20 19 56 22 63 54 53 33 42 61
32 34 33
34 32 61 63 33
32 63 34 19 20 71 36 33 62
34 38 1 32 53 63 36 61 62 37 33 71 6
34 71 37 32
34 33 62 40 32 71 36 63 28 37 19 53 54 61
1 34 19 63 71 32 37 33 36
33 2 32 71 34 61 19
32 54 34 71 6 63 33 61 36 62 1 42 24
32
54 34 33 32 71 36 37 61 63 62 66 19 38
71 63 34 32 33 52 62 54
61 34 62 32 44
1 36 32 53 52 33 19 34
34 32 62 71 19 21 63 38 20 35 33
33 32 34 35 62 19 63 21 36
32 62 34 71 33
71
32 36 34 63 53 19
36 34 32 62 19 33 71
32 34 35 24 19 62 33 54 23 21 71
34 71 32 33
33 34 32 71
34 32
32 34 38 54 33 63 43 71 21 61
34 33 20 71 36
36 33 34 62 32 63
33 34 36 32
33 34 61 63 32 62 19
36 63 34 37 21 71 33 32 35 54 62
34 38 33 32 21
32 33 34 21 38 42 61 62 36 37 64 52
32 34 33 62 40 19 63 24
63 33 34
35 34 32 40 33 19
34 24 63 33 32 20 21 62
32 33 34 63
71
63 71 19 61 32 34
20 32 63 34 33 62 26 61 71 37 19 64
19 21 32 44 34 63 37 33 38 23 61
34 32 64 61 37 20 63 53 36 33
34 32 37 33 64 71 65 61 35 63 42
32 34 2 65 33 63 71 66 43 53 61 35 19 20 62 21
34 32 33 62 21 19
34 21 19 33 61
34 33 71 32 21 19 63 62
34 33 32 19 42 38 21 61
34 33 35 63 62 32 19 53 61
34 62 35 33 36 19 32 21
32 34 62 33 20 19
32 34 19 33 21
33 32 34 52 63
71 32 34 21 33
34 32 21 62 44 33
34 32 71 33
32 63 21 34 61 71 67 33 54 19 62
32 34 61 33 21
33 32 71 34
34 33 32 63 36 21
35 32 23 71 34 37 33
63 61 34 53 62 33 32 71 23 3 65 21 19 20 42 54 4 95
34 32 61 33 63 23
1 71
33 71 34 32 36 21
34
34 33 32 19 35 71 21
34
34 62 63 32 71 64 76 61 33 1 21 19 28 36 53 20 67 65 24 26
32 34 19 61 33
34
34
19 34 32 33 20 54 63
62 34 32 37 53 33 61 71
34 32 62 33 71 63
34 33 62 63 36 32 24 19 20 61
20 32 34 61 33 35 53 63
34 33 32 63 65 62 19 61 43 54 21 36
1 34 19 32 63 62 61 33 20 21
34 32 33 19 62 42 63
32 34 21 20 33 71 62 63 19 61
34 33 62 32 61 21 19 37 63
34 63 35 21 36 61 33 62 32
34 63 32 71 61 19 52 21 56 33
34 33 32 63 37 21 19 62 71
34 33 32 62 21 19 53 63
34 21 32 33 35
32 33 34 63 62 19
32 33 34 62 20 44 61 19 36 63 21
32 34 33 21 19 61 20 71
32 53 34 36 37
64 63 32 34 61 66 21
34 37 21 32 61 54 63 33 53 20 35 11 52 62 66 38 64 7 65 26 28 19 67
52 44 32 63 34 61 19 62 33 36 37 24 21
34 32 21 19 33 36
32 21 33 34 61 62
61 34 62 32 37 36 71 21 53 19 33
34 71 32 33 63 22
34 71
61 19 71 32 34 21 35 33
32 28 33 34 63 71
34 32 33 20 53 19 61 37 71 21 62 63
63 34 32 21 37 19 36 33 38 62 6 67
33 38 34 62 63 61 54 37 32 43 6 71 53 36
34 32 1 62 36 71 33 20 61 63 21 19 64
34 32 33 37
36
32 71 33 36 34 37
33 32 34 21 62 36
33 63 61 34 64 71 62 53 32 36 39 54 19 7 21 37 28 26 35 38
32 34 26 20 19 33 42
32 33 34 20 62 38
33 32 34 36 54 71 62 61 37 19
34 61 19 33 38 36 22 23
32 34 33 63 24 61 37 21 36 62 44 42
32 33 62 61 21 34 63 36 53 37
61 33 64 36 32 21
32 34 22 28 19 36 33 71
34 32 33 37 63 36 53 71 62
2 34 32 21 65 71 33 37 20
2 34 6 32 1 33 71 37 36 35 22
32 34 1 36 3 35 42 62 19
63 34 35 32 33 6
34 32 35 33 62 71 36
32 2 34 71 42 62 36 53 33
34 33 32 21 38 19
34 32 33 62 61 19 71 37 63 21 42
32 34 33 62 71 37 21 1
6 19 34 32 33 71 37 40 21
71 32 19 34 33
3 7 63 34 61 67 66 6 65 62 36 21 77 32 64 75 33 73 74 19 54 69 42 53 71 1 20 56 44 76 52
19 34 37 63 32 62 61 33 21 54 1 53 71 36 20 35 45
34 32 33
32 21 34 71 61 62
34 32 24 1 36 6 63 33 62 53
61 24 32 34 62 64 33 44 37 21 63 35 53 71 20
1 32 19 34 54 71 62 61 33 37 21 24
34 32 52 1 71 33 62 64 63 21 36 61 38
6 32 34 1 61 21 71
34 71 32 44 33 42 62 19 63 35 74 36
34 71 52 36 33 54 32 62
71 32 34 7 19 35 58 21
32 1 2 34 63 69 33 19 74 71
32 34 33 71 21 62
37 32 33 34 2
34 32 19 35 26 54 71 37 33 64
32 71 37 42 63 34 33 62 36
62 32 34 33 63 36 7
32 34 37 33 62 63 35 71 61 53 42 20
34 62 33 61 32 19 7 53 64
34 32 71 33 36
34 32 33
32 34 33 54 62 36 42 61
32 71 62 63 38 33 34 37 35 19
71 32 34 33 53 61
32 34 33 42 61 62 37 53 65 21 63
32 19 34
32 34 33 19 23 44 54 56 63 36
63 32 34 4 62 71 6 61 54 21 33 35 36 19 1 7 42
61
33 34 32 53
61 32 34 53
62 56 34 21 32 54
1 32 42 54 34 33 71 35 61 63 39 6 52
1 92 2 6 62 38 34 71 37 32 33 63 28 21 53 35
34 52 3 32 67
34 54 63 62 33
34 44 21 71 32 19 20 33 53 54 37 36 63 62 61 28
1 32 34 71 36 37 63 53 33
32 34 1 54 33 48 6 71 20 35 37
32 35 34
32 54 34 71
32 34 53 33 61 44 65
34 65 32 20
34 32 62 21 37 33 20
32 62 34 39 54 33 35 63 19
34 32 19 61 63 37 71 21 67 35 33 6 36
63 37 33 34 61 54 62 32 19 53 36 65 66 71 7 52 6 56 3 64 21 67
32 34 38 71
32 19 33 34
32 34 33 35 71 20
32 34 33 71 42 35 21 53 52 62 63 36
34 32 33 71 37 54 35 1 23 38 63 19 36 24 67
34 32 33 71 19 2 62 36 63 35 56 39 24 21 38
34 6 32
34 32 1 37 61 33 6 63 24 71 35
34 63 33 53 36 19 32 21 62 71 23
32 36 63 34 64 54 71 33
32 34 19 63 33 21 36 62 20
32 71 34 53 37 33 36 54
34 33 63 32 19 62 56 7 27 21 20
63 34 36 32 35 33
33 32 34
21 32
34 33 32 37
32 33 34 63 28 21 62 61 19 71
34 33
33 32 34 62 71 20 38
34 33 36 32
44 34 33 63 32 65 37 19 62 42 61
34 19 61 33 32
33 34 1 32 21 24 71 63 6
34 33 32 62 21 63
32 34 19
33 32 34 63 62 21 19 23 37
53 34 33 21 32 19 62
64 34 62 71 26 33 32
1 63 33 32 34 6 62 52 61 67 37 92 22
34 32 61 33 26
33 24 32 20 34 19 63 71
32 34 71 35
32 71 63 34 7 61 33
34 33 32 37 21 63 62 71 35
71 32 19 34 33 63
32 34 62 61 63 71 33 21 19 36
37 35 33 32 34 63 64
71 32
34 33 32 37 21 71
71
62 34 63 32
34 23 33 63 64 61 32 37 42
32 34 33 19 23 37 63
34 32 33 21 37 54 24 63 7
33 34 32 21 71 54 61 36
32 33 34 62 36 71
34 32 62 21 35 71
34 62 32 53
1 34 33 32 53 63 71 26
21 32 33 22 34
72 52 65 56 62 32 64 74 20 71 53 61 63 34 75 85 36 66 84 67 22 69 54
52 71 53 54
63 65 21 36 56 35 34 44 32 23 3
71 6 54 32 53 35 19 38 94 34 63
32 33 56
33 32 34 61 19 63 6 71 35 52 20 21
33 32 34 61 35
53 65 71 52 37 66
54 71 64 1 52 32 42 61 66 75
65 61 74 32 44 36 53 52 71 21 64 63 42 54 55
34 61 42 32 74 44 64 63 33 20 75 66
32 35 34 54 19 53 52
34 53 32 54 66 33 52 61 62 35 22 19 21 71
19 62 34 63 32 52 71 53
33 34
32 34 71 53 37 52 33 54 6 19
53 54 52 62
34 62 71 33 19 32 55
71 34
57 32 71 36 33 34 6 35
34 19 71 53 32 42
71 36 34
1 34 71 32 33
1
1
33 32 34 37 71 61 63 72 36 53 44 35
34 62 61 19 53 38 21 63 32 71 35 75 54 36 42 66 57 44 33 1 7 56
32 34 33 44 71 36
69 34
7 54 61 63 32 42 34 52 36 66 56 65
32 42 34 71 63 61 35 19 77 72 20 36 33 66 37
6 36 32 34 54 61 63 33 19 62 35 71 52 23 44 37 53
34 32 61 71 33 19
34 32 71 36
32 71
32 34 63 52
32 1 34 33 36 19
32 62 63 34 19 33 71 44
32 53 34 62 65 21 63 33
1 36 74 34 42 53 32 19 33 37 79 7 71 20 54 35 21
32 34 33 65 6 37
33 32 34 38 37 19 36 40
34 33 32 38 35 36 63 62 71 7 19
33 32 34 63 19 37
34 32
34 32 71 21 61 63 33 53 35 54 24
32 54 62 33 61 34 37 63 19 36 71 35
34 61 32 62 19 37 35 33 71
34 32 21 33
34 33 32 61 63 71 6 21 35 62
35 34 33 62 63 54 44 32 37 53 3 55 23 61 36 19 6 64 21 7 71
24 32 21 20 34 63 53 23 19 37 33
34 32 33 21 30
34 32 62
34 32 33 52 61 65 19 54
71 32 66 34 61 19 53 62 21 37 33 44
32 71 20 34
65
32 34 19 62 44 35 53 21 33 37
32 36 34 19
63 32 21 34 53 52 19
32 1 67 34 61 33 19 54 62 36 63 21 71
32 34 33 63 19
32 19 34 36 63 38 33 21 71
32 34 61 71 62 21 63 33
35 34 32 42 33 39 62 63 37 71 44 54 21 19 7
34 62 21 33 32 63 61 19 36
34 32 52 61
34 37 32 33 21 22 36 53 63 35
34 32 33
34 32 33
32 34 63 71 62 33 54 19 35 67 20 37 43
32 34 21 1 33 37 52 2 71 62 36 19 53
71 34 64 32 19 62 61 33
32 40 34 26 33 23
63 34 23 19 32
71 33 32
61 32 63 34 33 36 19 20 62 71 37
32 34
32 33 71 61 34
1
1 34 32 33 71 20 21 37 54 62
20 34 63 62 23 33 21 71 19 35 53 36 24 32 40 37
33 34 37
34 54 37 71 32 33
34 32 36
34 32 79
54 34 1 61 27 6 56 58 21 32 52 71 53 66 63 59 62 64 57 29 19 33 36 68 37 55 69 65 43 44 67 35 38 7
32 21 71 54 35
32 63 66 33 64 36 34 52 62
34 32 37 86 71 33 35
32 34 35 63 33 61
32 34 62 33
34 32 33 19
61 34 66 43 65 63 67 36 33 57 38 21 64 55 35 69 71 42 53 54 58 37 32 62 40 20 76 56 59
34
34 33 32
34 32 44
34 21 32 33 54 19 35 61 62 64 63
34 61 32 33
34 21 32 36 33
32 34 61
24 34 33 62 32 61
34 32 33 19
33 32 71 34 61 63 19 62 53 21 52 38
63 34 32 62 33 45 61
34 32 35 37 33 71 19 62 61 63 23
2 34 1 36 56 33 62 32 19 71
34 71 32 44 61 33 21 54 52 35
32 34 43 19 62
71
71
71
71
71
71
71
71
71
71
71
34 19 21 33 71 63 32
32 33 21 34 62 54 19
32 34 62 65 61 63 33 19 35 66 53
35 32 71 62 34 61 33
71
71
71
33 65 71 32
71
71
54 21
33 34 32 62 37
20 34
32 61 33 63 34 71 35 62
32 34 33 54 61 19 37 63 35 36 20
65
34 32 33 21 62 71 38 26 53 19 63
2 33 34 63 19 32 21 36 42 53 62 28 56 61 54 71 35 44 7 37
37 62 34 33 32 61 21 19 35 63
34 33 32 62 63 61 19 42 36 71
34 54 33 32 1 37 52 71 62 42 35
33 21 34 32 37 38 62 19 61 24 36 71 64 23
33 21 34 32 62 61 64 22 36
71 33 32 34 19 21 36 63 24 61 62
34 21 33 32 61 35 63 19 26 62 37 7 71
33 34 21 32 19 36 62 20
33 34 32 21 71 36
28 32
37 71 52 21
34 32 21 63 62 33 19 38 71
32 33 35 63 21 37
34
64 63 34 32
32 36 61 34 33 71 26
32 34 33 35 36 65
32 34 35 33 37
6 32 34 33 61 19
34 2 53 62 61 64 33 63 79 32
32 34 19 63 62 33 53 37
35 34 53 32 1 7 6 71 38 33 63
54 53
62 34 33 32
63 34 32 53 71 61 33
34 53 61 32 62
2
2 34 19 32 61 63 33
2
19 32 63 62 34 33 20 36 54 61 21 44 37 35
2
33 34
2 34 32 33 71 63 62 61 87 6 37
32 34 71 53 24 33 54 61 19 62
34 33 62 71 32 63 36 28 19 35
33 34 21 42 61 32 62 53
54 24 34 32 63 61 19 52 62 33 71 53 21 36
32 63 33 34 61 54
34 52 63 32 71 33 59 54
34
34 33 32
32 61 34 33 19 62 54 35
32 61 34 37 63 33 36 20 66 62 67
32 34 33 63 36 54 21 37 19 71
34 64 61 62 32 63 33 21
34 63 42 33
34 19 63 20 32
32 34 33 56 54 20 21 62 71
32 34 37 62 36 54 33 40 66 61 63
32 20 34 2 33 63 65 35 37
34 36 61 32 63 33 43 37 21
33 34 37 19
6 61 1 34 53 63 32 33
34 32 53 62 33 19 71
34 32 62 21 19 37
34
19 34 53 32 35
32 33 63 34 36 42 71
34 71 53 32 43 62 63 55
32 36 33 54 61 63 34 71
32 34 54 53 33
44 34 62 21 32 71 53 42 54
34 32 71 62 33 61 21 63 20
2 61 54 62 34 33 7 63 32 36 71 35 66 67 19 64
2 71 61
34
71 32
71
71
71
71
2 32 21 64 33
2
32 34 33 36 37
32 63 34 62 33 36 52 71
34 63 26 33 71 36 62 32
32 34 23 37
2 71 32 67 34 61 42 62 33 23 53 21 19 63
32 36 62 33 63 34
32 19 33 34 36 63
36 34 35 32 61
32 34 43 36 35
34 74 62 42 32 61 63 33 22 21 64 52 66 23 53 46 76 71 37 35 19
2
34 61 32 64 33 71 62 35 19
32 34 28 33 53 19
32 34 33
32 34 53 33 61 52 21
21 34 54 32 33 37 36 63
32 34
69 2
32 6 34 33 61
2 63 64
1 59
2 71
2
2 64 71 61 34
32 54 33 34 21 19
2 4 67
2 71
55 71 54
38 53 34 71
71 54 34
2
2 34 63
4 2 71
71
2 71 36 32
71
71
2 65
2
34 32 33
61 2 34 33 32 71 19 35
61 34 32 63 19 20 71
32 34 33 61 54 19 21 36 62 37 35
34 33 63 36 61 62
2 34 33 32 61
21 32 34 33 62 61 71 63
36 71 33 32 34
63 32 21 19 34 33 36
19 33 35 34 36 32
33 34 32 21 36 19
71
71 33 34 32
32 62 34 54 63 33 61 36 23
37 32 19 62 33 34
19 34 62 33 38 63 32 71 61
2
2 65 64
61
2 1
57 71
71
71
70
54 32 33 20 61 37 62 35 19 42 71 34 64 44 53 21
32 34 61 53 35 63 33 36 54
33 34 71 61 26 62 32 69
54 32 34 33 63 43 71 62
34 54 62
34 33 43 32 21 19 36 53
34 32
34 1 32 33 63 53 35 61 22 36 21
34 32 33 71 96 53
36 34 32 54 63 61 62 33 71 35 19
32 1 34 65 33 63 61 6 35
34 52 44 32 33 63 36 71 62 61
33 36 71
27 71 34 32 33 63 61 35 62 43 19 37
34 33 32 19 62 20 35 37 6 21 61 63
35 34 32 33 63 36 61
34 1 35 32 33 24 21 36 38
34
62 32 33 42 34 35 19
34 32 67 35 19 62 63 22 20
53 33 32 34
19 34 67 61 35 32 71 21 63 33 53
32 71 34 53 36
71
71 34 32
35 34 33 32 28
34
33 34 38 71 62 36 21 32
21 34 33 19
34 32 33
34 33 37
33 32 34 21 62
33 32 34 71 21 62 19 36
33 63 34 32 62 71 21
62 36 40 32 34 33 37 71
34 32 62 38 71
71 32 34 63 62 33 28 21
21 33 34 71
34 63 33 24 61 32 71
71
34 32 33 61 36
32 21 33 34
33 34 32 26 53 19 62
34 32 33 62
33 34 32
34 33 36 38 37 63 71
34 2 32 71 4 63 33 62 37 36 38
34
34 32 35 33 87 71
38 21 34 32 37
33 34 32 19 20 36 54
34 53 33 32 71 37
34 32
62 34 63 33 32 23 61 36 20 44 53 28 67
32 71 62 54 19 52 33 34 67 36 61 64 53 35 37 23 26 66
34 33 32 62 21 36
34 42 35 32 71 53 62 33 63
1 32 33 34 21 43 24
34 54 33 38 19 32
34 61 32
34 36 32 71 42
54 34 37 33 21
33 32 34 36 19
34 37 33 32 6 19
34 32 1 36 35 6 33
71 62 34
32 33 34 21 71 37 63 62 61 38 36 19 54
34 33 32 62 54 63 21
33 21 34 32 63 19 52 36 62 71 37 22 54
34 21 32 33 35 36 19 63 62
62 34 33
34 32 33 21 62 19 35
34 61 35 32 33 21
71 32 33 34 21 23 36 54 28 26
34 33 63 21 71 32 62 36 61 20 67 19
34
71 33 21 32 19 34
38 33 34 32 62 63 36 21 71
34 63 21 33 32 24 38 71 19 64 62 36 61 20 42 65
71
33
21 34 33 19 71 32 36 62
32 34
37 34 53 33 63 32 62 20 36 27 54 61 71
21
32 34 19 63 33 21 62 37
34 33 36 32 37 21 7 63
32 67 34 71 33 63 36 19 62
32 34 71 33 35
32 34 38 21 33 19 37 62
21 32
33 34 37 21 32 20 19 36 62 3 71
32 35 33 34 37
33 32 34 63 62 36 37 7 19 71 54 35
21 34 63 62 33 32 19 37 36 71
32 33 34 63 71 21 37 36
33 34 63 32 21 6 36 19 35
21 32 33 61 34
34 33 63 71 62 32
33 34 71 21 32
32 37 33 34 21 71 36 67 19
21 63 36 34 32 62 19 61 71 67 33 37 24
34 33 62 35 37
63 34 37 61 32 62 36 33 52
34 35 21 32 71 63 62 19 61 33 53
34 33 37 21 32 71 35 36 63
33 34 24 71 21 32 19
34 33 21 32 19 36
33 61
33 34 32 21 71 62 63 24 19
19 32 63 34 33
34 33 21 63 61 32 62 36 24 19
34 32 71 33 21 24 62 37 63 19 36 54 20
19 34 32 33 38 43 71 53 36 62
71 34 32 33 42 35 44 19 37 21
32 33 34 63 38 71 21 7 37 19
71 32 34
71
32 36 33 71 34 21 19 62 37
32 36 34
32 34 33 21 19 36 62 63
21 34 33 62 71 36
53 34 71 33 36 32 21 37
34 33 63 71 35 32 62 43 21 61 19 6
34 21 86 63 33 32
32 33 34
71 33 34 21 32 35 62 63 36
34 32 33 19
33 34 71 19 21
34 33 32 38 21 71 37
34 54 71 33 21 36 32 19
21 38 34 63 33 19 32 71
32 34 36 33
34 32 62 38 20 33 71 56 61 37 36 47 63 35 19
38 63 34
32 34 33 71 62 63
21 37 32
34 32 62 71
21 71 32 33 36 19 34
21 34 33 19 71 32 39 36 63 62 37
71 34 32
32 34 33 71 62 53 21
33 34 32 21 71 20
34 33 38 71
34 19 32 21 33 35 71 38
32 34 33 21 62 67 38
64 21 32 37 63 61 65 67 34 42 71 36
32 24 34 33
71 34 33 32 66 62 36 63 22 21 37
32 61 37 35 34 62 63 71 67 40 33 19 36 17 21 52
34 33 32 61 63 21 52 54 35 57 71 62 37 20
32 33 34 35 71 38 21 61
33 63 19 21 34 36
34 71 32
34 33 32 63 71 37
34 71 32 61 37 33 62 40 44
34 38 36 33
34 21 32 62 33 36
34 63 33 62 61 37 53 32 65 38 20 21 71 54 67 29 7 19 64 28
32 34 63 62 36 44
33 34 32 35 71
36 34 21 32 33 63
34 32 33
34 32 33 37 21 71
34 32 33 71 67 26 19 21
32 33 37 34 20 63 21
34 19
34 32 63 33 62 19 61 20 21 23 71 37 54 53 35 40 52
34 33 32 21
34 37 21 63 33 32 19 61 62 38
32
34 21 33 32 61 19 63 64 35 62 23
33 34 71 21
34 33 63 32 21 35 20 62 24 53 1 61 23 71 54 44 64 19 37
71 34 63 67 65 38
32 34 23 36 63 33 62 21 71 22
34 63 36 32 62 61 33 37 21
36 19 33
32 34 62 53 33 71 61 37
34 35 63 32 33 23 61 2 19 20 62 36 64 71
32 36 34 33 22 21 71 19 38
34 32 21 61 35
34 32 71 33 63 20 37 36 62 38 21
34 32 33 19 71 21
34 32 35
33 34 71 32 21 35 62
34 21 32 62
35 61 34 32 33 71 63 53 23 37 24 36
34 32 33 21 35 65 62 53 36 63
34 33 32 35 36 21
21 33 34 71
63 32 34 33 36 19 71
33 34 62 32 44 54 63
32 34 33 37
34 35 33 1 6 21 42 32 20
34 24 22 32 62 1 56 19 54 36 38 21 61 33
33 34 21 32 61 63 36 71 19 62 35 26 24
34 32 36 33 63 19 62
63 32 34 37 20
34 32 24 42
34 32 61 35 54 63 19 33 21 7
32 63 34 71 37
36 32
32 63 34 61 33 36 37
33 32 34 19 71
32 34 54 36 37 6 62 61 33 71 20 53 43
34 33 32 21 71 38 61 37 19
63 33 32 34 38 37 36 62 54
32 36 19 62 34 33 61 37 21
34 32 53
34 32 38 33 35 63 61
32 34 33 42 63 23 19 24 20 35 22 21
34
33 63 62 32 34 20 36 61 23 3 38 65
34 33 21 32 19 62 36 23 61 63 71 42
33 34 21 73 66 63 61 36 20 32 52 53 67 71 62 6 23 65 57 35 19 75 38 24 43 28 64 54
2 61 34 54 32 66 28 33 64 67 58 62 3 7 63 71 27 52 19 21 74 76 36 53 49 65 20 75 43 42
33 61 36 34 62 53 37 32 63 35
32 33 34 53 19 63 54
71 21 32 34 65 52 19 22 33 54 35 63 64 67 42 62 61 44
37 34 32 19 36 63 44 53 54 56 71
62 34 37 38 33 36 53
37 1 32 34
2 38 33 34 32 63 52 19 71
32
5 34 8 53 33 32 71
5 1 8 71
34 37 63 1 32 33 53 67 61 23 21 71 44 66 54 62 20 36 42 27 35
71 53 36 34 33
21 53 4 19 34 65 37 61
4 32 34 38 53
34 53 32 63 61 21 62 54 35 42 19 37
34 32 63
34 71 33 32 62 63 61 36 37 21 19 53 38
34 32 33 19 21 20 24
34 6 1 32 19 66 53 71 42 33 61 62 35 37 24 63
33 66 34 62 53 67 63
32 34 33 62 1 61 21 71 35 20 36 65
32 34 33 63 53 36
19 34 33 32 62
1 32 34 71 42 62 33 19 20
36 62 38 21 34 63 32 71 61 33
34 36 32 1 38 63 53 7 54 62 61 42 23 20 33 21 19
1 36 34 32 33 61 62 19 63 24 21 28 71 37 39 38 35
32 34 61 63 33 35 36 37 62 44 38 71 21
63 62 34 19 32 21 71 33 37 35 36
52 34 32 19 61 36 62 20 35 33 44
34 21 32 67 35 62 36
34 1 2 32 19 53 63 52 37 33
71 34 53 33 23 62 19
61 34 32 19 33 36 62 22 35 21 30 71
34 61 32 22
44 1 34 32 33 6 52 71
19 1 63 32 53 62 34 33 54
34 33 62 21 32 19
21 34 32 71 61 37 23 42 20 33 19
34 19 67 33 32 36 62 63 71 61 44
34 19 32 62 33 61 21 20 54 71 37 65 63
34 19 71 32 36 33 61 53 21 63 37 35
1 33 34 22 32 62 36 71 53 21 61 19
34 32 20 21 27 33 63 71 36 19 38 61
1 32 71 37 62 52 34 61 33 48 66 63 53 64 19 55 21 20 6 22 26 28 56 7
34 71 62 61 21 32 7 2 67
34 54 33 61 63 20 19 32 62 53 23
63 34 33 20 19 7 53 32 61 62 54 64 37
32 34 41 54 4 53 20 52 61
32 42 34 44 1 6 52 33 63 35 37 71 61 21 19 64 36
34 32 61 33 19 6 35 62 71 42 63 36
61 34 42 62 32 54 33
69 33 36 54 34 53 32 44
71 53 61
32 34 33 21 71 38 61
32 34
33
32 34 62 43 33 63 37
34 71 33 63 61 32 21
71
62 32 44 34
71
71
71 32 61 63 37 19 34 54 6 65
34 64 1 32 63 38 42 71 62 61 21 55 33 23 35
32 34 20 33 71 21 35
71 32 34 20 33 35 53
33 32 53 34 71 61
32 21 36 34 71 33
32
32 34 54 71 19
34 32 71 62 33 20 21
32 71 62 34 21 33 19 54
32 1 71 34
44 19 32 34 37
32 42 21 71 35 34 36 33 19
19 34 32 33 71 77
69 70 64
6 1 19 37 62 54 34 63
33 54 20 34 66 32 61 62 35 53
54 34 71 20 32 21
32 34
32 34 33
71 33 62 34 63 21 26 35 19
65 71 19
34 63 32 20 19 61
34 32 71 54 33 64 67 53 44 35
32 19 34 35 71 54 37
34 32 19
71 32 35 33 34 19 63 37
32 20 57
32 71 34 1 33 6 35 54 19 63
32 20 34 37 71 33
32 34 63 71 33 35 42 54 38 56 55
19 71 32 21 34 36 62 67 35 61 20 33
32
32 34 71 3 21 19 33 35 62 20
55 34
35 32 42 53 71 7 33 34 44 2 21 62
71 32 20 37 34 33
35 32 71 34 62 33 21 20 40
71
32
71
71
71
71
71
71
71
71
61 32
71 34
71 32
71
71
71 32
71
71
71
71
71
71
71
71
71
1 59
32
62 54 53 26 34 32 43 30
71 19 32 63 62 34 33 20 36 54 61 21 44 37 35
63 62 34 61 53 32 37 7 33 71 74 67 22 52 66 64 76 54 65 2 44 43 36
54
69 70 64
34 42 35 32 71 53 62 33 63
71 56 54 65 59 21
61 82 73 34 67 57 64 62 55 53 63 71 33 54 65 56
2 65 55 54 20 53 63 34 61 71 38 32 33 62 21 36 52 40 19 27 58 42 26 24 44 56
34 33 32 62 63 71 61 19 42 36
71 62 21 63 33 34 19
71 34 32 53 21 54 33 64 42 63 65 62 52 35 43 61 55
71
34 63 33 53 36 19 32 21 62 71 23
64 21 32 37 63 61 65 67 34 42 71 36
71
71
2 61 54 62 34 33 7 63 32 36 71 35 66 67 19 64
34 33 52 71 61 63 32 59 26 62 54 69
32 34 37 62 36 54 33 40 66 61 63
34 74 62 42 32 61 63 33 22 21 64 52 66 23 53 46 76 71 37 35 19
71 32 57
71 32 33 34 21 23 36 54 28 26
71
32 35 1 61 6 37 34 63 33 71 62 67 52 21 44
2 33 34 63 19 32 21 36 42 53 62 71 28 56 61 54 35 44 7 37
71
54 34 1 61 27 65 6 56 58 53 21 32 52 71 66 63 59 33 62 64 57 29 19 36 68 37 55 69 43 44 67 35 38 7 26
71
61 71
19 71 34
33
19
34 21
71
38
34
71 32
34 71 32
71
20
34
34 33
32
71
33
34
71 21
34 33 62 19
19 34
71
32
32
21
32
71
71
21
71
71
19 34
71
19 71 21 24 32 62
21
65 71 19
34 54 63 62 33
6
34
32
34 32 63
32
34
32 34
6 32 42 1
34 32
32
36 19 33
34 20 63 61
61 33 64 36 32 21
34 32
21 32
32 21 61
34
1 61 32 6 71
61
32
32 20 61
67
32 44
71 32 54 35
19 32 63 34 33
20 32
28 32
33 34
33 66 34 62 53 67 63
71 32
32 63 2 34
71
71
32
34 71 37 32
63 34
32
71 32 34 61
71
61 34 62 32 44
34
71
34 32 61 19 62 33 54
71
61
34
71
32
34
1
71
71 70 54 69 34 55
34
32 33 34 62 36 71
32 6 34 33 61
34
1 34 35 71 32 20 4 63 19 54 3 61 56 37
2 34 32 53 19 21
32 2 33 54 48 19
34 71 32 61 37 33 62 40 44
71
19 34 32 33 71 77
34 32 44 33 71 35 54
32 34 1 33 62 63 21 7 35 28 37 71 44
43 34 33 32 57 53 52
32 34 61 63 33 35 36 37 62 44 38 71 21
71 33 32 34 19 21 36 63 24 61 62
34 63 33 24 61 32 71
34 1 2 32 19 53 63 52 37 33
34 32 1 33 71 35
32 34 35 37 6 19 1 71 23 63 61
34 35 63 6 32 37 71 65 36 64 62 3 20 61 45 42 44 33 19
34 21 33 32 61 19 63 64 35 62 23
32 19 34 36 63 38 33 21 71
34 32 20
34 62 35 33 36 19 32 21
34 33 32 63 71 37
32 33 21 19 34 71 62
32 34 61
34 71 32 44 33 42 62 19 63 35 74 36
34 54 33 32 1 37 52 71 62 42 35
34
1 34 32 61 19 38 63 71 62 37 35
34 19 71
21 34 63 62 33 32 19 37 36 71
44 1 34 32 33 6 52 71
34 32 33
63 71 34 32 33 37 61 19 1 36 2 20 7 52 62 64 67 53 21 54 3
36 71 33 32 34
34 53 32 63 61 21 62 54 35 42 19 37
1 32 33 35 36
34 61 35 32 33 21
33 34 21 42 61 32 62 53
71 34 22 32 76 19 63 37
32 34 35 62 63 71 66
63 35 34 32 61 37
34 32 19 71
34 33 62 35 37
32 34 61 71
63 34 23 19 32
33 32 34 63 62 21 19 71 23 37
19 34 32 33 20 71 21
32 33 35 63 21 37
32 61 34 71 1 33 63 35 53
34 19 32 53 61 54 33
21 32 34 33 62 61 71 63
34 32 54 33 37 21 71 19
34 32 54 63 33 61 62 21 64 53 19 3 65
34 32 44
52 34 32
2 71
34 37 32 33 21 22 36 53 63 35
33 34 62 32 44 54 63
34 33 32
34 32 21 62 44 33
36 32
34 63 32 71 61 19 52 21 56 33
61 34 42 62 32 54 33
34 32 33
34 33 62 32 61 21 19 37 63
4 2 71
32 34 33 63 2 62
34 32 62
34
32 34 71 53 37 52 33 54 6 19
1 92 2 6 62 38 34 71 37 32 33 63 28 21 53 35
34 62 33 61 32 19 7 53 64
34 53 37 32
32 71 63 34 7 61 33
6 36 32 34 54 61 63 33 19 62 35 71 52 23 44 37 53
3 7 63 34 61 67 66 6 65 62 36 21 77 32 64 75 33 73 74 19 54 69 42 53 71 1 20 56 44 76 52
62 32 34 36 71 63 33 61
32 63 34 71 37
34 33 32 62 21 36
34 71 33 32 62 63 61 36 37 21 19 53 38
34 33 32 21 71 38 61 37 19
32 1 34 28 33 6 38 20 62
1 53 34 32 20 71 35 21 19 38
2
53 34 32 35 71
37 34 53 33 63 32 62 20 36 27 54 61 71
71 32 34
32 34 53 33 62
34 32 53
54 34 44 32 62 52 63 19 20 71 37 35 74 36 65 33 42 55 53
34 32 61 33 63 23
34 35 33 1 6 21 42 32 20
34 32 71 36
34 53 61 71 32 62
28 34 42 32 52 61 44
37 32 36 34 63 33 23 62 71 7 61 21
71 34 63 67 65 38
71
32 33 71 34 36 63 62
34 21 71 32 19 54 44 53 37 33
1 32 54 34 35 2 56 7 33 53 52 6 74 71 62 92 19
32 36 62 33 63 34
21 34 32 71 61 37 23 42 20 33 19
33 32 34 63 62 36 37 7 19 71 54 35
32 1 19 34 33
1 36 32 53 52 33 19 34
32 1 37 34 20 61 33 35
32 34 33 21 19 61 20 71
71
32 34 62 33 37 35
34 62 33 32 36 37 20 61 38 21 63
4 32 1 34 62 35 61
32 34
1 32 33 34 63 6
1 32 71 34 54 63 6 33 35 44
32 63 34 66 1 61 44 71 58 53 33 74 7 54 36 65 2 62 19 75 21 64 94 73 42 57 67 56 28
2 71 32 67 34 61 42 62 33 23 53 21 19 63
1 71 34 32 35 6 57 63 33 53 27 31 61 76 54 19 62 21
32 33 36
1 71 34 19 32 61 20 38 23 33 53 37 36 63
33 34 32 21 71 54 61 36
34 32 42 63 53 35
34 32 33 71 37 54 35 1 23 38 63 19 36 24 67
34 32 35
34 32 21 63 62 33 19 38 71
61 32 63 34 33 36 19 20 62 71 37
34 62 32 36
32 34 38 54 33 63 43 71 21 61
52 71 53 54
2 34 19 32 61 63 33
32 34 33
34 32 33 19 21 20 24
34 32
61 34 62 53 54 32 21 64 67 33 45 19
63 32 34 4 62 71 6 61 54 21 33 35 36 19 1 7 42
33 21 34 32 62 61 64 22 36
32 33 71 61 34
32 33 34 35 71 38 21 61
21 63 36 34 32 62 19 61 71 67 33 37 24
32 34 33
2 32 21 64 33
32 53 34 62 65 21 63 33
33 34 37 21 32 20 19 36 62 3 71
2 34 32 33 71 63 62 61 87 6 37
62 34 33 32
1 92 32 71 62 19 34 37 36 61 33 54 42
34 53 32 54 66 33 52 61 62 35 22 19 21 71
32 34 35 33 37
71 2 32 34 33 54 61
35 34 61 19 32 52 65 37 20 66 36 71 63 33 42 58 87 62 43
32 34 71 35 62 21 53 19 33
33 32 34 71 21 62 19 36
33 2 32 34 61 19
61 34 32 19 33 36 62 22 35 21 30 71
33 61 1 32 71 62 34 19 63 20 21 36 53 57 65 54 6 35
32 62 71 34 33 23
34 2 53 62 61 64 33 63 79 32
32 62 36 69 34 63 33 71 23 28 19 53
33 34 32 21 71 36
32 34 54 53 33
33 32 34 36 19
63 34 32 53 71 61 33
19 34 53 32 35
32 34 71 53 24 33 54 61 19 62
32 35 53 33 34 1 61 71 37 62 19 63 28
2
34 2 32 71 4 63 33 62 37 36 38
42 34 32 71 33 63 53 38 7 28 61
34 33 62 71 32 63 36 28 19 35
32 19 34 71
34 62 32 33
33 61 34 32 71 37 20 19 53 63 21 27 56 62 43 44 38
34
34 32 71 37 33 62 19 36 21 20 61
62 32 86 34 54 21 35
33 34 21 32 61 63 36 71 19 62 35 26 24
32 36 19 62 34 33 61 37 21
1 6 32 20 34 61 19 37 35 26
33 32 34 52 63
7 54 61 63 32 42 34 52 36 66 56 65
32 34 62 65 61 63 33 19 35 66 53
32 34 61 36 33 71 54 38 21 63 62 26 37 19
1 34 32 44 61 6 63 35 52 19 20 67 33 66 53 42
33 34 32 62
19
32 71 34 21
54 32 35 1
32 34 63 37 61 33 71
32 34 62 33
34 32 71 62 33 61 21 63 20
32 34 33 54 61 19 37 63 35 36 20
34 1 33 35 32 20 19 44
2
65 61 74 32 44 36 53 52 71 21 64 63 42 54 55
34 32 1 33 53 21 61 36 19 56 37
1 71 32 63 34 33 19 6 44 37 21 61 20 53 42
71 34
34 32 33 35 19 1 37 6 36 21 38
34 19 61 33 32
34 1 35 32 33 24 21 36 38
34 32 1 33 63 38 19 71 62 7 61 2 56 20 21 42 6 53 52 35 27 36 59 54
5 34 8 33 53 32 71 36
71 32 20 37 34 33
2 71 21 19 34 32 33
35 34 32 40 33 19
34 33 63 71 62 32
1 32 35 2 34 19 6 44 20
34 33 32 35 36 21
34 32 33
32 34 33 65 6 37
20 34 32 65 71 35 33
32 1 44 42 34 71 35 61 52 2 6 39 20 21 43 33
34 32
71 32 19 34 33 63
1 34 32 36 33 35 19 52
33 32 34
34 19 63 20 32
32 1 40 6 35 63 34 74 19 33 56 39 62 37 21
71 33 34 32 21
33 34 37 63
19 32 34 33 36 63 67 37 71 4 3 62 21 20 61 7 6
54 34 1 32 71 35 38 40 21
34 32 71 35 33
32 34 54 36 37 6 62 61 33 71 20 53 43
71
34 32 19 62 63 20 33
63 33 32 34 38 37 36 62 54
61 34 32 52 36 63 62 33 21 38 1 53 71 19 35 42 7 65 67 37
34 63 21 33 32 24 38 71 19 64 62 36 61 20 42 65
32 34 54 71 19
71 32 62 34 21 54 20 33 53 35 1 3 61 64 19 67 63 92 36 56 52 7
32 33 34 44 95 71 35 19 63
34 61 32 46 35 19 33 65 37
19 34 37 63 32 62 61 33 21 54 1 53 71 36 20 35 45
20 34 63 62 23 33 21 71 19 35 53 36 24 32 40 37
34 33 20 71 36
19 32 34 33 63 37
34 63 32 33 36
32 34 71 33 67 63 21
1
71 32 34 63 62 33 28 21
33 32 34 35 62 19 63 21 36
71 32 61 63 37 19 34 54 6 65
34 21 33 32 61 35 63 19 26 62 37 7 71
1
1 33 34 22 32 62 36 71 53 21 61 19
2 37 53 19 1 34 71 61 6 33 40 32 35 54 56 63 52 62
71 34 32 33 42 35 44 19 37 21
71 34 33 37 32
32 56 34 71
32 34 33
32 34 61 1 6 71
19 32 56 34 62
67 62 32 23 61 1 71 63 34 44 7 33 74
62 34 63 33 32 23 61 36 20 44 53 28 67
55 71 54
71 19
34 33 32 62 21 63
34 23 33 63 64 61 32 37 42
71 26 61 7 42 62
65 61 7 34 63 32 54
32 36 34 63 53 19
21 33 34 71
1 34 71 32 33 61 62 63 44 24 19 6 55 21 35 36 53
32 33 19 34 4 62
32 20 34
33 54 20 34 66 32 61 62 35 53
34 64 1 32 63 38 42 71 62 61 21 55 33 23 35
6 32 34 1 61 21 71
6 1 19 37 62 54 34 63
71 34 32 61 35
34 71 65 46 33 32 48 42 19 44 61 52 21
32 34 33 71 62 63
32 33 34 19
53 54 52 62
34 33 36 38 37 63 71
33 34 32 19 20 36 54
32 1 37 34 6 64 71 19
67 53
32 71 34 53 36
33 34 38 71 62 32 36 21
21 34 33 19
34 32 61 35 54 63 19 33 21 7
69 2
34 37 32
32 33 1 34 20 6 35
34 32 63 1 33 62 20 19
52 34 32 19 61 36 62 20 35 33 44
71
37 34 32 71 33 20 38
33
2 19 54 34 33 21 35 32
32
34
71
34 6 32 1 71 33 20 42 35 37 53 36 19 62
32 1 35 34
1 32 61 35 6 7 2 34 20 67 71 57 19 33 21
34 61 42 32 74 44 64 63 33 20 75 66
19 2 32 74 54 34
32 34 71 44
34 19 32 62 33 61 21 20 54 71 37 65 63
34 32 71 33
63 34 33 20 19 7 53 32 61 62 54 64 37
71
34 32 44
32 71 34 53 52
34 61 32
32 1 61 6 34 63 44 62 64 21 20 73 35 33 71 65 19 54 45 53
34 32 1 63 71 33
33 32 34 63 71 74 2 19 37 61 35
7 1 2 55 34 21 63 61 32 71 56 20 54 66 33 6 44 36 19 52 65 53 35 57 43
1 6 33 92 32 3 36 34 63 52 71 61 26 2 35 19 62 54 21 42
32 33 34 21 38 42 61 62 36 37 64 52
32 34 33
34 54 33 32 61 64 37 20 63 53 36 19 62 23
54 34 71 20 32 21
32 19 34 1 7 54 61 2
2 3 34 63 71 32 6 1 62 21 61 7 52 19 33 36 37 65
52 32 34 35
32 1 61 6 34 62 35 71 4 53 54 52
71
2 32 35 34 61 6 54 1
34 63 7 92 32 19 3 61 35 6 33 1 62 37 4 36 20 21 44 71 86
2 32 71 34 61 8 3 63 64
1 32 20 35 34 37 52 19 2
34 32 2 7
63 34 71 62 61 21 32 19 7 2 67
61 32 34 1 7 63
32 7 3
3 19 21 71 34
34 33 63 32 19 62 56 7 27 21 20
32
32 35 34
1 32 2
71 32
32 34 1 6 33 71 35 54 37 61 2 3 7 64 39
92 32 2 1 3 6 34 35 61 37 62 53 95 33 21 20 71
2 32 35 34
63 32 53 34 62 35 33 71
32 61 34
1 32 3 71 34 4
32 34 33 21 62 67 38
4 33 63 34 32 62 20 71
1 2 48 32 58 54 71 61 55 66 52 33 53 42 34 69 95 65 62 59 37 56 27 3 40
32 34 48 56 62 65
33 34 32 2 54 6 71 1 19 68 36 64 21
21 34 33 19 71 32 39 36 63 62 37
32 34 22 71 35 33
71 33 21 32 19 34
71
34 32 33
34 32 61 76 19 21
34 63 61 32 1 71 33 35 19 37 42 62 21 55 53 54 76 6 20 40 64 39 52
21 34 54 32 33 37 36 63
64 63 34 32
34 37 32 35 33 54 19 21 62 63
33 63
34 32 62 33 21 71 61
34 32 62 38 71
35 34 33 62 63 54 44 32 37 53 3 55 23 61 36 19 6 64 21 7 71
32 34 62 53 33 71 61 37
34 36 61 32 63 33 43 37 21
34 33 32 19 62 20 35 37 6 21 61 63
63 32 34 33 36 19 71
34 32 71 33 21 24 62 37 63 19 36 54 20
34 63 24 33 62 61 37 53 32 22 65 1 38 20 21 56 71 54 67 29 19 36 7 64 28
38 21 34 32 37
34 53 33 32 71 37
32 34 28 33 53 19
32 1 34 33 36 19
34 61 32 33
34 35 54 71 32 20
34 32 2 1 4 63 33 35 21 6 20 71 54 19 24 61 68 92 62 36 22 3 56
34 32 33 21 62 19 35
71 33 63 34 32 37 74 21 61 42 20 35 53
32 33 34 62 20 44 61 19 36 63 21
19 21 34 62 32 33 61 42 36 53 71 20 37
34 21 32 67 35 62 36
71 32 34 21 33
62 34 63 32
37 35 33 32 34 63 64
34 32
33 32 53 34 71 61
34 33 37
34 32 71
1 2
1
32 34 1 35 71 6 33 37 54 62 19 39 27 63
21 53 4 19 34 65 37 61
63 32 6 34 61 33
34 33 32 71 39 37 42
33 32 54 71 21 23 1 34 19 62 4 53 61 63
32 62 34 33 63 37 38 71 21 20 61 19
32 1 67 34 61 33 19 54 62 36 63 21 71
7 66 67 6 61 73 34 21 42 1 33 63 71 54 75 65 53 76 32 44 19 55 37 52 35 56 95 74 64 62 58 43 3 57 39 28 68 23 85 84
34 32 19 35 26 54 71 37 33 64
1 2 71 65
34 32 21 33 54
34 32 19 20 35 33 1 6 21 71 62
34 32 20 64 53 33 71 62 19 63
61 19 20
34 32 63 21 61 7 62
44 19 32 34 37
21 32 33 22 34
32 6 61 1 71 35 34 37
1 32 55 35 34 54 59 61 64 6 56
34 43 32 33 19 42 63 71 21 3 61
32 33 34 63 71 21 37 36
71 32 34 7 19 35 58 21
34
32
34 33 32 19 42 38 21 61
48 34 53 32 52 19 71 37
34 62 63 32 71 64 76 61 33 1 21 19 28 36 53 20 67 65 24 26
34
34 71 76 32 2 64 1 6 52 36 62 56 19 61 35 44 41 33 63
32 63 34 61 33 36 37
71 62
34 32 71 65 33 66
34 71 32
34 21 32 62 33 36
32 34 35 21 1
32 35
1 6 34 32 35 71 33 39 19
34
19 34 32 33
34 37 21 63 33 32 19 61 62 38
32 34 33 71 62 53 21
32 34 33
32 34 43 36 35
34 32 19 62 63 67
32 34 64 71 37 33 1 36 6 54 67 53 19 62
32 34 33 61 54 19 21 36 62 37 35
32 21 71 34 62 33 28 35
32 71 62 34 21 33 19 54
34 24 63 33 32 20 21 62
34 32 21 33
54 71 64 1 52 32 42 61 66 75
32 71 39 34 20 35
34 32 35 20 2 54 63 61 33 62 19 3 67 39 4 37 64 28 44
32 34 1 38 21 71 53 36 33
71
19 33 35 34 36 32
2 71 34 32
63 33 34
34 32 62
33 61 38 71
32 34
34 33 62 40 32 71 36 63 28 37 19 53 54 61
36 34 35 32 61
44 34 62 21 32 71 53 42 54
32 34 23 36 63 33 62 21 71 22
1 34 35 32 33 6 63 2 20 56 71 54 36 61 21
2 34 1 36 56 33 62 32 19 71
24 32 21 20 34 63 53 23 19 37 33
71
32 34
33 34 32 35 71
34 33 32 61 63 71 6 21 35 62
63 62 34 19 32 21 71 33 37 35 36
34 32 33 21 35 71 65 62 53 36 63
32 1 33 37 35 71 34 48
34
32 61 37 35 34 62 63 71 67 40 33 19 36 17 21 52
53 34 33 21 32 19 62
34 33 63 21 71 32 62 36 61 20 67 19
1 32 33 34 21 43 24
34 32 38 33 35 63 61
34 7 19 32 38 33 63 53 67 65 36 61 2 1 62 71 37
32 33 37 34 20 63 21
34 33 32 37 21 71
71
34 32 33 53 54
21 32 34 33
32 34 52 48 63 35 61 19 37 20 42 54 53
34 63 6 33 19 71 1 32 62 35 61
32 62 34 4 19 63
34 32 61 63 33
32
34 32 53 21
32
71 33 53 34 36 32 61
32 20 34 2 33 63 65 35 37
2 65 64
62 32 33 42 34 35 19
71
34 32 53 62 33 19 71
34 32 62 21 19 37
2 71 61
32 1
32 20 62 38 34 54 33 35 39 36
34 33 32 63 37 21 19 62 71
32 34 33 63 53 36
1 63 33 32 34 6 62 52 61 67 37 92 22
34 32 79
2 1 32 34 7 62
32 34 53 33 61 52 21
34 32 35 37 33 71 19 62 61 63 23
34 32 61 33 19 6 35 62 71 42 63 36
32 34 35 33
2 32 63 54 62 34 86 33 61 71 52 35 20 37 40 19
32 20
34 53 61 32 54
19 34 67 61 35 32 71 21 63 33 53
34 32 33 21 37 54 24 63 7
32 1 34 61 20 2 33 62 35 21 71 63 19 53 52 64 36 37 42 54
71 32 85 33 34 62 35
32 63 66 33 64 36 34 52 62
71
71 32
32 33 63 34 36 42 71
71 6 54 32 53 35 19 38 94 34 63
32 71
1 32 34 71 36 37 63 53 33
32 34
32 34
24 34 32 33 71 35 61 67 63 65 62 36 19 20 21 3 66 64 37
1 34 19 63 71 32 37 33 36
34 33 32 63 65 62 19 61 43 54 21 36
34 21 20 19 32 33
71
63 54 34 36 32 3 44 61 75 37 42 76 33 67 62
71 34 32 1 61 63 36 38 42 33 62 67 19 20
34 32 19 33 23 63 36 61
34 71 33 63 61 32 21
19 32 34 63 61 36 33 67 7
63 32 34 53 33 61
21 38 34 63 33 19 32 71
32 61 34 33 19 62 54 35
32 42 21 71 35 34 36 33 19
32 34 19
32 53 33 36 34 62 48 63
34 62 33 37 53 23 32 36
71
1 53 34 33 32 55 36 44 61 37 63 54 64
71
34 33 63 71 35 32 62 43 21 61 19 6
34 32 61 71 33 19
32 35 34 1 53 71 48
34 19 67 33 32 36 62 63 71 61 44
1 34 32 6 33 63
34 33 32 71 19 63
71
2
1 32 34 19 33 21 2 61 35 71
32 62 34 63 52 2 20 64 56 61 21 71
34 54 33 38 19 32
34 52 44 32 33 63 36 71 62 61
63 32 34 37 20
37 32 6 34 35 71 36
33 34 32 21 36 19
32 34 19 63 33 21 36 62 20
71 19 34 32 4 20 33
32 34 2 65 33 63 71 66 43 53 61 35 19 20 62 21
19 34 32 33 38 43 71 53 36 62
33 32 71 34
36 33 34 62 32 63
34
32 34 33 35 71
71
32 34
36 32 62 34 33
33 34 21 32 19 36 62 71 20
21 32
1 36 34 32 33 61 62 19 63 24 21 28 71 37 39 38 35
2 4 67
33 34 32 7 35 1 6 62 21 3 53 71
34 32 24 42
32 35 34 1 71 33 61 63
2 65
1 32 71 37 62 52 34 61 33 48 66 63 53 64 19 55 21 20 6 22 26 28 56 7
32 1 34 52 64 63 38 71 62 42 61 35 54
63 37 33 34 61 54 62 32 19 53 36 65 66 71 7 52 6 56 3 64 21 67
54 34 37 33 21
1 34 63 62 32 61 42 33 36 71 74 7 67 38 43 21
71 32 34 33 19 61
61 24 32 34 62 64 33 44 37 21 63 35 53 71 20
1 34 6 32 8 2 19 71 35 37
32 1 20 63 71
34 33 32 63 61 71 62 67 36 53 21
38 63 34
33 71 34 32 36 21
34 61 32 62 19 37 35 33 71
71 65 32 1 2 53 35 63 66 69 7 20 27 34 44 6 87 56 61 52 54 19 42 33 62 67 57 36 64
32 67 34 71 33 63 36 19 62
34 33 32 19 35 71 21
34 32 52 35 33
37 34 32 33 61
32 34 20
34 32 33 19
71
34 71 32 33 2 38 61 21 40 37 35
4 1 32 34 71 33
32 33 34 53 19 63 54
1 34 32 33 71 20 21 37 54 62
71 32
20 32 34 61 33 35 53 63
2 32 34 1 61 21 71 4 63 33 35 20 44 19 62
34 36 32 1 38 63 53 7 54 62 61 42 23 20 33 21 19
33 32 34 19 23 21 71 61 38 63
32 33 34 71
37 1 32 34
23 32 21 63 34 54 33 19 71 53 61 35
32 62 34 39 54 33 35 63 19
5 1 8 71
32 38 35 34 36 1 33 71 63 6
38 33 34 32 62 63 36 21 71
32 34 20 61
32 34 62 43 33 63 37
32 19 34 1 71 63 61 62 2 54 52 33 36
32 62 63 34 19 33 71 44
32 34 23 37
34 32 33 21 30
24 34 33 62 32 61
19 34 33 32 62
27 32 19 63 34 6 1 61 20 53 33 52 65 62 35 64 66 37 21 36 54
34 32 1 36 35 6 33
32 34 61 53 35 63 33 36 54
34 32 33 19
33 63 19 21 34 36
32 34 19 61 33
32 34 21 20 33 71 62 63 19 61
34 63 35 21 36 61 33 62 32
20 34
1 32 34 35
21 71 32 33 36 19 34
54 71 35 34 33 32 64
33 63 62 32 34 20 36 61 23 3 38 65
34 33 32 21
34 54 62
34 32 1 35 33 37 63 6 40 61 21 52 62
1 36 74 34 42 53 32 19 33 37 79 7 71 20 54 35 21
34 32 62 21 35 71
34 8 33 2 32 1 6 62 63 54 71 86 7 37 67 52
34 33 32 63 36 21
32 35 33 34 37
32 34 19
33 34 21 37 73 63 66 61 1 36 20 32 52 53 67 71 62 6 23 44 54 65 57 35 19 75 42 38 24 27 43 28 64
1 6 34 32 35 33
32 34 33 44 71 36
36 34 32 54 63 61 62 33 71 35 19
32 34 41 54 4 53 20 52 61
32 1 34 35 61 62 71 36 33 6 21 54 63 19 37
71 32 33 34 63 36 19 6 1 65
34 21 32 36 33
6 32 54 1 42 34 33 61 40 62 71 39 35 63 52 3 21
34 32 33 71 96 53
34 33 37 21 32 71 35 36 63
33 32 34 38 37 19 36 40
71 33 32
62 36 40 32 34 33 37 71
32 33 34 63 62 19
34 1 32 19 33 35 42 63 20 61 62 44 71 6 54 23 24 21
19
1 32 33 34 21 92 61
32 71 34
1 34 19 32 63 62 61 33 20 21
32 20 34 35
33 61 36 34 62 53 37 32 63 35
71 34 33 32
62 33 32 34 43 19 63 61
34 33 71 21 32 19 36
32 34 61 33 21
32 24 34 33
33 34 71 32 21 35 62
32 34 71 35
34 33 32 62 21 19 53 63
62 34 32 37 53 33 61 71
32 1
32 34 20 33 71 21 35
21 34 33 19 71 32 36 62
32 92 1 34 6 71 7 35 19 20
37 34 32 19 36 63 44 53 54 56 71
63 61 34 53 62 33 32 71 23 3 65 21 19 20 42 54 4 95
32 19 71 34
35 32 34 33 19 71 37 36 63 40 21 62 61 7 53 20 27
32 34 62 61 63 71 33 21 19 36
36 62 38 21 34 63 32 71 61 33
35 34 32 42 33 39 62 63 37 71 44 54 21 19 7
32 33 21 34 62 54 19
6 19 34 32 33 71 54 1 63
71 34 64 32 19 62 61 33
71 32 37 21 35 19 34
34 32 52 1 71 33 62 64 63 21 36 61 38
71
32 34 33 37
33 63 34 32 62 71 21
71
1 34 32 71 35 20
71 33 32 34
34 32 39 33
34 32
2 34 71 33 32 64 63 20 1 37 36 19 4 6 67 94
34 32 20 21 27 33 63 71 36 19 38 61
71 34 32
34 38 1 32 71 53 63 36 61 62 37 33 6
32 36 61 34 33 71 26
34 71 53 32 43 62 63 55
43 19 37 33 34 32 62 71 61 36 35
32 42 34 71 63 61 35 19 77 72 20 36 33 66 37
35 32 7 34 63 21 58
34 32 33 63
34 32 36 33 21 19
71 63 34 32 33 52 62 54
34 21 32 33 35 36 19 63 62
34 32 71 33 63 20 37 36 62 38 21
32 37 33 34 21 71 36 67 19
63 32 21 19 34 33 36
34 32 71 62 33 20 21
34 32 63 33 37
32 34 21 61
33 32 63 1 34 62 53 37 21 61 2 39 20 23 36 54 38 19 35 42 43
32 34 33 63 19 37 62 35 61
34 32 71 7 19 63 20 4 33 53 61
32 1 6 34 61 71 54 58 21 23 66 64 63 19 36 62 33 44 35 26
7 34 19 32 61 71 21 35 33 62 36
32 19 34 63 71 62 38 37 33
83 34 20 74 61 64 76 65 42 37 66 84 71 32
34 32 33 71 19 2 62 36 63 35 56 39 24 21 38
34 63 32 20 61 19
32 34 1 20 61 63
32 63 33 34 61 54
63 1 32 34 61 33 37
34 64 61 62 32 63 33 21
32 34 36 71 63 24 44
61 34 32 63 19 20 71
34 33 32
32 33 34
33 71 34 32 38 21 37
6 61 1 34 53 63 32 33
34 1 32 33 71 19 21
71 32 19 34 33
32 1 34 6 53 63 65 71 35 62 61 64 33
71 32 66 34 61 19 53 62 21 37 33 44
71
19 32 34 63 33 1 6 35 64 2 62 36
34 37 33 32 6 19
32 34 33 71 42 35 21 53 52 62 63 36
32 71 20 34
34 32 37 86 71 33 35
32 35 34 54 19 53 52
71
32 21 1 36 34
71 21 32 34 65 52 19 22 33 54 35 63 64 67 42 62 61 44
34 33 32 35
34 52 3 32 67
34 32 33 52 61 65 19 54
71
32 34 62 33
34 71 32 35 44 61 53 33 21 1 7 6 54 52 38 63
71 21 32 37
33 32 3 1 73 34 62 4 35 20 19 75 61 63 21 92
32 34 19 33 21
34 33 32
32 19 33 34 36 63
36 52 7 19 54 32 62 34 65 33
34 32 6 20 1 54 35 71 19 62 33 64
34 21 32 33 35
34 21 32 33 54 19 35 61 62 64 63
64 34 62 71 26 33 32
63 65 21 36 56 35 34 44 32 23 3
2 63 64
35 71 32 34 37 21 20
34 32 33 71 67 26 19 21
33 32 34 19 71
71
71
71
71
38 53 34 71 32
71
71
71
2 71 36 32
37 33 32 34 63
2
19 62 34 63 32 52 71 53
34 32 33 37 21 71
34 33 61 35 32 65
54 24 34 32 63 61 19 52 62 33 71 53 21 36
33 32 34 63 19 37
34 32 33 62 21 19
34 33 32 38 35 36 63 62 71 7 19
32 34 33 1 71 21 63
33 32 34 42 71 63 38 21
71 34 33 32 66 62 36 63 22 21 37
33 34
32 54 62 33 61 34 37 63 19 36 71 35
34 32 33
27 71 34 32 33 63 61 35 62 43 19 37
32 34 33 42 61 62 37 53 65 21 63
34 35 63 32 33 23 61 2 19 20 62 36 64 71
33 34 32 21 71 62 63 24 19
34 32 21 33
34 32 62 38 20 33 71 56 61 37 36 47 63 35 19
34 21 32 62
34 32 61 33
21 6 20 34 35 33 32 53 62 1 71 36
34 32 63 33 62 19 61 20 21 23 71 37 54 53 35 40 52
34 71 1 20 6 32 37 33 62 36 53 42 21 44 35
34 33 32 62 54 63 21
33 34 63 32 21 6 36 19 35
34 32
32 34
34 37 21 32 61 54 63 33 53 20 35 71 11 52 62 66 38 64 7 65 26 28 19 67
8 32 34 62 63 6 54 1 37 45 33 71 61
32 36 33 54 61 63 34 71
34 62 21 33 32 63 61 19 36
32 34 63 62 36 44
34 1 32 33 63 53 35 61 22 36 21
71 33 34 32
34 61 32 22
37 1 21 64 61 32 34 33 71 62 36 19 63 44 45
34 32 33 62
32 34 33 62 1 61 21 71 35 20 36 65
32 36 34 33 22 21 71 19 38
71 34 38 32 33 63
19 1 63 32 53 62 34 33 54
34 61 32 64 33 71 62 35 19
34 19 32 21 33 35 71 38
34 33 63 32 21 35 20 62 24 53 1 61 23 71 54 44 64 19 37
63 34 37 61 32 62 36 33 52
4 34 32 6 1 35 92 63 37 61 71 33
34 32 61 33 26
54 34 71 32 1 20 61 35 63
32 40 34 26 33 23
34 32 2 33 6 35
32 6 1 33 37 34 36 61 52
69 33 36 54 34 53 32 44
32 2 34 71 42 62 36 53 33
32 34 33 1 2 20 36 19 62 55 35 61 53 71 21 44 38 40 63 37
71 34
71 32 35 62 34 39 61 33 37
34 32 71 54 33 64 67 53 44 35
33 32 71 34 61 63 19 62 53 21 52 38
32 34 63 33
33 34 36 32
33 34 71 21
34 44 21 71 32 19 20 33 53 54 37 36 63 62 61 28
32 34 63 52
6 32 1 34 63 61 39 54 4 62 35 21 20 53 3 37 33 23 67 64 2 71 19 36 24 28 7 52
32 34 63 71 62 33 54 19 35 67 20 37 43
2
32 1 35 34 71 66 6 7 40 61 19
34 33 32 61 63 21 52 54 35 57 71 62 37 20
32 34 61
32 34 33 36 37
2 35 1 63 61 32 6 83 34 33 73 85 74 54 36 62 65 71 21 19 75 53 37 20 7 40 56 52
32 34 19 62 44 35 53 21 33 37
53 34 71 33 36 32 21 37
1 19 65 71 33 32 21 34 40
71 32 35 33 34 19 63 37
34 33 1 2 71 32 63 67 19 61 6 21
33 21 34 32 63 19 52 71 36 62 37 22 54
34 63 36 32 62 61 33 37 21
34 33 32 71
20 35 32 37 34 71 62 63 33
62 32 71 6 1 34 2 44 61 19 33 36 63 54 21 52 35
32 34 23 2 35 1 44 71 53
32 34 33 42 35 21 61
1 71 34 32
33 19 34
71
34 61 63 32 62 19
32 71 62 63 38 33 34 37 35 19
34 32 36 33 63 19 62
7 1 34 32 71 6 33 2 62 42 19 21 35 54
33 21 34 32 37 38 62 19 61 24 36 71 64 23
34 1 32 37 36 71
34 32 62 33 71 63
32 63 21 34 61 71 67 33 54 19 62
34 33 62 63 36 32 24 19 20 61
32 54 33 34 21 19
32 63 34 62 33 36 52 71
71 36 34
32 6 19 1 34 63 54 33 21 20 39 74 61 71 53
32 4 1 35 34 61 63 71 20 21
32 34 63 71 33 35 42 54 38 56 55
34 32 71 33 61 36
32 34 33 42 63 23 19 24 20 35 22 21
34 32 33 19
34 1 32 28 33
1 34 33 32 61 21 37 19 20
37 62 34 33 32 61 21 19 35 63
54 34 33 32 71 36 37 61 63 62 66 19 38
32 34 33 35 36 65
32 33 34 63 28 21 62 61 19 71
33 24 32 20 34 19 63
1 71
34 33 62 21 32 19
71
71
32 1 34 65 33 63 61 6 35
1 32 34 71 42 62 33 19 20
32 34 36 33
34 54 71 33 21 36 32 19
33 34 71 19 21
34 33 38 53 32 71
32 4 1 34 71 37 2 6 35 44 3 33 39 92 20 63 52 62 61 42 21 54 53 40
36 63 34 37 21 71 33 32 35 54 62
34 32 33 19 62 42 63
34 38 63 32 2 1 37 33
34 21 36 32
1 32 6 34 71 33 37 36 27 64 61 21 62 54 7 35
21 32 71
34 32 52 61
32 34 33 63 19
32 34 1 54 33 48 6 71 20 35 37
34 32 43 26
34 32 62 71
32 34 61 71 62 21 63 33
32 34 33 36 21 61 86
2
34
34 53 32 61 1 33 36 71 35 24
33 34 32 19
71
71
71
71
71
63 34 32 62 33 45 61
4 32 34 38 53
33 34 32 71
33 32 34 61 35
44 34 33 63 32 65 37 19 62 42 61
63 2 61 54 72 73 52 68 34 4 65 75 56 62 85 32 64 66 43 28 33 74 67 6 20 71 55 58 36 53 44 57 59 38 21 3 7 27 19 35 76 69 101 84 42 22 49 46 37 45 40
34 74 33 19 32 71 6 20 36
71 33 34 63 32
34 32 37 33 64 71 65 61 35 63 42
34 32 71 61 56 33 62
34 63 26 33 71 36 62 32
64 34 32 33 62
34 32 35 33 62 71 36
71
71 32
34 21 19 33 61
2 6 1 32 34 71 35 63 36 19 37 54
62 32 44 34
34 36 32 71 42
34 32 19 61 63 37 71 21 67 35 33 6 36
34 33 21 32 19 62 36 23 61 63 71 42
19 34 32 33 20 54 63
34
1 32 19 34 54 71 62 61 33 37 21 24
71 32 6 34 1
34 19 21 33 71 63 32
34 2 32 26 1 71 19 33 65 36 61
34
19 34
19
19
34 19
32 19 34
19 34
19
19
19 34
33 34 19
32 34 19 43 33 20
33 74 1 34 62 32 61 63 19 21
71 33 34 21 32 35 62 63 36
34 32 61 33 23
1 34 32 33 71 28 36
32 62 34 1 63 61 33 19 71 54 21 53
34 63 32 19 33 36
34 19 33 32 21 71 20
34 32 53 33 61 71 67 62 63 21 54
33 34 1 21 32 6 54 61 53 63 62
34 35 19 32 53 38 42 61 54 20
34 1 63 33 32 62 61 37 7 54 35
34 32 19 61 24
32 34 33 35 62 63 19 61 23
36 34 61 32 33
32 1 6 34 33 63 62 20 61 19 24
1 6 34 32 43 33 63 53 61 62
32 6 1 34 33 36 24 62 63
62 63 64 34 67 42 33
32 34
32 34 62 23 63 71 35
32 34 37 38 61
34 32 33 19
34 33 23 32 61
32 34 2 71 19 24 1 33 56 21 63 42 53 38 36
33 34 1 32 21 24 71 63 6
34
33 34 32 21 71 20
32 34 21 1 33 37 52 2 71 62 36 19 53
4 71 32 34 21
32 21 34
34 6 1 32 19 66 53 71 42 33 61 62 35 37 24 63
37 71 52 21
32 33 34 63 38 71 21 7 37 19
32 71 33 34 19 53 36 62 63
2 34 61 32 63 33
34 33 62 32 35 38 46 36 52 61 19 21 71 63
1 32 34 33 71 21 63 87 36 7 19
71
34 71 33 32 35
33 20 34 32 61 37
37 32 19 62 33 34
35 61 32 34 63 20 21 1 33 62 71 19 52 37 38
32 34 63 19 71 33
33 32 34 36 71 62 21 54 61 53 24 63 19 37 20
33 34 37
34 32 35 21 61 62 43 1 20 33 44 23 71 19 22 6 54 53 36 63
94 34 53 71 2 23 32 54 63 20 35 52 36 33 7 19 37 62 61 58
32 33 21 34 71 53 62
32 61 71 34 33 35 20 62
32 63 62 71 34
71 32 34 20 33 35 53
32 37 34 63 71 61 1 33 62 21 20 96 19
32 62 34 54 63 33 61 36 23
32 62 34 71 33
32 35 33 34
32 71 56 62 34 20 55 19 36 54
34 19
2 1
32 21 36 34 71 33
33 34 32
35 32 42 71 53 7 33 34 44 2 21 62
33 34 61 63 32 62 19
1 34 71 32 33
33 32 34 37 71 61 63 72 36 53 44 35
20 32 63 34 33 62 26 61 71 37 19 64
33 32 34 61 19 63 6 71 35 52 20 21
71 34 53 33 23 62 19
61 19 71 32 34 21 35 33
32 34 33 35 71 20
34 32 33
32 34 1 36 3 35 42 62 19
32 54 34 71
34 32 1 62 36 71 33 20 61 63 21 19 64
33 34 32 53
34 33
32 34 53 33 61 44 65
32 34 33 71 21 62
34 32 33 71
34 32 33 37 63 36 53 71 62
62 56 34 21 32 54
6 19 34 32 33 71 37 40 21
32 28 33 34 63 71
34 71
32 21 33 34 61 62
32 34 26 20 19 33 42
34 32 1 37 61 33 6 63 24 71 35
2 34 6 32 1 33 71 37 36 35 22
34 33 32 37
36
34 32 24 1 36 6 63 33 62 53
33 32 34 36 54 71 62 61 37 19
61 34 62 32 37 36 71 21 53 19 33
34 32 62 21 37 33 20
33 32 34
34 33 32 21 38 19
32 34 37 33 62 63 35 71 61 53 42 20
32 71 33 36 34 37
34 71 32 33 63 22
34 32 33
34 32 33 37
32 35 34
2 34 32 21 65 71 33 37 20
32 19 33 34
32 53 34 36 37
34 71 52 36 33 54 32 62
32 34 33 54 62 36 42 61
32 34 33 19 23 44 54 56 63 36
32 36 63 34 64 54 71 33
63 34 32 21 37 19 36 33 38 62 6 67
34 32 33 62 61 19 71 37 63 21 42
33 63 61 34 64 71 62 53 32 36 39 54 19 7 21 37 28 26 35 38
34 32 21 19 33 36
62 32 34 33 63 36 7
63 34 35 32 33 6
32 34 33 63 24 61 37 21 36 62 44 42
34 33 36 32
34 32 33 20 53 19 61 37 71 21 62 63
32 33 34 20 62 38
34 32 71 33 36
63 34 36 32 35 33
34 61 19 33 38 36 22 23
32 33 62 61 21 34 63 36 53 37
33 38 34 62 63 61 54 37 32 43 6 71 53 36
61 32 34 53
32 21 34 71 61 62
32 34 33 62 71 37 21 1
71 32 34 33 53 61
32 19 34
32 34 38 71
34 6 32
33 32 34 62 71 20 38
34 65 32 20
32 34 22 28 19 36 33 71
33 32 34 21 62 36
37 32 33 34 2
32 71 34 53 37 33 36 54
33 19 34 53 32 37 21
32 62 34 38 61
33 34 32 36 21 19 71
61 2 34 33 32 71 19 35
34 33 35 63 62 32 19 53 61
34 71 32
71
19 34 62 33 38 63 32 71 61
32 1 71 34
36 34 32 62 19 33 71
35 34 32 33 63 36 61
34 21 71 32 37
62 34 37 38 33 36 53
71 34 19 32 33 37 65 61 62 54 63 35
32 35 34 33 36
53 34 32 20 33
35 32 23 71 34 37 33
71 32 34 44 20
32 34 62 35 67 63 42
32 34 35 63 33 61
34 61
2 64 71 61 34
32 34 33 21 71 38 61
2 71 32 1 34 63 19 37 65 35 61 62 20
32 34
34 32 33
34 32 71 21 61 63 33 53 35 54 24
33 34 32 62 37
63 32 21 34 53 52 19
1
32 34 19
32 34 19 63 33 21 62 37
2 1 34 32 33 71 35 4 63 61
34 32
52 44 32 63 34 61 19 62 33 36 37 24 21
34 32 33 35 71 62
32 34
33 32 21 34 71
21 34 20 61 32 71 33 36 63 54 37 19 23
21 32 33 61 34
6 32 71 35 1 34 2 63 28
34 32 20 33 61 19 54
21 37 32
32 61 34 37 63 33 36 20 66 62 67
54 32 33 20 61 37 62 35 19 42 71 34 64 44 53 21
20 1 34 7 33 32 19 24
32 63 7 62 20 34 36 44 21 61 33 58 55 37 43 40
34 63 71 32 33 36 62 61
34 19 37 21 33 61 32 71 35
32 1 35
36 74 32 34 62
33 61 34 32 63 62 71 20 2 21 38 53 54 67 19 36
32 35 33 34 19 67
32 34 35 24 19 62 33 54 23 21 71
32 1 34 19 42 62 35 37 63 64 44 71 28 65 53 75 20 46 66 61
32 34 54 35 33 71 21 19 61 66 6
32 34 33 62 40 19 63 24
32 35 44 34 71 65 53 33 63
32 34 33 35 63 61 4 62 38 53 19 37
34 71 32 33
71
32 54 34 71 6 63 33 61 36 62 1 42 24
34 32 33 36 56
1 34 19 71 53 32 21 54 33 61 6 37
71
34 32 63 53 65 54 61 2 71 62 35 44 37 33 36
34 21 71
32 33 34 21 71 37 63 62 36 19 54
32 34 36 20 71 37 1 61 42 33 63 21 62 19 35 54 53
32 38 34 19 71 63 54 36 61
32 34 33 63 36 54 21 37 19 71
32 1 2 34 63 69 33 19 74 71
34 33 71 32 21 19 63 62
34 19 71 53 32 42
62 34 63 32 33 21 61 37 19 53 52 28 44 71
34 32 33 19 71 21
34 32 62 53
2 71
32 63 19 34 6 62 67 1 71 20
54 32 34 33 63 43 71 62
32 36 34 19
6 32 34 33 61 19
71
34 62 32
34 33 32 37 21 63 62 71 35
32 34 71 44 62 63
64 63 32 34 61 66 21
34 33 21 63 61 32 62 36 24 19
2 71 32 62 34 61 35 19 33 21 63 23 37 42 20 53
32 63 36 62 21 34 33 38 22
32 36 33 34 71 21 19 62 37
32
32 34 38 21 33 19 37 62
34 71 54 37 32 33
32 71 62 54 19 52 33 34 67 36 61 64 53 35 37 23 26 66
21 34 33 62 71 36
34 32 21 86 63 35 33
32 34 33 21 71 19 36 62 63
34 62 61 19 53 38 21 63 32 71 35 75 54 36 42 66 57 44 33 1 7 56
34 33 32
34 33 36 32 37 21 7 63
71 53 61
33 64 2 21 32 34 36 37 38 61 19 42 71 63 53
34 32 21 61 35
32 20 71 34 21
32 34 19 63 62 33 53 37
35 71 34 33 32 28
71 34 32 62 37 1 33 61 35 19 21
2
32 20 34 37 71 33
35 1 62 32 34 36 19 2 63 53 71 33 6 61 37 52
34 32
54
34 33 63 36 61 62
71 32 34 3 21 19 33 35 62 20
71
32 19 71 34 35 54 37
6 32 34 71 63 33 1 21 67 53 35 37 19 44 52 36
33 32 34 21 62
34 19 71 32 36 33 61 53 21 63 37 35
32 34 37 23 63 19 62 36 20
32 42 34 44 1 6 52 33 63 35 37 71 61 21 19 64 36
32 34 43 19 62
1 71
32
1 34 33 32 53 63 71 26
32 53 71 34
34 33 43 32 21 19 36 53
32 63 34 19 20 71 36 33 62
34 63 33 32 61
1 32 61 2 34 35 71
71 32 34
32 34 33 56 54 20 21 62 71
34 32 67 35 19 62 63 22 20
71
32
32
34 32 62 71 19 21 63 38 20 35 33
33 34 32
32 21 33 34
32 71 34 1 33 6 35 54 19 63
34 42 1 32 35 6 36 54 71 28 53 20 33 19 63
32 20 57
34 32 35 33 87 71
34 71 32 33
1 32 6 42
32 20
34 19 1 32 53 21 6
34 21
34 33 24 1 32 35 63 21 36 62 61 71 6 64 67 20 39 23 19 7
71
57 32 71 36 33 34 6 35
33 34 37 19
34 32 62 63 37
32 21 71 54 35
36 34 21 32 33 63
32 34 63
34 32 33 21 62 71 38 26 53 19 63
34 63 42 33
71 43 33 62 34 64 54 53 76 63 52 19
34 1 32 20 62 33 63 61 71
32 34
34 62 71 33 19 32 55
2 34 71 63
61 32 34 1 6 33 66 54 35
62 34 33
32 61 33 63 34 71 35 62
34 3 35 1 32 6 20 71 19 63 67 44 7
33 34 32 26 53 19 62
71 53 36 34 33
32 71 37 42 63 34 33 62 36
34 38 33 32 21
32 34 35 1 2 20 66 67 61 71
19 21 32 44 34 63 37 33 38 23 61
34 33 32 20
33 34 71 21 32
21 33 34 71
34 62 32 53
34 38 36 33
33 20 19 34 32 62 63
1 54 34
33 32 37 71 52 34
34 71 32 2 67 21 3 33 62 61 64
32 1 8 34 6 2 19 71 35 20 66 52 62 36 40 61 33 63 7 21 44 37 87
21 20
1 71 32 6 45 34 35 19
2
54 53
94 63 32 53 34 38 33 39 1 21 20 36 3 26 37
32 34 33 19 23 37 63
35 61 34 32 33 71 63 53 23 37 24 36
33 65 71 32
32 34 62 33 20 19
2 38 33 34 32 63 52 19 71
32 27 35 1 20 34
42 1 34 32 6 62 44 20 36 33 35 74 71 19 65
2 34 33 32 61
35 32 71 62 34 61 33
34 35 21 32 71 63 62 19 61 33 53
33 34 71 32 35 63 67 37
33 34 24 71 21 32 19
19 71 32 21 34 36 62 67 35 61 20 33
2 1 71 32 34 62 20 19 56 22 63 54 53 33 42 61
34 32 33 24 71 67 37
34 21 33
34
32 36 34
33
