1
1
93 73 48 47 94
93 1
86
48
63 72 92 74 78 38
82 92 74 78 87 94
94 82 86 55
82 73 46 94
65 1 94
76 69
82 92 87 66 72
82 74 94 77 96 80 87 92
94 88 21 83 82 92 55 75
82 74 72 94 92 85 88 83 75 64
63
55 82 65 76 94 72 66 92
92 82 36 66 68 94 93 20 65 69 46
82 85 3 66 96 73 92 94 1 46 67 76 63
82 1 73 55 92 76 83 78 65 94 27 74 16 72 38 67 31 88 63 36 46 48 97
92 94 83 76 88
72 94 84 55 92 65
83 82 88 85 94 92 93 47 74 65 51 46 36 87 63
93 94 92
82 94 92 95
82 16 96 92 94 72 1 3 74 36 97
88 82 92 95 94 83 72 76 73
94 93 92 82 95 97 72 74 1 73 38 46 96 47
82 1 74 72 94 48 92
88 94 98 82 85 93 92 97 87 78 95 96 73
94 65 74 83 76 63 73 38 88 67 85 95 66
92 78 88 97 94 82 64 65 73 93 63
82 73 64 65 94 78 47 92 74 66 76 69 93 95
64 82 92 16 94 72 36 69 77 1 73 74 67 76 93 75 47 57
73 74 93 94 65
36 72 1 94 82 76 48 92 74 93 75 88
73 65 92 94 50 3 72 93 74
94 92 46
83 88 92 72 94 93 75 74 82 96 77 38 76 63 36
94 93 92 74 83 72 73 37 65
1 72 63
1 83 76 92 94 64 77 80 72 74 46
93 1 94 97 92 46 76 72
1
1
65 92 94
10 12 94 1 63 3 72
92 86 88 82 50 94 97 95 55 72 76 73 93 36 42 65 74 98
82 74 87 94 95 76 86 72 88 92 83 75 73 96 1 93 64 65
63 96 82 92 94 74 73 56 76
82 74 94 88 92 46 72 95 1 48 93 76 20 50 64 38 75 87 65 96 51
82 94 74 88 72 99 92
1 92 64 65 94 36 47 63
94 92 73 1 46 96
94 92 82 93 46 95 73 96 76 74 78 64 47 72 36 1
82 73 92 94 48 95 1 72 36 93 87 74 65 75 47 46 64 97 78
94 74 63 72 65 73 75 92 68 93 76 46 1 88
98 65 92 94 46 93 72 38 95 82 48 87 47 64
94 92 82 88 74 46 93 64 95 36 48 96 97 1 63 73
73 65 95 94 92 47 50 74 96 46 82 93 48 3 63 88 38 72
94 92
94 82 86 36 46 64 96 92 95 100 48 1 88 73 93 42 74 72 99
92 94 93 47 46 95 2 74 1
92 94 74 82 96 93 47 72 1 75 97 95 67 73
72 76 94 65 63 92 93 38 97 64
74 94 36 73 46 92 72 93 1 47 96 48
48 82 92 94 97 47 38 65 1 46 95 93
94 48 46 67 93 92 64 65
94 93 92 96 97
92 94 88 78 1 93 47 75 46 25 72 73
48
94 92 73 72 95 93 48 36 50 37 1 96
92 82 96 94 3 73 97 74 93
74 46 1 94 93 92 65 73 64
48 82 94 92 46 93
92 94 97 48 77 93 50 87
78 65 93 74 63 73 47 46 84 94 72 75 3 92 83 54 56 39 64 76 87 95 48 13 1
94 93 47 73 55 64 88 92
92 46 94 82 96 38 93 74 64 65 95 47 1 75
72
16 73 82 94 38 92 74 88 65 64 46 72 48 93 95 63 50 98
48
93
74 1
94 82 92 87 88 1 95 97 39 47 77 93 46 72 84 36 63 76 96 4 80 64
94 47 92 48 97 95 72
94 65 92 72 99 96 1 56 67
95 82 92 46 75 93 72 66 94
92 1 94
64 38 92 65 48 94 75 1
82 92 46 75 94 95 64 65 1 3
93 94 74 92 36 95 82 88 1 64 65 68 72 87 75 97 73
86 82 95 94 1 92 51 76 72 63 77 47 64 74 73 97 65 93
94 92 82 76 88 95 83 72
82 1 74 92 95 73 68
64 82 92 94 1 46 63 95 73 93 65 32 75 74 50 96 47 67 20 48 84 97
94 95 1 92
94 63 76 65 64 92
69 74 65 63 1 48 64 80 72 76 67 88 46 75 92 94 38
94 66 48 92 64 74 46 95 63 1 65 93 76 47 78
94 92 95 1 65 64 67
94 93 76 72 92 74 73 1 97 13 47
92 50 94 93 98 65
94 74 48 82 92 88 73 64 1 93 63 83 66 65 72 84 67 36 75
92 94 65 47
94 92 76 93
94 97 76 73 78 1 48 93 63 64
92 94
94 92 93 1 48
94 92 74 1 46 65 97 75 72 64 95 87 93 73 48 88 66 78 47 4 63 76
47 1 74 76 94 73 64 72 66 63 88 75 36 92
92 74 94 72
94 95 93 92 96
94 92 3 93 73 46 1
95 65 92 94 64 1 88
94 92 93
94 92 75 46 95
92 82 94 46 74 47 93 88 75 48 1 72 95 65 97 98 96 73 63 78 64
92 74 77 82 95 55 73 63 94 72 78 75 48 46 88 65 93 76 67 69
82 74 73 92 94 96 72 93 38 36
72 94 92 82 38 95 76 74 65 37
94 92 95 38 82 48 97 63
67 82 46 92 94 64 47 1 65 88 73 76 95 87 93
94 92 93 48 96 87 82 74 4 47 89 95 64
89 94 92 76 46 78 47 95
94 92 74 93 1 73
92 94 1 46 93 36 95 96 73 47
92 88 82 73 94 48 95 74 72 46 65 96 64
93 94 47 92 82 48 36 46 74 97 98
65 38 94 46 92
1 88 94 38 92 83 74 82 36 95 47 73 72 93
82 95 38 92 1 72 99
92 94 1 30 82 87 93 96 98 46 47 73 48 95 64 97
94 92 84 82
96 82 16 95 1 94 74 72 63 92 93 97
82 87 93 92 72 94 76 95 74 46
92 88 72
92 82 94 93 38 88 73 74 1 95 47 83
95 92 94 46 72 47 74 36 93 1 37 21 65
95 94 82 87 92 47 86 1 100 93 36 65 73 78 74
92 82 1 65 94 95 97 75 46 73 76 93 63 88 64 72 87 50 74 96
75 92 88 67 93 82 72 94 73 74 95 47 1
94 92 95 1
94 92
82 92 94 47 72 95 93 1 77 73 38
95 88 94 83 1 96 73 92 46 93 3 47 72
72 82 93 95 65 92 87 94 83 1 77 100 64 76
94 74 93 78 92 95
94 92 65
92 74 88 82 65 94 83 72 64 95 93 46 31 97 1 63
72 92 94 74 95 73 46 93 63
82 87 92 73 94 38 72 88 46 1 74 93 48 95 78 37 96
92 86 93 82 83 95 94 73 72 74 97 88
47 92 74 72 94 73 82 95 99 65 93 76 49
92 94 82 74 95 47 1 93 64
82 74 73 92 38 94 95 93
82 74 92 72 94 63 38 55 88 20 73 95 3 93 47 46 75 65 97
94 40 92 47 73 74
94 93 92 83 97 82 38 72 95 74 36 66 1 47 88 46 76 96 50
82 72 94 88 95 48 92 2 74 65 47 46 1 36 63
82 92 94 74 72 95 36 64 97 73 63 96
82 92 38 94 87 64 95 46 72 47 93 88 73
88 82 86 92 94 72 74 93 97 17 46 87 65
65 92 82 94 36 67 75 95 72
64 72 92 74 73 94 63 57 38 65 82 77 41 1 78 37 88 3 46 93 47 95 75
94 92 74
92 76
64 92 94 72 93 73
94 92 73 47 72 1 74
82 94 92 47 73 93
92 74 94 93 65 72 82 95 73 63 96 64 47
94 93 92 65 46 36
92 47 94 88 72 82 46 65 63 78 74 95 73 96 98 93 64 68
72 74 92 88 64 94 87 46 65
94 1 46 48 49 92 47
92 48 65 94 38 64
92 94 74
82 92 94 65 75 47 72 4 1 63 38
1 72 65 93 73 77 94 63 75 74 38 67 68
1
86 53 82 64 92 1 94 76 88 73 46 34 58 74 65 72
94 54 86 17 82 57 92 16 26 55 96 95 74 38 36 87 73 72 31 56 1 64 47 51 29
82 92 55 94 86 72 99 95 1 48 65 31 97
74 72 83 94 88 92 85 1 73 82 87 96 76 64
92 94
74 82 92 63 47 72 73 46 64 94 87 88 65 95 96 97 36 75 76 25 1
82 87 92 86 94 65 95 38 42
86 82 94 92 46 95 87 88 75 16 100 74 36 99 47 73
94 82 92 87 95 54 1 74
1 2 94 48 92 73 93 95
82 92 94 63 47 95 76
95 46 92
82 72 88 92 16 86 94 95 83 36 69 87 99 74 65 48 73 93 67
56 82 76 93 48 73 72 92 74 94 67 65 87 80 37 1 36 38 88 63 75 69 29
94 92 74
92 38 94 86 88 82 74 80
73 92 1 94
82 73 97 92 94 72 95 38
82 94 92 46 88 1
82 77 92 86 93 95 72 87 94 96 1 89
82 92 94 36 95 93 97
92 37 65 94
92 89 94 82 83 88 1 64 86 74 93 97 48 46 95 51 72 31 47 73
82
82 86 1 92 94 88 96 87 72 74 78 46 93 97 95
89 94 64 82 46 92 1 47 37 95 78 72
82 97 92 16 87 86 88 65 94 73 95 93 74 46 98 85 1
92 82 87 86 95 94 93 74 16 46 63 75 55 36 97 3
74 82 92 94 88 36 73 83 72 95 80 55 65
100 74 82 92 47 88 93 94 95 84 72 77 73 86 76
82 88 94 95 92 72 93 73 38
36 92 77 1 93 56 38 63 75 94 95 74
82 72 41 65 76 88 92 94 77 48 74 73 85 75 38 46 4 96 78 36 93 80 98
96 72 92 82 73 36 94 38 95 63
73 82 94 92 1 74 72 75 65 36 63 64 69
82 92 48 76
83 92 82 74 85 55 94 95 64
82 95 87 88 1
88 82 92 86 89 75 80 94 83 77 76 95 36 72 38 1 3
82 87
88 82 87
86 90 82
82 1 65 87 77
65 67 63 76 77 72 66 68 80
82 86
82 55 63 1 77 65 87 4
86 82 87 76
82 86 55 89 88 87 1 72
82 86 95 92 72 88
88 94 92
89 82 86 85 88 95 87
92
86 82 1 87 92
82 86 89 30 46 87
22 73 86 74 72 68 67
86 82
82 1 86 17 72 64 87 56 29 22 76
1
82 65 73 77 66 67 63 1 74 80 20 70 76 69
82 86 54 53 28 22 77 72 74 88 65 63 3 79 48 76 67 87 56 75 64 80 73 1 68
92 82 64 73 86 1 94 74 76 93 96 88 38 3 72 65
65 64 82 92 72 94 67 77
86 87 72 47 92 46 94 82 65
94 92 46 63 67 64 95
86 82 92 94 1
82 86 94 74 92
82 88 87 86 94 38 92 46 72 77
86 82 92 94 47 87 95 93 36 42
80 92 72 78 94 65 75 74 77 64 73
80
86
1 72 65 74 63 92 67 64 94 73 66 77 78 88 48 46 38 80 2 76 97 98 3 93 75 47 49 36 70
96 94 92 48 93 63 64
65 1 38 36
64 75 65 1 76 77 72 74 97 68 69 63 94
94 72 92 64 88 65 68 66 74 84 73 63 1 96 80 48 76 93 47 38 36 97
94 65
92 94 95 93 46 63 48 74
94 65 85 72 92 97 64 46 73 63 74 1 93
94 92 96 97 93 73 40 65 48 46 74 36 75 49 63
92 94 1 72 64 63 38
95 93 1 92 46 75 94 72 64 63
95 1 92 94 83 64 63 74 48 82 75 46 72 100 47
97 74 92 94 72 38 96
92 94 85 95
94 93 1 48 92 46 74 73 88 72 78 50 65
73 93 74 94 1 92 36 64 63 65 72 97 2 76 48
92 94 97 93
94 48
94 92 1 48 46
94 92 88 63 48 69 93 4 64 36 46 74 65
94 92 96 65 1
92 94 47 96 74 48 87 46 97 95
97 94 92 82 72 88 93 48 46 38 65 74
92 97 72 94 50 93 36 47 2 65 74 1 96 98 82 4
88 94 1 96 76 92 95 74
95
74 55 94 63 64 93 1 92
92 1 94 93 47
72 74 77 94 65 93 92 82 1 64 87 73 95 96 97 36 47 69
94 98 47 82 92 74 65 72 97 73 96 48 93 46 49 63 76 64
82 92 1 94 65 73 95
95 94 92 3 93
64 92 93 46 47 94 95 74 96
1 63 47 92 76 97 69
94 92 46 47
92 93 46 94 63 47
94 92 96 48 97 36 72 47 73
92 94 93 51 1 46 73 47 48 98 50
94 92 87 72 73 74 46 64 96 47 48
63 92 94 1 82 72 96 93 46 98 73 47 74 78
92 94 1
1 93 92 65 100 88 63 82 47 73 94 64 97 36 48
73 82 92 46 65 47 94 87 64 72 1 93 36 74 38 48 95
1 65 94 64 92 48 97 47 46 50 66
74 48 93 94 46 40 65 92 95 97 84 1
94 92 65 48 63 64 73 68 97 1 93
82 94 97 93 92 47 65 46
94 96 92 66 65 64 3 1
1 74
97
92 94 74 95 93 47 48 46
82 73 98 92 72 65 64 100 97 94 38 63 36 75 93 74 1 85 95 47 78 46 96
94 82 72 92 46 74 1 73 75 95 93 19 97 65 96 38 64
97 94 95 74 82 93 92 83 96 46 98 72 73 65 78 1 50 47 2 64 48 63 87
47 92 77 96 94 1 73 95 63
82 92 94 95 1 47
92 64 94 95
94 92 95 96 46 93 51 49 72 50 48
92 73 94 48 93 64 72 46 95 74 96 1 47 51 98
94 93 92 65 63 74 96 1 46 95 64 97 98 48 36
94 92 46 93 99 73 74 72 96
74 94 82 92 72 93 73 97 96 47 64 95 65 78 48
94 36 64
94
94 95 92 96 74 72 88 97 73 65 87 93 48 46 64 38 1 75
93 72 92 94 82 50 73 88 1 77 46 74 87 95 98
73 82 94 46 74 72 47 92 93 96 97 78 57 48 1
92 72 94 82 74 63 47 96 97 50 93
72 94 92 48 93 88 74 46 95 73 97 75
92 82 63 94 88 93 73 46 74 36 95 65 64 72 97 76 47 87 50
82 63 46 94 93 92 74 64 95 67 47 73
82 92 48 94 50 96 72 64 74 76 73 93 65
95 93 63 7 92 94 64
82 16 92 95 94
92 64 82 66 72 74 94 93 1 50 65 68 36 37 67 73 63 58 46 40 86 78 2
92
94 92 95 65 73 93 3
65 93 92 94 88 82 72 95 51 73 78 74 98 2 47 96
81 1
1 82 92 95 75 46 94 93 97
64 1 92 65 66 67
92 82 1 30 87 65 72
83 94 64 92 100 72 82 65 1 74 93 88 95 47 63 77 96 97
82 83 93 94 92 97 1 73 3 99 88 87 95 48 65 96
92 82 48
87 1
63 48 92 46 1 94 65
97 72 74 92 82 48 95 46 94 93 64 96
93 94 92 100 95 97 46 47 73
92 94 93 97 1
92 64 95 74
92 95 94 48 64 82 93 46
96 65 94 74 73 86 92 93 97 46
94 92 46 95 98 48 73 74
82 93 65 73 29 94 92 72 74 83 96 95 101 48 78 46 100 49 88 64 63
92 94 78 82 95 47 74 72 1 63 37 93 73
92 46 94 96
92 94 96 86 93 65 73 72 74 76
94 92 82 74 96
82 94 1 74 92
48 94 92 95 96 73 67 74 93 50 46
92 96 94 48
82 92 94 69 97 73
97 94 92
36 92 94 47 95 93
92 99 94
82 94 1 92 97 64 55 76 86 72 74 95 96 46
86 94 82 92 73 74 93
92 82 49 94 100 37 47 97 55 77 72 87
92 82 64 83 72 1 87 16 77 94 74 93 86 73 76 63 65 31 75 26 48 42 78 4 69 97
82 86 76 48 56 87 26 72 54 1 64 65 77 67 80 5
92 63 94 65 97
82 94 93 1 46 72 66 63 78 65 92
92 94 47 64 48
1 70
92 93 1 94
66 70
93 46 48 1
92 93
46 64 92 1 93 65 94 47 48
72 63 92 94 93 65 64 46
94 93 92
1 67 82 47
82 92 94 1 87 95 36
82 92 86 64 87 95 1 94 3 67 4 74
82 83 92 87 76 1
92 82 94 87
86 17 82 83 88 95 92 1
82 86 87 92 1 95 76 85 46 63 74 94 97
92 48 94 93 1 96
97 93 96 94 92 95 74 1 65
93 82 92 94 65 96 97
94 82 1 92 95 93 73 74 87
94 87 93 1 92 48 74 73 97
82 94 92 1 74 93 97
76 74
73 92 94 74 46 93 64 96
82 47 94 92 65 93 1 46 50 48 64 95 73 36 99
92 46 94 47 72 73 96 1 74 64
92 94 64 93 72 73 95 74 96 46 48
94 92 48 78 96 74
94 92 64 93 73 75 66
73 93 94 1 64 97 92 72 74 47 65
82 95 92
86 82 95 87 89 92 63
82 86 92 89 99 87
82 89 86 95 92 36 94 97 16 88 1 48 64 77 87 100 63 46
82 74 92 94 38 95 50 93 4 64 1 73 72 65 46
82 97 99 1 92 95
55 82 95 86 92 47 87 46 73 74 1 72
99 82 86 54 56 72 80 1 95 89 87 100 92 36
92 87 82 16 74 95 1
82 99 87 92 86 95 1
82 1 31
82 1
82 86 87 92 95
94 1 74 92 93 46 47 98
47 93 92 46 51 65 72 94 73 64
1
95 16 82 63 92 94 64 72 1 73 65 74 76 4 37
1 94 92 74
82 92 87 36 46 94 64
92 94 65 93 74 36 95 72 1 63
92 65 94 64 63 93 46
1 64 92 94 65 46 95
94 47 65 92 93 1 46 4 78 72
94 92 93 72 86 95 64 46 73 37 82 42
94 1 46 97
18 82 73 83 48 4 94 88 95 92 74 36 47 78 37 72 100
82 92 88 1 47 72 38 94 93 95 64 96 99 46 42 100
94 82 92 64 48 86 95 47 1 72 65 93 46
82 92 90 65 94 66 86 47 36 95 93 1 42 50
94 82 92 16 65 46 72 74 64 48 76 73 36 93 47 100
38 46 92 36 82 75 69 65 94 72 74 78 93 73 95 64 47
75 82 48 94 88 55 86 64 74 92 16 65
94 68 98 92 75
94 92 82 65 48 74 98 46 93 95 77 97 99
82 92 74 93 47 94 78 63 95 64 38 73 65 46 72 97 3
82 94 46 75 72 74 73 64 88 95 92 63 83 67 93 65 80 36 54 85
82 94 64 92 95 1 88 96 36 51 74 73 47 93 46 37 99
82 48 94 76 64 74 47 93 36 72 7 92 78 67 75
48
95 82 92 63 64 48 72 94 1 78 93 21 88 73 16 65 87 3 74 47 46
94 82 92 65 64 72 93 46 74 88 95 63 73 36 4 1 56
77 72 48 67 36 63 76 68
94 92 82 46 95 85 72 74 93 77 1 64 87 38 36
72 93 40 74 1 73 76 94 65 64 92 48 78 67 57 7 77
94 92 82 73 3 72 65 74 38 87 95 36 47 76 86 67 5 93 63 46 77 1
65 92 82 94 63 72 95 1
87 82 86
82 86 89 87 16 56 17 54 1 72
86 7 1
82 90 16 86 87 73 89
4 65 1
94 82 73 63 64 72 92 54 1
63 94 65 54 82 72 55 74 9 93 31 98 92 73 56 13 49 29 20 85 47
92 82 94 72 73 65 76
64 82 94 72 92 74 65 73 1 46
1 65 81 66
28 58 53 77 1 34 79
82 1 92
82 63 47 94 38 65 74 95 92 1
26 53 72 58 86 28 82 94 29 54 64 77 63 93 56 74 76 73 65 13 47
74 48 1 55 72 73 94 93 67 63 80 78 92
94 92 36 96 64 93 38 72 47 65
92 94 46 50 87
82 86 72 92 94 95 48 63 75 73 67
9 77 88 72 75 13 81 34 64
92 82 94 46 65 74
86 82 17
72 17 86 82 73 1 77 53 89 64 74 75 65 76 94 92 34 97 67
82 88 38 87 92 1
82 26 54 77 72 56 65 1 76 36
82 87 86 1 92 97 95 48 63 67 65 94 72 38
86 82 92 95 88 1 89 46 63
97 64 94 48 82 86 1 88 92 46 87 38 3
1 79 63 80
86 82 72 63 1 87 95 92 47 46
82 97 86 92 95 89 99 76 1
92 95 1 82 87 89 86 99
64 82 13 9 86 95 89 27 72 56 92 87 1 65 74 67 54 100 77 47 73 75 99 97 76 38 94 36
92 82 72
86 82 1 95 92 46 38 89 77 99
82 92 95 1 64 87 74 47
92 82 72
82 87 92 1 86 99 95 96 73 94
82 92 94 47 97
1 95 87 94 82 92 49 74
87 82 86 95 92 1 99 74
92 95 65 82 94 47 72 1
64 88 82 92 93 76 1 95
81
1
82 38 1
82 77 54 55 56 26 57 72 87 31 29 80 66
82 92 88 72 86 1 53 58 77 95 38 94 63
38 82 72 86 92 57 76 1 77 74 64 67
82 38 92 86 90 87 74 88 89 72
82 1
54 82 26 90 95 87 86 92 74 77 89
82 86 89 17 87 92 22 95
82 86 72 73 87 92 76 89
82 87 73 86 74 92 1 94 95 67
87 90 92 82 86 95 36 38 89 91 72
82 92 86 87 89 38
87 82 92 86 90 95
92 86 17 82 1 89 87 38 95
74 73 55 64
82 86 16 88 1 92 87 74 89 78 31 95 38 72 99
82 38 88 76 86 95 92 90 72 87 94 97 77 89 99 36 46 15
16 73 82 64 76 1 72 63 77 65 67 80 79
92 82 72 88 90 86 87 95 38 94 24 89 73 36 1 77 74 67 65 64
82 76 88 92 72 38 73 95 64 94 74 93 87 1 57 65 69
82 92 55 72 74 88 86 38 73 75 95 54 65 78 3 56 63 4 64 1 46 87 94 77 89 67 97 76
82 86 92 90 87 95 24 74 88 94 93 76 72 17 1 46 89 38 36 19
82 88 86 92 87 90 89 36 72 74 97 95 94 38 56
82 92 86 87 88 89 72 95
82 20 86 64 74 92 87 94 38 72 76 16 89 1 17
86 82 92 95 94 97 87 76 1 38 17
82 86 95 92 87 89 20
86 82 92 99 87 38 94 74 89 1 95 78
82 95
86 82 87 89 92 95 22
82 72 74 86 92 1 87 63 93 99 38 89
82 86 92 17 38 89 1 95 99 87
82 92 63 72
82 72 77 88 74 1 92 55 86 75 79 64 78 29 46 76 73
82 16 92 73 86 87 95 1 72
82 86 92 95
82 72 1 87 86 73 74 92 77 58 53 65 64 88 67 54
86 1 82 17 74 94 92 95 77 88
86 92 48 94 73 17 82 97 74 65 1 77 47 95
82 97 94 51 93 72 1 92 96 74
46 38 36 92 48 94
92
48 92 93 94
87 94 74 82 92 95 1 93 73 46 78
82 64 72 92 94 96 76 93 74 73 87 100 46 38
92 98
92 82 94 86 72 93 87 48 1 74 47
86 82 87 92 94 93 16 46 97 95 1 72 73 48
93 82 75 94 74 92 97 73 38 77 46 72 95 20 51 47 76 96 78 87
76 65 1 73 92 94 64
47 92 94 65 46 93 74 73
92 93 94 47 74 63
96 1 94 93 87 92 46
92 1 94
92 82 74 1 95 88
97 82 94 92 65 73 74 75 46 96 1 93 48
72 65 76 74 1 75 94
82 1 94 86 92 93 90 73 95 74 46 24 65 64 97 72
73 92 93 82 46 48 97 94 64 1
86 94 82 46 93 92 74 88 48 72 87 63 97 51 64 67
86 82 94 92 75 48 93
92 93 82 46 48 16 94 87 96 51 1 64 72 47 77
82 86 94 72 93 92 46 1 73 95 4
82 72 88 95 86 17 94 92 48 90 1 87 65 74 73 93 64 85 76 78 46 77 42 31 63 47 69
94 92 82 65 1 86 72 38 95 46 64 73 93 87 74 67
92 82 94 73 93 98 65
93 94 82 92 74 72 48 46 47 1
82 94
74 82 94 1 92 46 47 86 93 75 73 95 77 64 36 96
47 82 67 92 94 50 93 46 86 87 66 77 89 72 48
82 93 72 92 37 94 73 64 48 95 87 74 1 85 75 46 47 38 96 98 63
96 82 92 1
94 48
92 48 93 94
77 33 81 79 93 1
82 94 92 48 46 93 73 1 74 40 64 47
65 94 82 64 36 47 92 95 93 46 48 73 96 86
82 93 94 74 87 48 85 63 73 92 64 46 75 65 72 97
82 86 92 1 54 94 87 74 26 95 93 65 64 76 68 96 48 17 73 89 47 46 78 72 67 16 97
1 64
94 92
93 92 94 1 46 97
94 1 74 92 93 48 46 64
94 82 73 92 74 100 65 98 93 48 87
72 82 94 73 93 92 68 65 77 64 46 67 47 74 1 78
93 82 73 92 94 72 87 76 47 74 46 64 48 97 75 95 38
92 66 95 1 94
82 86 17 1 46 95 80
93 1 94 48 92 63 73 65
92 94 99 1
92 94 93 97
86 92 82 87 89
42
76
1
94
65 64 1
1
93
1
1
1 47
93
1
92
1
1
1
1 77 94 96 92 95 72 74 48 87 93 36 64 65 88
1 92 94 96 93 48 46 73
48 46 92 93 73 94 47
92 65 93 94 48
1 46 94 97 92 48
1
73
1
1
1
1
1
1
93 72 94 96 92
82 92 93 1 94 63 74 65 88 95
72 94 73 1 92 46 96 87 93 95 88 74 82 47 64 97 98 75 77
97 94 92 1 96 75 74 93 64 73 72 95
92 94 93 1 73 97
92 1 87 94 72 96 74 93 64 95 97 73
1 97 64 72 92 74 63 94 96 75 87 37 88 65 46 2 4 76
92 98 94 48 1 95 93
92 1 88
72 97 94 92 96
92 1 94
92 48 94 93
93 94 48 74 92 72 97 36 1 95
94 73 72 92 82 98 1 100 47 97 74 93 48
1 94 96 92 48 93 72 95
73 92 97 94 74 1 48 93 78 64 95
97 1 94 48 96 82 92 93 74 73
1
1
1 46 48
46 94 1 92 73 93 64 48
47 94 65 92 74 1 93 48 73 38 46
93 73 94 67 92 1 72 46 48 50
92 94 73 1 93 96 48
1 94 93 92 48
1 94 92 3 73 72
92 94 97 93 48 88 96 95 1 78
1 92 94 93
92 74 94 93 1 48 96 97 65 46
93 1 94 48
1 46
1 92 94
94 93 64 92 97 46 98 47 74
92 94 93 96 36 48 1
92 87 94 93 1 73 96 97
48
46 94 83 93 1 96 74 92 72 98 76 3 48 73 50
47 1 97 93 92 94 73 96 78 68 74 98 48 76 46 72
1 94 92 100 74 93 48 46 97 72 2 73 96 76
1 73 94 93 78 96 92 74 64 97 72 48
92 48 73 1 94 74 96 93
1
94 92 96 93 48 46 65
94 82 92 96 46 73 72 93 74 100
93 94 48 92 73 72 98 96 1 51
92 73 93 94 72 96 51 1
92 94 48 96 1 74 64 93 73
92 93 73 94 7 46 48 1 96 98
94 93 92 1 63 98 46 96 88 73 72 37
93 92 94 98 46 48 73
94 96 93 72 64 1 92 74 95 46
1 76
94 93 74 92 73 67 48 100 75
94 48 73 92 93 1 97 74 64 96 78 46
48
73 94 92 93 96 95 48 97 98 1
93 94 74 96 46 92 72 1 48 47 2
1 48 94 92 93 46 96 74 97
94 97 76 63 92 93 3 1 48 74 46
94 72 93 1 92 48 97 73 96 98
94 97 93 73 1 92 48 96 78
96 94 46 92 1 74 48 93 73 95 97 47 72 98
73 94 48 98 72 46 96 92
73 78 72 65 94 93 76 1 46 92 48 96 74 88 47 39 97
47 94 93 1 92 96 48 98 73 97 74 72 46
92 94 96 46 93 48 74
1
94 74 75 92 1 93 63 98
48 96 93 94 1 97 92 88 98
74 92 1 94 63 93 19 37 97 73 30 96 64 46
94 92 51 93 1 48 96 97 74 73 50 72
93 94 72 73 1 92 48 97 74 46 4
93 73 1 94 74 48 46 30 96 92
1 92 94
94 92 72 93 74 48 1 73 96 4 97 50 65 36 95
92 48 94 4 93 46 97
48 92 94 93 1 65 74 46 73 96 98 97 72 51
94 92 73 48 93 46 98 1 97 72 64 96
92 94 1 96 93 48 73
46 1 48 93 94
92 97 94 93 1 76 96
1 48 94 46 93
48 94 93 73 1 92 98
94 48 47 92 93 98
93 94 1 46 92 48 73
94 92 74 46 93 48 97 96 1 73
94 74 93 1 65 92 95 97 46 48 73
93 94 96 48 92 1 74
94 48 93 98 1 92
92 94 1 96 93 48
94 96 1 93 74 73 48 64 92 98 72 3 47
36 96 48 94 92 93 97 72 46 65 1
94 1 93 74 72 92 46 36 73 96 48 97 38
92 94 74 47 1 93 72 73 48 65
93 92 94 95
94 92 93 47 73 46 95
94 92 95 46 96 1 74
94 73 92 93 47 95 74 72
92 93 94 46 74 73 1
94 73 92 95 36
94 98 72 74 1 47 92 70 73 48
92 94 93
94 93 92 46
92 94 65 93
83 93 92 94 73 1
83 88
83
83 85 72
83
83
94 1
92 64 1 74 72 94 48 93 96 57 47 46
73 92 94 72 93 96 48
93 92 94 74 48 96 51 95 46
92 94 93 97 48 76 72 3 99 47
94 92 73 72 95 46 48
94 73 72 93 74 92 1 48 76 75 64
65 1 77 75 64 72 74 63
1
72 66 94 93
1 74 76
94
94
92 94 93 46 73 95
92 1 75 76 83 36 94 63 93 72 88 78 95 38 74 47 97 46 65 67 50
92 94 46 1
92 1 2 94 46 96 93 95
94 1 48 92
94 74 1 92 82 73 47 63 93
92 94 37 93 73
94 36 82 92 1 2 97 46 50 93 95 74 16
94 93
82 94 87 1 74 92 72 93 46 16
92 82 1 94 72 46 48 63 64 65 93
93
94 92 73 96 72 1 47 93 95 48 74 98 46 97
92 94 64 75 47 73 93 74 1 95
2 1 96 93 92 94 97 73
64 92 72 94 73 65 48 46 1
82 87 92 1 94 95
82 87 36 92 86 88 65 1 95 72
82 92 1 94
82 1 77 72 92 95 2 46 94 76
92 94 73 47
92 93 82 51 96 47 95 94 74
92 94 1 64 93 95 72 46
74 93 98 73 94 92 51 47 95
82 94 93 92 1 46 74
1
82 1 92 94 93 74 65 73 87 64 46
82 1 87 92 94 93
93 82 94 92 73 48 1 50 100 95
88 83 95 82 92
1 92 95 82 42
86 82 92 95 89 77 97 100 17 36 99
86 82 95 92 99 87 98 89 1 100
82 95 94 92
92 86 1 82 95 94
95 82 87 65 92
1
82 1 95 86 94 92
95 86 82 54 72 74 73 76 94 92 26 55 46 1 87 65 77 64 38
82 86 72 1 77 92 94 93 95 58 63 53
82 92 87 95 1 86 47 72 94
92 86 82 1 94 17 87 95
95 82 94 86 97 1 92 87 93
48 92 93 97 94 95 96 1 73
94 47 93 92 95 48 1 96
1 50 92
94 93 30 73 97 92
82 86 93 1 72 65 77 67 97 73 63 87 94 75 38 4 76 64 36 80
1 92 94 95
82 1 83 92 86 94 16 72 87 95
82 86 16 92 95 87 1 94 17 73
64 82 86 87 94 95 92 1 47 65 9
94 92 93 67 73 83 72 46 63 47 74 82 65 76
82 94 74 92 66 64
92 94 72 74 75 93 76 65 47 95 46
1 97 69 66 92 70
92 94 72 93
92 46 94 82 96 88 73 38 72 74 95 48 83 93 65 63 47
92 97 94 93 95 1 3 48 75
95 94 92
92 94 47 88 72 93
46 94 64 92 97 41 48
92
73 72 74 93 92 94 96 36 1 65 47 82 46 37
92 48 94 95 93 72 46 64 51
37 94 92 1 88 96 36 97 63 73 47 72 93 46 48 74 49 75
72 74 92
96 98 94 95 73 88 72 92 74 47 1 93
72 94 92 1 77 48 2 96
72 47 94 98 76 92 93 36 95 74 73
36 73 94 74 92 77 72
94 92 46 93 65 48
73 93 2 94 83 92 1 98 74 46 72
93 94 73 92 98
1
92 94 46 63 93 48
92 94 96 48
93 73 92 94 74 48 95 46 97
65 92 94 97 63 46 1 86 93 72 39 38 67 73 37 2 98 95 48 64 74 3
64 92 94 93 74 72 75 3 40
36 38 1 92 69 72 63
93
83 1 94 73 88 92 72 74 75
1
1 94 7 63 92 38 97
65 1 92 93 74
94 92 1 2 88 73 72
92 82 1 95 94
92 72 94 21 96 75 93 95 46 88
94 1 64 92 65 73 46 48 95 93
92 94 97 74 93 82 38 95 88 46 47 96
92 2 94 93 72 46 47 73
46
73 92 94
73 92 94 93 74 46 1 63 48 95 100 47
94 65 92 46 1 97 93
92 72 94 1 85 14
94 74 92 72 73 48 93 96 65
82 92 93 94 3 73
94 92 73
92 46 94
95 92 94 93 72 73 48 64 74 38 96 63 46 88 65 56 98 47 97 87 2
92 93 73 1 94 95 76 97 88
92 95 93 94 98 73 50 75
65 64 1 74 73 92 94 37 72
47 82 86 72 92
92 83 82 95 94 87 72 1 77 88 63
87 94 1 92 97
26 82 92 46 94 48 98 93
94 76 46 95 93 92 1 64 72
93 94 92 74 73 51 48 98 46 1 37 97
48 94 1 92 93
46 94 92 1 97 48 51 93 50 74
93 1 92 94 74 46 48 73
1 94 92 93 95 88 97
87 82 46 92 94 73 74 64 1 63 51 65 97 93 50 48
73 46 92 94 93 72
92 82 65 16 94 95 72 98 93 47 96 1 73 66 74
94 92 96 1 93 75
1 95 92 94
94 93 74 98 92 88 37 48 97 73 83 72 96 64 46 3 70 1 65 95
94 93 92 46 48
94 93 92 74 1 46 73 72 98
93 46 94 1 47 96 92 65 48 63 95 73
92 48 98 36 46 94 93 65 47 50 72 51 1 97 73 100 96
94 93 73 74 1 46 92 78 36 3 95 48 72 88 51 87 96 38
74 92 96 73
93 94 92 74 36 1 72 73 64 96 46 48 98 75 51 95
92 95 94 72 73 93 48 74 77 47 96 38 46 78 1 97 51 65
95 46 92 48 1 94 93 74 72 64
1 96 93 92 94 48 46 95 97 73 64 19
94 92 93 48 72 74 96 73 64 1 50
46 87 94 93 92 95 74 37 98 48 96 73 97
92 94
94 92 73 93 72 76 74 47 100 88 75
46 1 92 94 72 50 73 74 48 93
94 93 92 48 72 46 64 97 76 98 96 74
93 94 92 1 31 48 64 82
73 65 94 92 93 1 46 97 98
93 92 94 51 73 46
94 64 72 93 92 98 74
92 94 72 95 47 74 93
94 1 19 95 93 92 74
74 94 93 72 92 97
1 94 73 93 48 92
94 92 95 82 93 64 47 97 72
92 64 48 94 72 74 93 82 95 1
94 74 92 95 93 1
92 94 93 50 46 78 96 48 38
93 94 48
96 94 97 73 72 4 93 48 1 92 76 64 46
92 73 94 93 98 74 46
48 94 1 92 93 73
94 92 93 65 74 48 72 47
97 94 93 92 95 47 73
94 64 74 93 92 46 48 73 98
94 93
98 48 64 63 78 92 66 94 65 73 1 72 93 47 46 96 74 75 76 51 77 68
94 92 73 48 1 93 74 72 97 96 64 95 46 51
64 94 76 74 77 72 80 73 78
94 92 67 73
82 47 94 93 92 72 1 46 48 67 73 64
94 92 1 74 93 97 46 100 48 73
93 97 92 94
92 74 94 93 46 36 63 73 48 1
94 51 93 48 92 97
94 51 92 93 96 47 48 74 1 97
93 94 95 96 88
94 92 93 96 74
46 93 94 72 92
94 46 92
92 93 67 94 48 98 87
92 94 3 97 95 72 1
92 93 94
97 46 65 92 94
93 94
64 94 95 93 92
92 93 94 47 1 97 46 48
94 48 93 72 47 96 74 92 73 98 46
92 94 87 1 96 72 74 93 73
94 92 93 96
94 92 73 72 74
48 72 94 93 46 92 36 96 73 51 74 47
94 92 48 74 73 64
92 94 93 97
92 94 93 96
94 96 93 92 73 97 72 74
94 92 73 100 95
92 93 94
94 93 98 95 96 92 78
94 93 48 47 92 96 97
92 95 94 96
48 93 94 96 46 51 92 65 36 97 73
94 92 93 48 95
94
92 94 48 73 93 46
94 93 92 73 96 72 74
73 48 46 94 92 96
94 73 93
92 94 96 46 93 48
93 94
94 92
94 92 73 76 96 93 46 48 64 74 1
93
92 46 64 94 65 93 66 67 1 72
94 51 93 46 64 74 92
94 93 92 74
94 92 48 72 1 46 74 96 93 47 65 3 73
94 63 75
92 93 94 46 1 96 74
92 93 94 96 1 48
94 73 96 1 93 92 48 64 72 66 46 76
1 65 93
94 92 93 1 97 48 46 87
1 92 93 94
1 94 48 95 92 93 72 64 74 73 97
94 96 73
73 64 1 94 48 46 74 97 93 65 72 92 78 56
76 78 94 92 64
73 74 1 94 92 72 75 97 36 98 93 46 65
94 92 93 46 72 48
94 92 74 93 48 73 36 47 72
94 73 72 74 3 96 51 48 92 46 93
94 92 1 74 47 73 93 48 64
94 97 92 93 95 73 98 46
94 96 93 97 98 48 92 95 46 74
1
95 48 92 94
1 97 94 48 92 98 93 78 74 46
94 93 92 96 74 48 99 73
94 82 92 97 65 96 73 1 67 19 48 66 74 93 72 46 64
94 92 97 95 74 1 76 72
92 94 46 95 72 3 65 93 77 1 73
1 72 64 93 94 92
92 65 94 93 46 48 64
93 94 92 78 73 74 72 96 48 75
1 73 94 97 74
96 95 92 73 94 97
73 82 93 96 94 74 76 92
67 94 92 95 93
1 65 93 94
38 94 64 92
94 92 48 96
92 1 94 73 48 75 46 93 96 74 50
94 1 97 92
92 1 94 36 77 46 96
92 1 94 93 95 97
92 94 72 74 97 1 75
95 94 92
92 95
93 92 94 88 72 74 46 96 98 78 73 77 65 80 67 64 51 48 3
94 74 92 47 93 72 51 36 73 78 46 99 97
1 93 65 94 74 98 72 73 47 46 92 75 76 97 66 48 67 63 64 96 87
82 1 94 92 95 97 72 96 46 47 65
92 74 63 72 65 94 1 67 48 96 69 73 78 64 68 4 93 97 38 76
82 92 1 94 93 66 74 96
65 1 94 92 63 68 95 46
95 82 63 92
92 94 88 1 72 93 95 48 65 96 64
82 63 92 97 73 65 64 75 72 74 1 66 94 93
1 93 37 51 94 46
94 73 72
95 93 94 92 82 1 96 64 65
72 94 65
94 1 92 46 64
94 92 74 73 93 97 96 47 72 64 48
94 93 73 48 92 46
94 48 46
93 74 92 94 64 72 73 51
94 93 92 98
92 94 93 97
1 92 97 94 93
72 92 94 1 88 64 73 87 47 93 74 38
94 72 92 48 1 73 74 96
46 73 94 65 92 74 96 1
94 74 92 73 76
94 93
48 94 46 92 95 96 93 73
94 93 92 74 51 73 46 95 48
92 94 74 64
94 93 65 72 92 74 48 73 97
92 93 94 2 73 36 74
92 93 72 73 3 94 78 1 96 51 69 97 48
93 1 94 92
93 92 94 63 97 64 78 74
93 94 46 74 73 92 72 63 51 65 97 48
94 72 1 92 64 38 93 73 47 74
94 96 92 73 48 93 97 72 74 78 95 51 36
92 94 74 97 95 93 76 98 46 96 73 65
94 74 96 92 93 88 72 73 97 48
94 93 74 92 46 51 95 73
46 94 92 84 74 78 77 93 73 1 96 98
94 1 74 84 93 73 97 92 72
92 94 97 1 73 72 82 93 87 67 74 76 95 65 75 96 78 36 77 48 88 98 46
92 93 48 46 1 75 94 74 96
92 94 96 1 73 98 93
96 92 93 94
94 93 92 1 48 65 74 96 97 73
92 94 93 97 76 96
92 94 73 63 93 1 96 72 48
92 95 93 94 98 46 72 73
94 92 48 93 95 74
92 93 72 94 88 46 96 1 73 74
82 1 94 74 92 95 72 48 96 93 78 46 65 2 64 73 63
87 94 92 75 97 72 93 74 73 76 46 64 47
93 92 82 94 65 72 97 74 48 1 96
96 92 94 72 65 46 93 48 74 51
82 92 94 93
74 92 94 72 73 64 93 75 46 1 88 77 98 65 78 48 96 97 36 87 63 37
82 92 48 94 1 100 93 96 74 98
94 92 72 74 93 64 97 46
96 92 67 94 97 46 63
93 94 95 48
94 92 93 96 73 50
47 92 94 96 46 93
94 97 93
94 92 93 46 97
74 1 94 97 92 6 95 46 65 93 37 72
94 92 2 96 46 73
92 94 48 93
64
1 94 92 93 46 74 64 73 37 48 76 97 96
74 94 96 92 73
94 92 93 48
94 92 95 74
65 97 92 94 93 64 72
92 73 94 93 63 84 36 96 1 74 37
94 92 93 65
94 92 96 1 97 93 73
72 97 94 92 93 48 74
94 73 92 50 1 74 48 93 66
94 73 92 96 97
92 73 94 93 96 48
46 92 94 93 98 50 48
94 92 47 96 73 72 97 1 74
94 92 73 93
94 92 93 97 36 74 51 48
1 94 92 96
94 92 82 83 93 46 1 88 97
82 94 93 92 1 97 48 72 47 74
76 64 94 93 72 92
93 94 48 92 74 97 73
92 78 94 47 72 73 93
92 87 93 47
94 98 93
51 36 97 94 92
66 68 74
63 46 94 92 93 67 84 1
96 97 72 94 92 73 93
92 94 93 97 96 48 64
93 46 94
93 38 63 94 92 73 64
74 92 4
92 97 94 93 95
72 92 94 93 46 97
48 94 73 92 93
94 92 93
94 92 1
74 92 93 94
74 94 48 92
92 73 94
92 95 94 93 73 1 96
94 92 49 97 1 93
92 4 73 94 74 93 55 48
74 97 96 92 98 94 93 48 46 100
92 93 94 72 96 97 46 73 1
92 94 96 93 73
92 93 65 94 96
92 93 94 95
88 96 94 72 63 73 74 93 92 78 97 48 36 76
94 65 93 92 67 1 63 73 97 75 87 46 48 95 76 64 78
1 70 66
74 94 92 64 46 1 72 96 93 47 97
93 92 1 98 94
83 65 1 74 92 46 64 93 77 73 72 94 76
92 94 95 1 48 72 93 65
93 1 48 94 92 72
94 1 92 46 63 37
94 92 70 93
92 1 94 93 74 46 72 73 47 48
46 1 92 93 48 74 94 64 65 67 77 73
94 73 93 95 92 97 96 1 74 72
93 94 46 48 92 47
96 94 73 92 48 46 93
1 92 94 65 69 93
1
93 48 1 94 92 74
46 92 94 48
47 93 82 16 95 1 94 72 96 48 92 74 73 46 98
1 92 93 49
1 94 2 93 96 48 92
1 93 92 94 47 96 46 72 98 63 64 97 73 48
93 94 92
73 47 72 94 93 92 74 46 48 1 97 95
1 73 94 92 93 75 72 64 95
94 93 92 72 74 1 96 46 51
1 93 94 48 92 65 3
97 94 92 93 74 47 76
93 48 94 1 64 92 73 72 95
1 72 94 46 96 92 93 73 48 47 78 74 97 37 95 65 98
94 92 73 93 78 1 97 72 64 74 48 98
92 94 46 1 97 93 98 48 64
1 73 92 48 94 93
94 92 1 93 74
1 93 72 46 47 48 92
94 1 48 93 74
1 48 94 93 74 73
1 48 94
93 1 73 46 74 92 94 48
83 1 93 78 92 63
83 1
73 1 74 48 94 92 93
94 93 1 48 85 72
93
94 73 1 93 92 46 74 72 77 48 97 47
98 94 1 97 48 92 93
92 94 93 72 96 3
94 92 76 72 93 36
48 93 88 73 96 97 47 92 94 98
92 96 93 94 48 88 97 65 51 21 1 73 98
94 93 67 92 46 1 73 74 47 96 72 48
46 1 93 92 94 48
92 74 94 1 93
92 94 93 1 46
1 92 94 93
94 93 92 1 48
93 1 48 92 74 94 46
1 93 94 48 92 47 96
94 48 74 92 82 98 72 95
94 93 1 92 72
94 93 92 1 73 95
93 92
1 92
1 94
94 48 92 46 97 93 1 47 36 74
73 1 94 48 92 96 93 64
93 48 92 94 4 47
48 94 46 93 65 76 73 97 92
92 1 94 47 48 72 93 98 46 74 73
93 94 92 1 48
1 94 92 37 4 93 95 48
1
1 47 92 94 74 93 46 48
1 46 93 94 92 74
92 94 1
1 46 94 92 96 93 64 74
1
92 1 94 93 72 48
92 93 48 84 94 72 1
93 92 94
92 72 74 94 1 93 36 65 64 82 96 73 48 46
48 1 94 93 92 74
94 92 1 93
92 94 1 93 74 97 72
94 92 1 93 48
93 95 94 65 92 1 97 72 74 64
48 92 94 93 97 74 1 73 72
1 92 94 96 48 93 46 95
92 72 1 48
92 94 1 74 4 93 72
1 92 94 65 93
93 94 74 97 72 92
72 1 93 92 94 95 74 73 65 48 46 66
94 93 1 95 92 72 73
94 92 1 72
92 73 93 1 94
94 92 93 65
72 1 94 93 46 74 47 92
93 92 94 72 65
92 94 96
92 94 1 48
92 1 94 46 36 72 93 95 73 74 64 48
74 93 1 95 73 94 92 48 65 72
1 92 94 93 46
1 82 93 48 94 74
94 92 1 48 64
92 93 94 1
1 92 93 94 73
93 48 1 92 73 94
94 93 72 1 92 48
1 94 93 92
93 94 92 1
1 92 94 93 73
94 93 88 92 1
94 1 93 92 65 46
92 1 94 65 93
92 93 94 95 72 47 48 87 1 74
1 94 92 93 48
92 94 1 93 74 48
72 1 92 47 46 94 93
92 1 94 47 36 93 65 48 64
94 92 48 1 95 98 93
92 93 1 94 48 46 47
92 94 93 1 74 73 87 48 36 72 98
92 94 1 48 93 99 36 96
1 94 93 92 72 95 63 64
76 92 94 1 93 48 47
93 94 1 92 48
47 1 94 92 93 73 46 48 37 5 74
92 93 94 1 47
94 92 73 1 93 67
1 93 94 92 72
92 82 83 94 1 65 64 75 95 97 74 76 72 93 3 36 98 88 46 48 38 73 87
72
92 75
83
83
48 1 73
1
1 94 73 48
94 38 96 65 1 93 92 87 46 74 72 64
1 92 94 93
73 82 1 93 94 74 97 92 65 98 96
73 94 93
1 73 78 93 74 94
93
93
94
93 48 94
94 93
48 94
93
93 1
93
74 48 93 94
94 73 37 47 72 93 92 64 46 74 51 78 80 38
1 93
93
48
82 83 1 96 75 51 92 94 63 65 73 72 93 67 74 68 80 46 66
83
74 1 80 66 67
92 93 94
70
97 94 73 46 72 92 74 1 82 40 93 63 95 96 78
92 93 94
46 93 66
1 83 46 94 92 93
1 94 64 93
1 47 97 68
73 92 94 93 46 48 1
98 94 46 93 73 49 48 97
93 94 72 76 48 46 74 1 51
51 94
48 92 94 93 46 72
93
94
94 1 46 75 47 36 48 50 65 93 92 96
1 94
82 1 94 92 93 48 64 74 47 87 73 46 97
1
1 78
1
92 94 37 72 46 74
92 94 76 64 69 70 74
1 68
94 92 82 83
46 92 93 82 94 74 1 76 72
92 94 75 74 46 95
82 94 92 95 47 74 46 1
82 94 92 72 64 99 93 46
94 1 92 46 95 74 47 93
92 93 1 82 65 73 94 68 95 64
1 92 3 94
48 93 94 92 73 96
74 94 92 93 72 85 73 55 76 75 65 57 78 96 95 63 77 46 1 64 38
92 73 93 94 64 72 77 98
92 94 46 87
94 92 1
46 92 1 95 73 93 48 94 74
92 94 83 72 65 74 93 73 1 75
92 93 94 74 38 72 73
83 92 94 96 36
92 93 48 94 95 38 65 75 72 46 78 73 74
46 92 94 88 72 1 95 74 82 73 64 78 97
92 64 94 73 93 75 74 72
94 92 95 72 93 73
83 95 74 92 72 94
92 94 93 82 83
92 83 94 93 74
82 72 94 73 92 93 16 77 74 65 64 48 38
74 76 88 92 94 73
94 72 93 92 77 74 73 76 65 96 55 64 3 31 46 97 68
1 93
94 1 82 92 95 73 93 47
92 82 94 93
92 95 74 94 1 93
92 94
94 92 48 1
93 86 92 1 96 94
82 94 92 1 74 48 95 72
94 95 93 82 46 96 1 92 74 50 47 48 72
94 92 74 93 96 46 1
92 94 73 93 65 75
94 97 93 92 73 46
94 95 48 92 74
94 97 92 1 80
93 97 94 92 47 82 37 1 65 64 46 95 100
64 92 94 65 76 82 1 73 93 95 99
97 94 82 92 47 73 46 87 48
92 93 73 47 94 46 96
83 82 94 76 92 1 63 74 93 47 72 65 96 73 46 64 36
94 1 46 63 96
94 46 1 92
92 82 94 74 47 1 97
82 92 1 94 93 46 97 16 64 96 95
46 92 1 94 74 73 75 93 96 95 63 97
94 1 92 76 46 74 48
72 92 94 88 93 74 48 64 46 36 87 1 96 65 47 73 95 63 83
92 94 47 78 82 72 73 93 46 97 74 64 75 38 1 48 65
73 94 72 93 92
92 93 94 82 76 64 73 1 74 72 97 96 38 98 47 78 65 48 46
94 74 73 95 92
94 93 92 47 98
94 93 92 48
74 94 72 46 93 48 82 73 92 87 97 96 77
94 47 95 73 93
93 82 94 46 92 1 47 74 16 98
92 73 93 94 72 78 74 48 98 38 84 76 50
74 92 94 93 73 46 48 72 82 39 36 64 51 95 5 96
94 48 92 93 78 97 73 95 72 36 46 74 2
82 93 94 48 92 46
46 94 72 92
94 93 46 92 47
93 94 48 50 92 74 73 96 46
93 94 92 73 98
92 94 73 1 46 72 67 93
93 92
83
82
1
1
1 94 65 93 92 36
1 92 94 4 46 64 93 72 74 68 73 75 48 67 3
92 1
1 66 69 46 65 64 67 92
94 1 72 93 74 92 95
96 94 92 97 93 95 74 1 98 48
92 94 67 93 65 98 73 72 97 1 64 74 48 95 96 63 46
94
1 83 93 63 78 64 65 72 94 3 74 73
94 93 48 96 92 72 78 73 74
92 73 94 74 93
1
96 94 48 92 72 46 74 73 93
1
1 46 94 92 98 93 73 72 74
94 73 1 92 74 93 47 48 97 36 72 64
92 82 94 95 48 1 93 73 96 63 72 46 74
92 48 94 93 46 97
94 92 69 64 46 95 1 93
93 47 1 94
72 73 94 77 92 93
94 1 92 73 93 74 47 63
1 94 93 92 97 74 96
87 73 92 65 46 94 77
94 93 1 78 46 72 74 64 92
94 93 92 48 74
72 48 64 1 93 94
93 94
92 36 94 1
94 93 36 98 74 92 48 72 96 47 73
92 94 74 93
92 51 94
94 48 92 93 65 46 73
92 93 73 94 1
92 1 74 94 93 73 46
97 94 46 92 72 93
72 94 73 92 93 50 75 95 96 46 1
92 1
94 92 47 48 93 73 1 72
94 48 92
98 93 94
49 94 95 92 74 73
94 92 96
1 93 94 73 98 64 48 75 92 46 96 74
94 92 74 73 72 75 93 1 65 76 96 97
95 94 93 92 73 46 74
74 94
94 74 92 96 51 93 72 97 50 73 46 1 95 65 64
94 74 92 38 1 64 96 48 95 73 46 72
74 93 73 94 92 46 72 1 97 48 67 96 70 40 64
1 97 93 74 64 73 69 94 72 48 65 63 66 4 92
93 94 92 46 1 97 48 74 73 100
94 73 72 92 93 1 48 88 47 65 95 74 96 77 64 36 51 97 63
94 1 48
63 64 65
94 93 1 97 92 48
94 93 48 1
94 64 1 30 65 92
75 94 72 48 92
94 92 48 1 93 97 46 72
93 92 1 100 72 48 65 94 46 73 95
94 46 73 92 93 38 74
93 94 92 47 1 46 73 72 65 48 74
92 94 93 48 95 72 65 46 56 74 1 97
47 93 94 92 46 73 72 48 98 96 95
38 94 93 47 51 1 92 95 87 97 74
76
94 93 78 92 64 95 51 46 72 73 74 1 48 63 38 65 96 75
72 98 74 94 73 93 92 1 78 64 97 47 96 75 76 48
46 72 88 92 94 87 77
93 98 94 92
94 64 92 46 50 93
92 72 93 94 73 95 36 48
72 94 74 76 93 92 46 48 73 4 100
94 98 65 93 48 92 1 74 95 97
92 74 72 94 93 75 65 48 77 73 87 96
93 1 94 47 92 46 72 51 74 97
94 92 95 96 64 93 46 72 87 97
94 92 97 74 87 46 73 1 93 96
94 92 73 72 97 74 46 98
93 92 94 64 97 36 73 98 38 96 48 63 74
94 92 97
94 97 92 74 72 96 93 73 65 47 1 75
72 94 73 64 65 92 93 84 51
92 74 94 93 96 1 48 97
92 93 94 74 97 1 48 72 46
92 94 48 46 73 93 63
94 92 98 93
93 94 4 92 96 73
1
94 92 97 93 48 75 73 74 95 72 98 46 63 64 47
72 47 64 1 74 94 92 93 73
46 92 94 93
94 92
94 93 92
94
94 93
94 93
72 74 94 87
94
92 94 93 46
88 93 94
94 1 93
94 74 92 72
94 72 92
94
94 92 93
1
1
1
82 92 94 73 93 1 48 65 72 74 47 78 76 96 97 95 39 46 77 64 98 51
97
94 1 92 93 48 95 64 97
83 1 94 92 96 74
1
93 92 64 1 72 94
94 93 92 74 47 1 48 95 72 73
74 92 93 72 94 48 46 1 73 96 97 36
92 94 2 93 72 73 48 96 95
93 48 94 92
65 94 92 48 73 93 1 82
94 82 93 1 92 73 95 48 97
92 95 94 93 82 72 1 47 98 74 97
94 92 87 1 93 72 38 97 74 98
47 93 92 74 94 1 48
83 82 1 92 94 63 73 93 72 65
92 93 73 94
1
93 73 94 1 48 46 92 74 72
1 48 46 92 93 94 97
48 94 93 92 1 74 84 72 73 98 46 95
93 94 92 46 48 65 47 73 96
48
1 93 94 48 46
93 92 94 1 96 98 48 46 63 73
94 93 1 92 48
94 1 46 48 92 72 93 95 74 37
1
1
48 94 93 1 74 96 92 97 73 75 47 98
51 94 97 93 92 73 72 1
94 93 92 46 48 1
48 94 92 75 74 97 72 93 96 46 99 1 47
94 93 1 95 92 74 96 48 73
94 93 74 98 1 73 92 48
93 76 94 98 92 72 1 36
78 93 1
94 74 1 92 48 46 93 96 73 72 97
36 94 1 48 92 93
46 93 94 92 1
92 94 1 93 73 97 48 96
94 93 92 1 74 95
93 1
92 94 97 1 93
94 92
1 83
83 1
1 92 93 94 46 98 95 96 48
94 93 92
94 92 93 73 98 65
93 92 94 46
92 72 93 94 73 48 74 75 96
94 93 74 97 92 72 73 1 48 95 3 96 47
48 94 93 92
92 94 96 48
48 94 30 93 36 72 74 73 92 64 1 46 65
46 94 1 93 48 73 65 92 96 74 72 95 3 98 64 51 63 47
94
4 93 48
1
94
94
94 93
1 93
93
1
1
88
48
93
93
93
1
65 92 1
39 76
94
1
94 93 98 1 72 92
96 97 93 48 94 92 73 98 74 72 88
94
94
92 94
94 92 1 72 96 93 74
96 92
94 93 46 92 74 48
1
1
92
92
48
48
93 98 48 47
92 48 72 50 73 87 64 63 3 95 76 74 93 94 1 98
94
93
1 46
1 92 93 48
48 46
94
72 92
1
74 94
46
93
1 93 48
93 1 48 94
93 1 48
93 1
1
1
1
1
1
1
1
93
1
92 1
94
92 1
1
1 92
92
1
1
72 94
82
1 63
1
47
1
1
1
1
1 72
1
1
1
1
1
1
1
1
94
1
92
1
1
46
1
94 1 92
1
1
1
93
1
1 94
1 93
1
1
1
1 92 72
1 93
72
1
1
1
1 93 48 46
1
1 93
92 1
92
1
1
1
87
92
1 63 92
1
48
1
1
1 65 46
94 1
1
1
1 93
1
1
1
74 1
1
1
1
1
1
1 72 94
1
1
92
1
1 92
1
94
47
97
94
1
