82
63
1 92 93 65 76 73
97
1
1 75
1
65 1 78 92 64 72 46 94 95 74 93 63 73 83 77 67 68 88 38 66 96
94 92 1 87 93 46 97 64 72
94 93 92 97 74
1 69 46 68 65 92
65 64 92 94 36 48 76 74 95
93 1
1 93 51
93 94 1 96
92 48 1 65 94 96 74 93 51 46
94 92 49 46 72 73 95 74 65 96 93 63 1
94 93 72 73 92 64 65 1 48 46
82 77 94 72 92 64 96 74 93 46
92 94 95 74 73 93 72 1 96 97 46 48
94 46 72 92 73 1 93 97 74
1 92 94 46 47 64 93 73 95 96
39 92 3 72 94 97 65 74 1
72 38 92 73 48 94 93 1
72 64 1 94 92
92 48 94 93 74
1
92 1 96 94 54 48 46 97
94 47 97 92 48 93 73 96 74
74 96 92 94 1 93 46 73 76 72 78
72 94 46 73 1 64 74 92 76 93 67 47 75
94 48 93 96 92
92 64 94
94 64 92 96 74 48 97 73 93
46 92 93 94 65
94 97 92 1 93 72 96 73 74 98 47
93 94 73 72 46 96 63 92 74 47 48 65 3 4 64 97 1 75 51
1 73 47 48 46 94 92
48 94 96 74 64 92 73 93 3 80 38 72 36 1 47 46 78 76 97 98 63 50
94 73 74 92 72 48 93 1 95 36 96 97
65 94 96 92 93 97 19 48
97 94 92 72 93
42 92 39 87 64 94 65 97 96 95 93
97 94 92 93
94 1 92 65 48
96 94 97 93 1 92 46 39 73 48
1 48 93
92 93 97 96 94 1 48 46
94
94 92 73 48 93 65 96 1 46 95
97 92 46 1 94 48 73 93
94 92 93 74 65 73 96 51 2 46 48
92 94 1 93 67 46 97
74 48 93 94 92 46
46 48 93 1 94 92
1 48 46 94
1 48 92 97 94 93 46
92 94 1 48 93 72 46
93 73 94 48 97 92 46 4 96
1 94 92 96 48 93 98 74 46 72
93 48 37 46 92 97
74 92 96 94 93 1 46 48 97
1
93 96 94 92 46 1 73 48 97
1 98 97 93
93 94 47 73 46 74 92 96 1
94 97 92 93 74 96 1 64 47
92 74 94 48 46 93
94
92 94 96 98 93 1
99 92 95
92 94 1 73 64 65 97 78
72 92 74 73 94 1 49 36 50 98 68 93 63 48 75
83 82 92 94 72 38
94 46 47 93 48 92 74 72 96 73 51 98 1
83 88 92 46 72 64
82 1 92
1 97
92 94 74 93 46 96
65
93 94 1 48 97
94 1 73 93 48 92 97 46 47
93 92 1
94 92 93 46 48 1 51
1 94 74 97 92 64 47 46 93 48
1 47
93 94 92 48 74 73 76 46
93 94 92 74 46
74 1 94 92 72 93 73 36 48 96
94 1 47 92 93 97
93 94 46 1 72 47 92
94 1 93 48 46 92 47 73 74 96 36
94 46 93 48 73 1
92 93 94 72 46 97 73 1 48
94 93
94 92 72 1 93 75 37 95 98 3 74 47 48 73 50
99 95 94 64 74 73 92 1 63 97 96 93 46 38 72 36 65
1 46 93
94 46 92 1 93 73 96
48 92 94 65 46 64 93 1
92 73 93 94 97 46
92 94 73 47 46 64 93
92 94 73 1 93 72 46 97 47 64 96
94 74 92 98 1 73 72 93 65 38 48 96 77 95 8 37 63 46
94 46 92
95 94 1 46 93 92 73 36
46 64 92 93
97 94 93 92 1 64 72 46 65 47 48 73 74 63 50
92 65 72 94 95 97
47 94 93 74
1
54 74 26 65 63 72 94 64 92 56
94
94 93 72 92 98 46 74 96 97
92 94 93 96 1 97
94 93 96 92 78 64 48 50
93 94 65 46 92 97 48 96 73 1 78 4 63 64
4 94 65 92 93 95 73 48
72 74 94 92 36 73 93 76
1 65 94 74 93 92
92 96 1 94 95 93 73
94 92 93 87 96 1
93 65 94
93 92 46 94 74 95 96 1
93 96 94 74 72 92 97 48
48 94 46 92 74 36 73 64 65 1 2 38 37 72 96 93
94 93 73 96 48
93 94 73 96 47 92 97 74 1 95 48
48 1 92 94 74
92 94 74 96 72 73 93 48
72 92 94 73 64 65 96 93
94 65 73 64 92
92 94
92 95 93 65 94 47 1 97
82 96 92 94 95 64 1 93
73 92 82 94 93 95 97 46 87 72 65 38 64
76 94 65 92 97 72 73 96 95 75 74
74 94 93 92 46 72 1
92 36 94 46 95 93 47 1
92 74 1 95 94 49 64 65 88 96 47
92 94 76 95 72 1 74 64 73 65 36 82 46 47 63 97
92 77 74 95 94 72 93 73 76 88 46
82 58 76 65 74 57 8 72 94 93 77 64 56 47 80 75 73
92 94 74 93 72 96
94 74 95 92 84 30 73 46 72
92 1 72 67 63 80 82 65 77 87 74 36 76 37 64
92 94 95 1
92 73 94 88 74 82 72 93 95 78 97 65 1 64
46 94 72 65 47 92 76 1 73 64 74 93 97 51 37 63 36 75 98 48 87
82 1 73 67 93
47 46 1
47
47
47 94
94 92
92 93 94 74 96
94 1 93 74 46 92 72 64 48 67 73
82 94 92 72 38 74
94 95 92 74
36 38 82 92 72 94
65
92 94 74 36
92 94 72 73 95 1 93
92 94 95 46 93
74 82 94 92 72 73 36
92 82 94 74
92 94
72 94 92 73 46 74 95 48 1 38 44
92 73 94 93
92 46 94 95
94 92 95
92 94 95
92 74 95 36 48 94
92 38 78 73 74 36 72 94 66 95 1
92 73
92 95 94
94 92 95
94 82 92 95 73
82
94 95 46 92 38
92 94
82 92 94
82
94 92 46 36
92 94
82 92 72 83 85 94 74 36 95 38 1 47 65 93
92 95 94 74 72
83 73 92 94 95 82 57 93 75 31 72 74 42 38 36
92 94 95 72 38 80 74 36 73
80 95 94 92
92 94 1 95
38 94 92 95 74
92 94 96 47 95
92 95 94 93 42 74 46
92 94 95
83
95 92
83 92 57 72
92 36
95 94 92 38
92 93 72 94 95
92 94 95 93 4
92 94 36 73 95 93 3 75 38 42
94 92 95 74 72
92 94 93 72
94 92 95
92 95 94
92 93 72 94 73 95
92 94 95 72 2
92 94
92 94
94
95 92 93
95 92 94
94 92 95
1
92 94 72 38 1 36 42 93 74
82 86 64
92 94 93 74 73 76 95 96 36 38 72
82 87 88 92 83 72 46 95 1 99
82 95 86 74 1 87 92 94 99 46
82 63 95 92
83 72 74
82 65 77 83 85 63 64 72 1 74 76 87 80 95 75 66
82 92
82 86 99 92 95 42
82 89 95 16 76 72 92 1 73
82 86 72
82 86 83 88 92 1 87 76
1 82 86 92 72 16 83 88 17 87 77 95
82 86 46 87 2 95
82 1
83 82 72 28 58 53 88 26 55 1 77 79 76 92 54 87 64 74 31 56 75
82 74 26 54 56 72 29
86 82 92 87 1 72 74 17 95 38 65 77 68 94
82 1 83 86 87 88 72 89 74 99 85 4 63 76 64 94 77 80 47 65
82 72 54 80 89 77 56 87 75 65 78 94
83 86 82 17 87 85 88 1 94 99 92
82 86
82 89
86 82
82 86 94 83 57 87 1 27 92 72 97 95
1
76 72 77
48 72 1 92 98 94 93 73
73 1 48 92 94 64 93 46
54 1 93 42
1 82 53 58 72 65 76 77 92 94
1 94 46 73 51 92 93
92 76 93 1 94 48 72
1 86 82 74 92 94 87 72 93 46 95 73
1
1 82 86 94 92
82 1 85 16
82 72 86 83 1 92 94 87 48
82 72 1 86 74 92 63 87 95
82 83 1 86 88 72 76
1 92 94
1 82 97 48 92 95 64 94 46 93 72
82 93 1 92 94
83 82 87 1 16
82 1 93 65 92 86 83 94 85 95
82 83 1 92 94 72 88 87
1 83 82 72 92 77 47
83 1 88
83
1 88
1 88
94 92 95
82 95 83 92 94 38 72 74 73 77
1
1
92 94 82 1 65 64 48 38 93 37 98 46 47 75
1 50 92
46 73 78 93 94
92 50 94 96 93 1
74 92 94 73 48 64 93 96 77 46 97 72 51
1 72 92 94 65 63 73 77 76 68 74
82 92 94 1 65 73 93 38 96
97 1 64 92 94 72
72 82 92 85 1 48 94 93 47 73 95
82 94 92 1 64 46 36 96
74 94 82 38 92 73 49 64 72 93 1 96 97 46 47 65 48
92 1 94 74 97 93 47 73
82 73 94 65 92 95 50 46 16 74
1 92 82 94 50 73 74 93 46 97
94 82 92 65 75 95 93 64 74 1 96 46 76 73 47
82 92 94 64 83 74 95 1
82 66 1
82 92 95 94
95 92 94
92 95
95 92
92 95 94
94 74
92 95 94 73 93
92 94 95
46 94 92 93 95 47
92 95 99 94 64
92 94 95
94 92 95 76
92 64 38 94 76 74 95 72
92 94 95
92 94
94 92 47 93
92 94 95 99
95 92 94
92 95 94
92 94 93 72 95 76
92 38 95 73 94 74 72 64 76 1 78
4 92
76 88 72 1
94 82 47 92 3 48 95
94 82 74 36 92 4
92
92 74 82 93 94 1 51 50 95 73 87
93 94 92 46 74 73
94 83 95 65 1 92 93 82 72 77 4
83 72 96 92 74 33 77 94 64 93 65 97 1 54 73 75 58 67 5 63 88
72 76
82 92 63 72 78 95 94 96 65 67 74 93 46 51 64 48 1 37 73
82 65 97 92 1 48 16 95 94
92 95 72 94 73 1
94 92 95
94 92
94 92 99
94 92 38 96 1
92 94 95 73
94 92 95
92 94
92 94
94 92 95
94 95 92
92 94 46 95
95 92 94
95 86 83 82 87 63 92 94 74 26
83 82 92 1 36 72 87 94 95 64 99 74 93
86 1 83 82 95
82 83 92 95 94 72 1 88 63
82 1 83 95 92 94 63 46 93 76 48
82 86 94 1 92 99 95 74 83 96 64 97 36
95 92 82 94 97 47 73 1 46 100 86 78 93 72
83 94 72 63 1 96 77 76 74 92 46 36 93 89 64 65 68 80
74 92 95 82 46 47 97 99 94 1 16 93 87 36 72 63 64
72 1 64 63 38 97 94
1 72 87
95 92 82 83 1 46 94 38 97 86 68 73 74 87
94 92 74
83 1
92 94 64 93 96 1
83
92 83 82 93 86 94 1 46 97 95 65 37
92 95 96
92 94 48
92 64 72 94 1
92 94 83 97 1 82 73 65 74 77 72 95 50 100 37 46 47 64 93 67
92 94 64 38 95
83 74 1 48 64 65 92 72 94 68 36
83
1 92 94
92 1 74 72 47
92 74 94 93 1 47 72
92 64 1 48 94 72 46
94 46 93 92 73 95 1
82 83 88 92 54 95 36 47 56 97 100 46 1 94 38 93 72
64 65 74 75 63 93 1 78 94
94 48 2 63 67 93
48 93
94 47 65 64
75
94 46 1 65 63 72 47 75 67 66 92 93 64 48
83 78 93 48 38 94 63 92 1 76
63 65 67 1
82 94 65 92 66 73 64 95 36 93 63 67 75 51 72
92 64 94 1 65 47 63 67 66 46
83 67 63 94 88 92 65 78 64 57 93 55 76 1 46 38
92 64 1 73 46 68 94 65 69 67 97 66 76 93 98 63 50 74
76 48 94 63 93 65 67 75 66 92 74 80 73 72
63 65 94 78 69 1 76 70 92 67 66 64
66 68
1 57
65 1 72 76 73
63 66 67 72 48 36 92 75 1 65 64 73 93 76 94 43 68 38 46
92 63 65 94 46 48 1 69 73 64 70 76 96 74 67 93 47 72 78 80 83 51 66 77 56 84 68 88
63 1 68 76 36 74 93 65 80 78 69 72 94 64 75 66 3 92 48 67 77 70 73 97 56 50 39 85
36 1 48 94 51 65 73
83 65 82 94 92 63 1 36 67 66 76 70 75 72 68 64 46 48 88 74 93 50 97 69 96 98 78
83 76 92 46 63 94 97 64 65 95 82 77 74 1 96 68 73 67 93 47 72 49 66 57 70 48 69 36 75 3
1 94 65 83 64 67 92 66 74 46 95 63 96 76 75 48 68 97 72 69 80 73 93 38
94 82 66 63 92 93 65 1 97 73 80 76 69 46 57 36 72 95 74 98 67
63 46 92 64 1 94 75
1 88 94 92 65 72 85 74 76 48 14 63 93 64 78 96
78 1 65 80 67
83 82 94 93 92 48 65 73 1 64 72 76
1 67 65 93 64
1 46 48
93
92 1
1 96 93 64 94 66
94 36 1 92
72
1 94 50 92 93 72 96 73 95 74 37 46 48
1 76
1 93 48 78 96 94
97 94 96 93 48 92 74 46 47 73 1 95 36
92 94 1 74 73
73 94 92 96 1 93 64 46 95 74
94 65 1 57
47 1
92 46 95 73
94 92 1 96
63 94 65 92 1 46 93
82 92 94 64 67 1 63
94 73 75 82 92 97 48 93 74 72 88 1 47 36 65
82 92 94 72 74 97 95 46 38
92 94 46 93 1 96 95 74 50 63 47 48
92 94 95 74 48 1 73 46
92 94 46 72 64 80 63 74
92 94 93 48 65 97 72 73 74 1 36
94 65
82 88 72 92 94 98 1 38 96 93 97 46
92 93 98 94 1 72
64 92 93 46 94 48 51 95
94 1 97 92
82 92 16 94 97 49 74 63 1
55 94 82 92 63 1 98 64 93 74 38 65
92 55 82 93 75 74 88 94 36 40 72 76 95 73 99 65 1
82 3 94 95 92 73 65 87 97 74 93 49 2 72 77 48 1
1 92 94
94 92 82 1
92 95 94
82 94 92 74 95 1 99 36
82 87 74 94 92 93 95 72 76 85 38 73 47 83
92 94
82 94 86 87 95 72 88 92 74 48 89 1
82 72 86 16 95 92 87 1 94
53 82 92 1 94 87 74 95 51 47 64 97 77 46
82 75 86 83 92 73 95 46 1 93 38 76 74 65
92 94 1
92 94 88 95 97 82 1 47
94 72 82 76 92 95 75 77 74 65 63 38 64
82 87 95 99 92 94 63 65
82 36 92 95 87 94 65 72 1 76 38 64 77
82 94 92 86 87 95 74 43
77 82 94 92 95 83 1 42 46
92 82 72 95 94 20 76 47 97 96 63
82 92 86 95 87 94 89
86 92 72 94 95
82 28 74 1 92 86 72 77 95 34 89 87 65 38 58 3 47
88 83 92 55 80 72 74 82 94 48 95 67 65 75 76
95 92 82 38 86 64 94 65 1 19
95 74 72 92 87 88 96 82 63 94
92 82 88 86 65 94 87 83 95 38 74 77 97 1 73 72 46 93 64
92 95 94 72 1 38 91 97 82 76 86 93 87 90 48
82 88 92 95 94 87 72 38 4 47
72 95 82 92 38 1 57 86 47 97 99
92 82 86 95 1 94
1 94 46
92 82 72 74 86 95 87 89
94 93 92 47
76
69
75
4 72 54 1 82 46 59 26 18 73 56 85 74 65 64 92 57 61 76 78 77 63 67 29 97 34 94 58 55 75 66
82 95 87
82 92 95
82 86 92 95 87 42 1 89 94 99 48 46
82 73 83 1 86 92 65 87 95 72 3 46
93 82 94 97 92
95 83 65 1 94 64 82 92 36 93
92 95
92 88 94 95 1
82 88 95 89 1 86 92 65 87 99 47
82 95 1 92 99 87
86 82 42 95 92 46 38 94 1 88 87 72 89
86 92 1 82 99 95 89 21 87 36
82 92 95 86 16 83 1 88
92 87 82 86 72 77 17 95 94 74 63 64 38
82 92 95 72 85 94 83 74 1 87 38 63 65
76 82
16 95 46 82 20 87 92 83 65 55 38
82 95 92 86 1 89 87 76
82
82 87 1 94 92 99 30 95
82 94 95 1 92 42 86 73 99 93 96 49 85
82 92 76 87 95 1 64 72 80 47 73 94 38
1
72 82 87 95 65 92 1 89 76 74 29 77
82 92 95 99 86 88 97 87 77 38 1 46
82 92 86 36 72 95 97 89 47 83 87 1 16 38
73 82 95 87 92 86 72 38 1 99 94 42
82 92 56 95 86 87 77 64 1 74 38 97 72 88
82 92 74 42 95 1 99 47 76 63
82 92 88
82 47 92 1 95 73
1
73 1 74 64
82 92 99 64 1 47 65 95 88 74 94 46 77
1 63
82 1 64 92 72 89 65 83 95 88 87
92 82 38 94 64 72
82 92 64 1 95 76 72
82 92 95 94
92 83 94 82 1 65 72 73 63
1 92 95 43 82 72 38 99 87
94 1 86 65 92 96 63
4 94 96 1 92 93 72 74 64 97 76 46
82 94 50 51 48 92
92 73 72 78 93 48 94 1 76 95 74 64 63
94 93 92
72 97 64 92 93 94 73 74 96 36
94 93 96 97
1 65 66 69 94
1 67 94 65 69
50 94 92 46 93 97 47 1 49 65 48
93 1 94 46 92 51 48 73
92
46 94 49 37 1 48 51 93 98 92 50 96
48 94 96 92 93 46
94 93 92 1 97 47
94 93 1
92 94 73 96 51 72 1 93 74 88 98
94 92
92 87 1 95 94 82 77 38 65 64 76
92 72 94 63 64 46 95 1 73
1 63 67 80 65 64
82 83 94 65 53 72 1 92 76 77 79 38 74 73 47 58 96 75 16 67 78 95 64 66 56 48
77 1
82 95 92 97 1 94
92 94 46
82 72 54 67 81 65 1 77 74
86 1
73 54 72 77 56 55 38 74 92 97 94 46 1 36 57
83 95 94 92 82 97 48 76 67
86 94 92 83 82 96 74 95
95 97 92 1 94
82 92 95 1 94 65
82 1
1
65 66 76 75 69 80 88 77 29 64 70
1 46
1 48
92 73 77 82 86 1 87 88 38 74 72 94 54 95 63 93
89 86 87 92
82 92 94 1 72 74 16
86 82 87 92 94 47 95 1 89 36 38 65 99
82 86 92 87 90 95 89 1 88 91 74 94 38
82 87 74 86 92 73 36 94 38 1 89 95 98 47 97 49 72
82 86 89 92 94 96 88 87 1 90 95 91 47
82 92 94 63 97 65
82 1
82 1
82 1
26 1 72 57 64 69 80 63 65
82 1 65 72
80
1 94 82 85 92 84 95 93
86 82 74 72 92 29 94 95 1 36 38
53 48 87 82 86 42 92 95 13 94 65 74 1 56 78
82 92 94 95 1 46 72
86 83 94 46 64 92
82 92 95 53 47 94
83 72 92 82 1 94 93
86 82 91 90 72 94 87 92 95 38 84 47 1
72 77 94 92
26 3 77 54 90 56 82 86 1 97 72 75 94 92 88 66 38 74 80 29 63 73 65 76
92 94 82 88 86 95 93 87 96 74 48 65 69
81
92 86 1 76 94 72 82 65 55 48 64 97 73 95 74 87 75 77 93
1 48 82 98 74 64 94 65
82 86 87 95 16 92 94 47 1 65 42 74 72 50 56 73 96 36 38 76
92 1 93
92 91 82 86 87 93 74 95 94 89 83 36 47 72 97
86 82 48 94 92 88 64 74 87 89 47 93 95 38 1
47 74 65 82 72 78 38 94 92 83 75
92 86 82 87 1 63 95 94 38 65 72 89 76 64
82 70 76 65
82 54 26 1 63 7 65 72 56 77 64 57 94 96 76 73 92 85 74
86 83 94 92 82 47 87 89 1 96 65 95 38
90 86 82 76 93 65 73 95 2 74 94 92 72 51 88 47 1 38
86 82 87 94 92 95 47 72 67
72 54 92 88 87 84 75 1
94 73 57 74 46
92 86 82 95 93 74 72 98 96 94
95 94 92 72 93 99 1 97
92 95 74 94 36 1
95 92 94 38 1 97 72 67
72 94 74
82 92 94 86 87 89 95 74
82 95 92 1
95 82 94 92 86 93 47 72 97 3 74 1 96 99 89
82 94 72
82 86 92 89 94 95 1
92 95 94 93
99 86 95 87 92
82 73 86 92 93 94
82 92 87 94 72 38
92 94 38 95 72
92 94
92 95
93 1 92 94
93 92 94
82 86 55 72 83 94 77 68 92 54 76 1 38 64 65 70 74 67 47 78 57
69
1 65 74
82 94 67 65 83 95 92 1 36 74 38 72 96 64
86 92 82 63 1 95 87 42 94 93 46 67 88
10 29 72 80 31 65 1 77 75 76 79 69 38 12
1
82 1 76 72 47 63 78 69
97 70
82 94 92 63 65 74 93 72
82 92 95 20 48 86 1 63 87 100 72 94 97 47
82 92 95 57 26 86 56 1 87 89 46 94 72 58 3 97 78 73 47
72 76 54 87 92 82 95 46 1 80 40 73 75
82 42 63 87 1 97 94 99 74 92 36 65 95 16 56 72 100 46 5 67 64 43 38
65 78 1 92 94
42 92 82 86 95 89 1 94 97
92 9 95 82 94 80 13 1 88 99 27 72 67 42 48 87 97 47
1 92 76 99 95 77 75 72 63 97
99 97 1 94 95 92 100
99 95 97 38 92 101 100 55 96
99
94 92
72 82 50 93 73 94 63 1 92 87
70 92 75
1 75
76
77 61
65 27 54 63 55 56 28 29 74 26 31 77 80 82 78 67 58 53 1 76 72 57 64 87
92 66 83 94 97 72 54 77 1 95 63 64
80 63 74 64 75 57 76 72
95 26 86 91 92 54 53 76 87 89 56 42 38 99 1 77 94 72 58
87 95 86 92 82 89 1 99 42 72 38 97 94
94 38 37
82 1 99 97 95 92 40 80 38 100 46 79
82 74 94 92 91 72 54 36 99 77 65 63 38 73 95 79 42 80 58 97 87 43 1 46 57 64 47
99 100 95 92 60 94 87 82 42 1 97 101 47
95 92 99 97 38 20 101 80 1 94 73 56 43 76 40 100
76 99 95 38 97 92 1 42 100 47 101 50 75 40 72 94
63 92 78 1 80 81 64 76 85 67 65 75 72 94
92 101 99 95 38 1 97 42 100 30 80 48 96 43
93 95 99 43 94 3 1 92 97
92 83 82 86 87 95 38 72 65 89
83 95 82 74 72 92
95 86 92 82 94 87 1 77 38
86 82 87 92 95 72 89 38 94 76
94 92 82 87 86 38 47 89 57 95 65 99 1 67 97 77
38 86 47 92 97
38 95 89 86 82 92 72 97
99 95 1 72 92 97 38 74 80 54
82 95 99 92 1
99 42 1 92 97 95 38 80 100 43 94 72
92 95 50
1 99 95 43 97
1 99 38 95 92 97 100
1 100 99 43 92 95 97 93
92 77 76 80 74 97 95 38 99 75 100
94 73 92 55 95 42 3 99 1 49 101 97 68 64 77 76 38 74
72 46 95 73 1 99 92 68 49 100 47
72 42 99 92 100 80 95 76
77 95 1 99 76 92 100 75
47 75 99 72 1 42 92 95 76 100 38 97 74 21
82 92 99 1 95 100 38 30 93 77 43 94
99 1 94 92 100 95 43 74 97 47 87
82 75 1 92 64 94 99 95 72 42 47 100
54 64 77 99 95 26 1 92 65 67 56 76 48 94
40 99 48 92 95 76 42 77 1 47
1 92 94 47 96 95
1 97 92 95 99 76 38
92 94 65 82 48 95
1
82 94 83 87 86 46 92 38 47 95 1 72 64 50 80 36 73 48 93 96
64 1 94 92 63 46 95 97 82 74 93 72 88 47 3 96 83 100 65 38 77 30 87
95 92 94
74 92 94 95 1 97 86
94 1
92 94 46 82 1 73 20 93 95
82 83 92 54 72 63 65 88 94 77 49 95 73 97 1 74 47 64 87
74 94 67 48 92 70 93 38 83 82 1 64 72 95 65 88 73 76 46 31
94
82 94 92 83 97 87 64 95 72 48
82 95 38 92 94 63 4 1
74 86 17 82 55 72 77 83 92 36 76 94 64 85 56 80 84 88 63 65 87 1 38 54 75 57 78
77 81 94 64 97 75 66 1 69 63 80
88 1 47 69 68 73 80 70 65 81 76 63 94 64 74 66
82 92 1 2 48 94
1
66 65 69 80 67 64 68
76
69
64 94 65 1 72 92
95 65 93 1 94 97 76 72
82 94 76
92 94 82 97 72 73 93 48 87
82 86 17 92 91 87 94 36 74 38 80
82 1 95 41 99 38 100 92
82 86 92 87 95 65 94 72 38 80 75
92 82 65 38 95 63 99 64 46 1 86 36 75 94
82 91 92 72 1 86 36 95 89 40 87 99 55 77
82 27 92 95 86 89 72 87 1 63 91 93 38 36 74 73 47 77
92 86 95 82 87 74 1 94 72 48 46 80 89 99
82
82 26 99 77 1 92 64 94 67 72 74 95 80 63
95 72 79 47 92 38 82 94 63
94 92 82 86 1 27 83 47 95 93 38 79 97
95 38 92 82 94 36 47 1
82 94 1 92 87 76 38 95 99 77
82 92 95 55 1 94 65 93 6
82 83 92 88 95 72 1 38 91 75 65 77 76 94 64 80 87 42 74
54 26 95 92 72 94
82 92 94 72 55 95 97 47 87 1 19 30 38 99
82 86 83 92 77 95 94 72 54 96 74 16 46 26 89 99 38 47 56 1
26 72 86 74 28 53 77 54 55 92 64 82 34 67 63 76 95 38 46 57
72
92 82 95 46 86 94 38 87 1 97
82 55 92 83 36 72 94 95 48 38 1 88 97 93
92 86 82 83 95 93 88 65 94 97 16 74 1 47 38 46
82 74 38 95 72 94 1 92
92 82 86 94 95 43 1 87 47 72 93 42
48 93 94 64 1 92 74 47
74 92
92 94 1 73 96 72 48 93 64 65 97
1 82 48
82 1 92 16 95
82 92 95 86 47 1 94 57 72 93 63 73 96 87 75 97
46 30 74 92 97 94 93 47
1 95 94 92 93
92
72
87 86 82 1 89
82 92 86 1 97 17 95 74 94 87
94 82 96 92 95 1 46 65 87
82 86 92 1 17 95 89 87 97 94 65
1 93 82 92 94 73
94 92 95 1 73 87 97 46
94 92 47 1 95 73 96
97 92 1 96 46 94 74 82 48 47 73 93 65 72 51 75
93 92 94 1 46 73 64
48 94 93 92 46
95 92 1 94 48 74 93 72 46
48 96 94 1 93 92 64
1 93 82 72 92 94 48
82 92 94 1 63 48 97
93 72
1 92 48 93 94
73 94 93 74 1 46 92 97 48 47 98 78 96
92 93 1 50 48 94
92 48 93 94 46 74 97 1 73
92 96 93 48 47 1 97 51 94 46 65
93 92 74 94 82 1 96 46 72 97 63
1 73
93 92 94 73 1 97 72 46 48 74 65
48
93 92 94 46 95 73 1 48 97
1 50
36 48
1 94 46 93 48 47 92
93 96 1 94 72 97 92 64 74 46 73 48 4 63
92 94
86 82 1 92 94 74 89 64 83 93
66
1 82 93 92 65 94 48 73
86 2 89 1
1
1
1 94 96
93 86 73 82 1 48 94 92 64 74 72 97 47 46 51
92 94
94 96 93 75 92 98 50
92 94 48 73 96 93 65 1 74 64 46 72 75 98 97
92 93 63 94 48 72 96 97 74 1 46
1 94 93 92 46 48 74 73
94 1
94 92 73 93 46 36 65 88 38 48 96 72 1
94 92 1 93 46
93 46
94 93
1 94 92 93 74 97 73
93 94 92 48 78 73
1 97 93 94 92 48 74
1 82
82 92 94 95 93 73
86 1 94 92
95 94 1 92 93 97 64
1 92
1 94 96 48 93
94 93 1 48 92 73 46
1 93 92 97 96 48 94
94
93 46 92 98 1 94 96 36 97 48 75 64 74
94 92 72
94 48 47 97 93 92 96 74
92 73 38 93 94 48 74
92 1
94 1 48 96
97 82 4 47 1 46 72 64 92 73 74 66 48 98 87 93 94 36 3 78 63 95
82 72 86 89 95 1 36 29 92 87 64 77 38 97 76 67 80 68 3 63 42 65 84 48 99 74 4 94
86 82 1 95 92 87
82 87 86 92 95 72 16 99 1
82 87 92 86 1 47 95
82 92 17 86 95 1 89 87 65 99 38
82 92 95 16 86 1 89 94
82 86 95 92 87 94 1
82 16 86 92 89 95 87 99 48 1
92 82 1 65 95 87 86 64 63 94 38 89 72
1 86 95 82 83 42 92 99
86 92 82 1 89 95 47 87 94
95 92 72 1 94
82 97 86 92 1 87 89 91 77 58 95 83 53 99
82 86 72 16 92 1
63 72 64 77 65 1 68 67 36 76 69
63 1 65 64
1 86 82 89 95 87 92
86 82 92 87 1 16 95 89 38
82 86 95 87 92 46 1 16 99
95 86 87 92 82 1 3 38 99 89 76 77
86 95 82 92 99 1 87
82 63 64 92 38 72 1 80 65 86 67 2 87 66 94 95 68 76 74 56 97
95 87 82 86 1 89 99 47 97 92
86 82 95 87 72 92 55 47 1 83 38 94 89 100
82 83 86 95 87 1 92 72 94 89 38 47
83 92 86 82 95 87 89 72 1
82 86 95 92 72 87 89 97 99 1 38
82 54 92 26 56 72
86 92 26 77 95
82 1 86 92 26 77 38 72 87 56 67 4 76 95 37 64 79 42 49 80 63 89 36 97
82
82 1
82
92 83 82 95 99 86 1 87 77 89
87 74 65 82 86 64 72 48 67 92 1 95 89
82 86 92 83 87 95 99 1 89 72 74 4 94 46 48
82 86 92 91 95 87 1 99 97
82 86 83 89 72 92 1 95 42 94
82 1 86 95 87 92 99 89
92 95 82
82 83 1 72 86 92 87 95 99 94 38
82
64 80
63 1 64 65 77 75 67 72 68 36 66
1 83 82 92 65 95 72 100 97
82 92 95 1 76
72 64
63 76 1
63 65 92 1 66 72
1 67 72 66 64 38 65 69 63 56 76 73 36 55 4 77 70
86 82 92 1
92 82 86 63 1 95 89 87 67 65 97 94 66
82 88 83 92 38 1 95 86 46 94 97 76 87 48
83 92 82 94 72 1 65 88 87 93 95 3
1 28 53 80 56 72 63 65 67 54 86 77 64 47 66 46 34 68 31 97 92 5 76 78 58 70
82 1 92
87 82 88 55 92 1 83 36 46 47 16 95
95 83 82 92 1 42
82 92 65
86 82 83 92 95 72 46
72 82 65 34 77 83 73 46 58 67 97 76 68 80 88 78
83
82 86 92 1 95 93 46 64 96 97 65 94 76 16
86 82 1 40 95 92 89 94
82 1 48
82 94 31 92 93 74 96 1 64 65 36 95 88 72
86 17 92 72
75 1 92 94
94 38 74 92 76 63 97 64 73 95
94 92 1 96 48 38 93 72
92 86 17 95 97 99 1 94
95 92 99
95 92 72 94 64 1
92
94
92 1 95
92 95 94 99 100 1
99 92 95 1 100
94 82 83 92 1 46 48 95 93 96 97 2 73
92 94 95 99 1 97
99 92 95 97 1 94 100 96
93 82 1 92 95 87 94
92 95 99 1 97 100
92 83 95 1 88
92 1
82 83 92 95 64 1 67 47 99 63 94 87
82 86 89 76 1 16 87 47
82 1 72 16
82 86 27 54 56 74 66 1 16 72 77 76 73 38 92 42 64 63 47 87 58 95 65 97
72
82 1 95
94 91 92 1 82 95
82 92 73 97 94 72 1 95 93
80 94 82 63
86 82 87 1 92 64 95 77 94 76
92 86 65 72 82 89 76 94 87 74 77 36 1 63 47 84 83 93 88 64 73 38 95 85 78 3
82 95 56 1 92 94 83 88 38 16
92 94 38 95 1 100
92 87 83 77 82 65 74 95 38 94 97 93 47 79
92 88 95 63 50 1 93 47 94 65
82 1 38 92 95 83 47
92
93 74 95 94 92 73 1 36 99 76
82 94 1 88 72 74 98 97 73 75
82 95 83 1 92
82 87 92 94 95 38 31
82 92 1
82 1
92 47 82 83 1 95 97 38 93
92 94 1 82 95 38 46 73 64
92 82 64 93 63 94 74 95 1 46
92 82 94 95 83 1 51 38 36 3 88 74 93 97
95 46 92 94 82 86 74 72 73 83 93 1
92 65 47 82 38 95 64 72
72 82 87 83 94 38 1 93 92 49 95 74 67 65 96 64 48
82 54 26 92 68 1 94 48 87 46 3
46 48
82 92 47 86 1 94 38 46 95 99 93
82 73 1 92 97 94 95 87 86 93 76 89 74
1 99 86 92 95 94 100 38 46
95 1 92 94 97 99 72
64 92 95 100 1 97 65
82 97 1
92 95 99 1 97
1 95 92 97 100
1 95 92 99 74 97 49 65 101
100 95 94 93 92 1 97
82 77 47 1 95
95 1 99 92 100 48 47
1 95 38 82 55 67 97 57 77 92 36 100 99 72 48 63
1 95 94 92
95 92 1 97 20 99 65 96
82 83 92 95 99 100 94
97 92 99 95 1 46 94
95 47 99 1 92 100 97 94 42
99 95 97 92 101 1
95 92 97 99 1 38 100
95 92 99 94
95 1 101 100 99 92
99 1 92 95 100 94
99 97 101 1 95 92 47
1 99 94 76 92 66 95 101 77 80 42 100 38 97
95 92 99 1 50 98 97 94 48 101
95 99 97 1 101 92 100
95 1 97 99 100
95 99
1 92 95 99
92 73 95 99 1 97 76 42
99 48 92 100 95 1 80 38 94
1 95 46 38 94 97 99 93 92
99 92 95 97 1 98 38 94
95 92 1 74 100 97 47 46 99 94
99 1 64 95 100 94 92 42 77 68
99 1 100 95 92 97 94 93
92 94 1 95 99 46 97 57
92 99 1 95
95 92 94 97 99 1
97 95 77 92 99 4 1 100 101
95 101 99 1 92 77
1 95 92 99
92 101 1 99 95 94 97
95 99 94
95 92 94 1 97 99 100 47 46 50
92 99 1 46 95 97
101 92 97 99 95 1 100 40
1 92 99 95
99 97 1 92 95
92 95 1
82 72 1 96 94 38 46 65 64 92 93 88 74 76 73 97 66 55 95 37 87
94 92 83 82 48 74
88 83 73 72 46 95 93 94 82 92 74 1 48 98 19 36 31 47 96 49 65
93 82 94 46 92 64 50
74 83 92 87 78 76 94 64 57 85 72 1 73 48 75 63 65 93
64 73 92 94 1 93 47 97 74 46 72 96 65 95 76 2 48
48 92 93
99 92 94 4 97 93 95
94 82 64 93 47 72 92 95 46 73 96 48
64 74 94 92 82 73 46 72 83 49 48 96 93 47 97 95 65 88 1
83 80 92 73 65 94 74 72 67 97 64
92 94 82 65 1 72 96 93 46 48 95 49 73 74
92 94 82 65 74 73 97 64 96 48 93 98 95 47 36 72 46
92 94 50 78 46 72 97 73 65 99 69 95 48 93
94 92 47 73 96 74 36 95 46 93 75
82 92 94 47 93
92 46 94 97 49 1 64 72 73 74 75 82 96 93 95 98 36
82 92 94 65 95 74 1 99
94 97 92 83 93 74 64 72 46 73 96 65 1
1 94 92 74 96 49 93 85 65 73 46 72 36 47 78 95
74 46 82 92 73 94 93 97 96 36 2 98 48 47 87 1 72 95
83 74 93 92 1
82 97 92 1 94
82 97 83 92 94 1
92 1 98
74 93 92 94 73 49 1 46
93 92 94 97 1 72 74 73
92 1 94 93 72 67 68 73 78
83 82 94 1 67 74 64 92 65 76 75 46 63 37 48
73 92 94 93 96 48 1 46 67 65 74 63 72
46 92 74 94 93 1 73 96 51 72
65 94 73 1 72 74 88 76 92 97 78
1 96 74 94 78 76 93 47 92 87
93 49 92 94 97 48 72 64 98 74
97 72 73 92 94 93 50 46 48 75 74 47 96 95 65 51
48 83 93 98 88 92 73 94 95 47 67 46 72 74 75 96
74 97 94 72 98 92 63 93 48 46 73 50 76 1 41
82 94 92 73 93 72 97 1 47 74 50
96 94 77 73 74 65 51 92 93 72 48 4
73 94 74 48 92 93 46 72 97
94 1 47 93
66 72 64 97
94 92
94 48
94 92 93
94 93
94 93 46
94 93
94
94
94
94 1 93 74
94
94
93 94
94
48 74 94 1 93
94 1
94
94
94 74 48
94
92 94
72 94 93 92 46
94 72 92
94
94
94
46 94
94
92 94 82 46 74 75 97 93 95 1 96 76 73 48
94
94 1 92 95 82 76 93 74
82 83 50 94 92 73 93 46 87
94 46 92 73 48 1 93 64 65 47 97
1 94 46
92 73 94 93 82 47 64 65 46 96 74 97 4
93 1 95 92 73 2 94 97 72 46 48 38
92 65 94 47 96 97
94 93 92 48
94
94
78 77 82 74 92 75 67 1 73 63 46 65 36 94 97 64 80 96 51
73 1 94 92 93 95 72
94 92 1 47 72 93
94 1
92 1 93 94 97 46
94 92 93 72 38 46
72
94
92 94 95 47 72 1
93 65 94 92 1 49 48 78 95 74 46 80 67 63
92 94
82 94 92 74 95
1
92 82 72 94 99 47 46 76 95 93
94 92 87 73 82 46 93 64 72 74 1 95 63 47 96 99 98
73 94 82 77 48 92 72 47 95 1 93 88 74 83 65 98 46 36 75 37 64 38 31
73 46 92 65 94 95 82 72 48 97 93 1 2 83 38 36 74 51 50 64 76
92 47 74 73 94 72 93 82 95 96 63 77 97
82 73 51 94 46 65 92 93 95 72 75 36 50 74 48 88 97 96 4 64 1 47 85 3 37
92 83 72 82 88 95 1 94 93 73 76 96 47 46 74 67 65 36
95 94 1 92 93 47
67 1 93 65 64 76 72 94 63 74 69 2 68
1 94 92 76 65 78 75
83 1 92 94 93 67
94 93 92 95 67 46 49 72 47 48 96
82 96 92 94 1 47 93 74 97 95 87 64 88 46 65
92 74 82 94 38 95 96 47 72 93 65 4 51 46 63
64 93 92 36 82 38 96 94 74 73 95 1 48 46 97 72 49 87
82 92 94 72 76 51 93 73 64 47 97 74 46 96 1 63
94 92 72 75
92 94 99 63 46
93 94 38 92 74 73 95
1 95 82 92 94 72 97 38 47
96 93 1 47 94
82 1 75 68 70 86
72 94 1 92 47 65 93 48
94 92
82 92 95 94 64
92 1 64 95 97 48 38 49 94 36
92 97 95 1 46 64
92 1 95 94 63 64
1 72 94 92
72 1 64
1 92 94 97 95 36 99 65
1 95 92 97
92 1 95 94 47 97 100
95 92 48 65 38 1 99 97 64
1 95 64 36 92 97 72
67 92 73 1 36 74
44 72 99 94 1 97 92 64 76 65 38 95 63 77 48 2 80
1 99
1 92 95 94 74 100
92 76 1 94 36 46 75 64 65 97 19 95 47 66 100 38 72
82 1 4 65 80 92 40 36 94 47 72 68 2
1 63 47 94 48 72 92 43 74 80 75 50 77 65 97 36
66
1 94 80
92 46 1 66 94 93
1 92 94 95 93 64 74
1 94 92 49 93
1 93 96 94
1 94
76 72 1 97 95 63 94 67 99 73 46
1 97 72 46 36 94 92 84 93 95 63
93 1 92 51 94 48 38
92 99 97 1 95
92 1 94
94 92 46 97 95 1 40 93
93 99 95 92 97 1 94
92 95 1 99 94 47 48 97 31
1
1
1 93
1
1
1
1
1 92
94 1 97 46 93
1
94 1 92
1 93 38 94 97 47 46 95
1 92
1 92 99
83
48 94 1 64
1 92 72 95 77 99 73 97 64 76 100 101 46
49 92 1 95 48 99 47
96 97 1 47 92 94 73 100
1 94 92 100 95 47 97 48 99 46
1 92
1 94 92
1 92 46 51
1 47 94 92 95 99 97
1 95 100 99 97
97 95 92 73
92 99 1 94 95 100 97 77
1 95 92
1 92 94
92 97
99 92 97 95 1
95 1 92
1 92 94 95 93
94 95 92 98 1 93
92 1 93 95 94
92 1 93 46 99 95
92 1
1 73 92 48 93 96 46
1 94 93 49 92 97
92 1 94 97
1 94 92 48 46
82 1 94 72 92 95 46 93 74
92 1 46 95 93
1 80 92 95
92 1 95 93 97 86 94 72 46 74 76
92 95 1 99 46 97 66 93
1 92 40 65 80 97 99 95 48
95 92 1 99 47 97 64
95 99 1 92 63 81 46 94 97 47
48 94 92 38 1 97 42 95
1 74 95 72 97 77 99 92 46
72 46 92 1 95 97
1 95 48 65 97 46 76 94 92 21
1 99 94 76 48 92 46 95 101 40 97 96 51
95 1 92 94 46
1
1 69 92
1 92 100 77 95 94 97
92 47 1
92 77 1 48
92 1 95
1 92 95 94
1 94 92 46
1 92 97 93
46 1 94 92 48
1 92 47 94 95 63 46 73 97
92
1 92 94 44 93 70 72 97 95
1 92 94 78 97 47
48 73 92 47 1 94 72 51 74 93 95
1 94 65 47 64 92 93
1 92 94 46 95 47 96 48 3
1 48 46 94 92
92 1
92 95 1 99 46 94 97
1
95 92 72 94 1 46 36 77 76 97 47 93
1
93 92 1 47 96 64 94 95
64
93 95 94 92
94 1 48 46 92
1 63 92 94 95
1 95
46 94 92 74 1 96
94 72 92
92 48 1 94 93 99 46 95
92 73 99 94 93
82 1 94 65 92 97 100 96 93
92 1 94 46 95 100
82 92 51 72 94 95 100 93 48 1 46 87
96
1 94 73 97 46 92 96 98
98 95 92 1 73 94 93 74 64 46 48
1 94
1 93 94 96 92 48 46 97 51
1 92 95 94 72 48
1 94 93 46
1 73 94 47 92 36 93 65
1 94 78 96 74
92 96 74 38 1 76 73 94 97 93 78 95 72 48
92 94
96 92 1
64 94 92
72 94 73 74 92
92 94 72
92 94 74 73 95
92 94 1
94 92
1
47 92 94 93 1 48 72
74
94
93 94
76 92 94 65 72 73
92 94 95 38 74 93
1 92 94 64 47 65 97 36 72 93 63 95 80 48 73
1 100 92 95 47 94 97 99 65
95 99 1 92 36 72 74 97
95 1 92 97 47 99 87 48 94 100
1 97 92 95 99
95 1 99 94 72 92
1 4 92 95 39 48 94 50 46
92 93 1 99 95 94 46
38 92 1 97 94 95
92 94
92 94 1 48 97
92 1 46 95
92 1 95 47 94 93
1 93 92 95
36 1 92 95 48 93 94 97 47
92 1 94 95 30 97 46 93 48 96
82 92 94 1 97 95 4 96 36 3
92 95
82 1 92 64 95 94 46 97 47 87 93 38 99
92
48 1 94 93 92
46 1 92 97 43 95 64 94 96 99 72 74 47
95 92 97 94 1 74 93 47
92 1 94 95 93 46 100 31
1 95 93 94 92
99 94 1 97 95 48 92 72 40 73
92 1 94 95 38 46
92 63 1 95 97 80 94
92 1 94 97
94 1 92 95
1
1 92 97 95 46 100 94
97 48 1 92 94 47
92 1
92 1 94 97
94 92 76 97 95 1 47
83 1 72 97 68 95 92 65 76 77 47 42 87
72 92 97 1 51 95
65 92 1 97 94
92 1 97 65 93
92 74 82 95 48 88 87 72 94 38 36 73
1
92 46 1 47
72 1 94 46 64 92 93 95 97
1 93 94 92 95 100
1 92
1 92 2 95 47 94 93
1 73 99 97 100 92 101 95 50
92 82 94 47 48 74 95 1 96 46 72
94 92
92 1
95 82 83 92 73
82 92 65 95 68 73 83 47 87 1 64 100 38 86 94 97 72 77 76 99 36 96 48
94 99 1 95
92 95 1 99 74 97 94 47
47 95 92 67 94 72 97
95 92 82 1 65 93 73 72 94 47 48
92 82 83 88 95 94 46 47 1 3 64
92 94 82 1 47 95 74 93 72
82 83 92 47 1 84 85 95 94 46
92 82 1 96 94 93 95 46
82 92 95 93 73 94 1 77
94 1 92
92 95 64 1 47
92 83 82 47 94 95 1 86 74 97 93 3
95 92 82 94 1 46 50 65
83 46 92 95 82
92 94 82 95 83
92 82 94 1 47 83
92 82 1 94 99
82 94 92 83 1 95
47 92 95 94
74 97 76
82 64 92 1 85 95 37
82 72 75 55 54 76 16 87 73 66 80 67 56 43 92 68 77 1 65 95 50 74 38 6 63 47 78 64 57 36 97 48 3 40 100 94
1
99 82 1
1 77 92 95 20 47 99 97 74 80 100 76 38 94
92
95 1 86 97 100 92
100 95 54 1 97 92 80 99 67 46 101
92 95 74 73 82
16 92 82 95 1 72 38 65 77 87 94
92 38 95 82 1 93
94 82 92 83 1
1 76 92
82 93 83 92 95 99 94 1 46 87
82 92 86 95 94 83 72 47 1 76 48 93 38 74 42 46
95 82 92 20
92 83 51 1 94 82 99 48 93 38 88 95 74 63 73
92 82 95 94 46 37 77
82 92 46 47 1 94
92 83 82 94 95 36 48 97 67 47 74 88
92 46 38 94 2 47 95
82 73 92 93 47 1 72
92 82 87 98 83 1 93
86 92 16
82 92 74 1 93 94 95 83 65 47 4 67 100 64 73 84 99 72
92 82 1 95 87
72 92 47 82 74 55 95 1
1 97 82 92 94 65 95 72 57 74 99
82 38 92 95
82 92 95 94 97 42 1 87 93
92 46 94 95
92 95 83 47 94 93 97
82 92 64 1 95 94
82
93 82 92 94 46 75 1 95
83 92 1 82 94 72 86 99 95 93 74
95 82 92 83 94 42 72 1 74 87
95 92 82 63 86 38 72 94 54 74 1
92 94 95
82 92 1
92 94 93 47 95 36 65
94 92 95 93
92 94 1 95 74 93
82 93 92 95
96 48 93 94 46 1 74
92 46 64 72 94 38
82
92 82 64 94 97 95
82 92 99 1 95 94 73 88 74 93
92 1 94 99 83 88 47
92 82 83 95 48 1 47 94 46
82 92 94 95
95 92 4 76
82 1 92 46 94 95
82 92 1 94 95
1
82 72 83 92 94 1
92 26 58 65 72 86 95 54 1 79 80 38 97 77 42 46 73 64 100 3 53 99 76 63 82 98 56 74 47 75 29 94 31
1
97 1
95 82 1 92 100 101 87 76 97 99
99 77 72 75 97 64 1 94
92 94 1 95 72 73 69 80 63 97
26 77 92 75 72 40 1 73 76 38 47 95
77 72 92 76 95
92 95 38 1
92 82 1 94 95 87 31 57 97 65 46 38
1 82 83 72 38 67 92 94
82 97 92
72 92 82 95 87 64 97 75 100 1 63 94
95 83 82 92 76 19 1 86 72
1 92 94 95 47
82 94 92 95 72 1 3 93 47
92 82 94 97 95
92 38
82 92 99 95 94
92 82 96 1 95 94 97 74 47 73
94 82 92 74 98 95 93 87 46
94 92 47 1
63 82 65 92 76 94 96 72 83 64 95 1 73 36 38 77 74 3 79 67 46 93 47 30 48 80
95 92 53 58 1 82 28 46 38 93
83 82 92 65 1 95 87 72 77 74 97 94 86 63 36 42 64 88 46 4 93 99
72 92 82 64 74 55 95 94 1 77 4 38 65
82 95 92 94 86 88 87 1 38 47 77
94 82 92 1 95 99 87
92 95 82 87 38 94 93 46 36 1 83
83 82 92 36 95 93 48 76 1 42 72 94 99 73 38 67 87 97 65 47 3
95 1 99 97 77 93 92
83 95 92 94 82 1 73 97 76 85 38
82 72 36 1 63 95 74 73 85 92 54 65 55 64 75 77 67 87 76 94 38 3 83 78 93 47 80 88
92 57 95 82 1 72 65 94 77
92 82 1 95 94 38 96 47 75 74 76 83 72
94 82 92 100 88 76 95 1
82 85 92 72 47 1 94 74 87
94 82 92 93
82 38 92 72 87 47 94 95 74
82 92 94 1 46 86 95 36 87 74 47 72 49
82 86 92 47 87 95 48 1 94 74 73
92 93 95 94 1 82 97 38 72 73
92 1 65 94 99 88 82 72 95 93 47 74 3
92 86 94 47 95 74 72 1
92 94 95
94 92 74 75
94 92
72 92 74 93 47 95 94
92 94 46 93 47
74 92 94 47
94 92 46 95 93
65 1 78 63 39 94 93 74
75 92 82 1 38 99 94 95 65 80
95 42 36 92 85 38 74 63 72
82 65 64 92 94 95
82 65 92 95 63
83 92 38 94 95 42
92 95
82 92 46 76 94 47 74 1 95 99 97
1 95 92 94
65 92
82 92 72 3 95 54 83 94 47 1 74 63 77 93 38 46 36 56 57 75
92 82 27 74 63 94 1 46 64 65 72 95 84
95 82 88 74 76 72 83 36 92 1 94 64 63 65 80 38
67 65 76 63 74 1 75 64 78
82 95 92 94 65 1 96 73 4 74
94 82 92 46 74 1 67 65 47 57 95 76 72 77 64
1 97 92 77 65
82 92 83 46 63 80 94 76 95 65 73 1
82 1 92 38 64 74 95 94 42 65 48 72 93
92 82 1 95 94
82 92 94 95 93 74 72 1
46 82 92 94 48 88 95 64 68 97 1 2
92 94 95 82 96 50 47 93 38
92 94 83 54 72 95 29 47 73 1 82
82 1 72 83 92 47 46 38
82 97 92 1 74 94 47 36
83 92 82 72 51 64 76 65 1 97 94 50 67 88 73 93
92 82 46 94 73 47
73 94 92 47
92 94 85
94 82 48 92 95 74 93 96 97 73 49 1 46
93 94
74 94 72 63 76 75 36 92 65 93 77 73 48 38
92 82 94 65 74 93 73 72 46 1 88
97 92 82 94 65 75 73 95 46 93 48
94 92 48 93 65 63 73 46
82 94 92 47 46 95 72
86 94 17 92 29 73 80 74 98
76
82 74 92 83 66 65 75 100 38 94 88 72 46 57
82 92 94 65 93
92 82 94 74 46 97
64 75 67 72 82 83 86 1 96 94 63 87 92 65 93 74 46
95 83 94 64 55 92 47 1 65 48 46 74
38 92 65 78 94 63 72 74 1
73 94 63 74
82 72 92 1 94
92
92 82 95 46 94 2 87 88 1
64 94 95 65
82 92 94 63 49 93 1 95 64 97
82 83 92 95 1 94 46 74 80 72
92 94 97
1 74
1 67 47 92
94 92
1 94 92 47 93
1 78
54 65 75 72 63 29 64 76 77 74 68 80 78 67
72 82 54 77 95 92 16 80 36 76 65
1 72 92 83 88 74 46
82 87 92 65 1 72 74 76
82 67 87 65 94 92 47 63 72 75 86 95 93
92 46 82 94 72 95 1 96 76 99 55 38 48
82 77 94 92 95
92 95 82 1 38 47 88 83 72 94
94 87 86 92 65 82 1 95 3 93 67 38 48 36 17 97
82 95 86 92 89 1 47 87 94 42 99 97
92 91 86 1 63 88 82 95 74 101 89 87 72 65 73 38 48 46 94 76
92 82 86 95 38 94
92 82
82 86 92 95 94 65 67 63 73
16 82 92 72 73 88 87 1
82 65 46 94 95 92
86 97 1 89 17 74 63 65 99 94 95 92
89 86 94 82 92 87 95
92 82 86 16 36 38 17 47 94 87 95 97 48 49 1
92 94 86
82 92 95 1 94 86 87 74 13 48 88 97
74 92 73 95
82 92 86 94 91 1 95 46 78
86 92 82 94 38 95 89 1
92 95 87 93
94
92 82
92 94 99
92 94 97
92 93 66 19 82 73 94 68 1 48 38 46 75
26 82 72 92 95
92 94 86 72 46 95 47
94 82 87 95 92 1
83 82 74 92 94 10 33 95 36 96 88 64 72 79 93 77 100 16 63 65 68 1 38 73 12 69 42 78 56 40 46 76 47 70 30
86 92 82 95 94 36 87 46 17
69 94 82 87 92 1 65
82
47 92 93 95 65 78
92 82 38 99 95 66 97
82 72 54 77 65 40 53 74 75 67 66 4 97 58 63 76 92 28 64 1 48 80 29 3 47 94 36
1 38 92 76 64 63 97 70 77 88 95 42 65
44 1
69 77 64 68 66 81 65 76 1 63 38 56 80 70 94 74 75
92 72 65 74 77
1 64
82 92
92 86 82 95 94 1 46 47 73 87
92 82 86 94 1 95 87
92 82 93 95 72 97 94 18 1 99 38 42 47
92 82 95 86 76 64 89 38 97 46 94 1 96 75 56
82 92 86 36 65 38 95 94 47 72 1
92 38 82 100 94 36 87 72 95 1 74 65 67
38 92 94 85 82 86 95 1 87 47 89
95 92 82 94 86 72 46 38 74 1 42 65
86 92 89 82 94 95 72 73 74
82 1 92 86 94 95 87 37
92 16 82 94 95 73 38 57 74 97 55 54 72
92 74 95
87 82 83 86 95 92 38 16 94 99 46 19
82 92 1
82 92 17 86 95 94 93 99 38 1
96 92
26 94
38 94 95 92
55 72 74 86 83 54 29 48 65 94 64 82 77 92 38 56 76 80 31 95 46 73 97
80
1
57 82 72 67 76 77 36 48 58 85 65 74 94 92 73 78 64 80 1
94
54 95 94 72 92
74 97
92 94 1 65 95 96
48 1 65
94 92 93 96 65 1 97 74 46 48 98
46 92 95 48 98 94
48 98
1
1
1
1
45 1
31
1
48
92
94
94
1 47
97
1 48
1 48
46 94
48 1 97 92 68
1
47
1
1 50
1
1
93 92 94
1
1
1
1
47
1
1
1
1
1
1
1
1
1
1
47
1
1
92
1
1
1
1
1
1
92
1
1
1
1
1
1
1
1
1
64
1
1
1
1
1
1
1
1
1
95 92 99 1
1
1
48 1
48
