94 64 66 72 1 80 76 82 67
74 73 72 80 65 77 56 69
83 84 80 82 72 16 76 57 79 94 75 64 77 74 36 55 92 66 73 65
82 83 56 92 58 73 72 74 94 76 80 63 28 77 29 36 57 50 53 75 96
92 77 72 83 64 76 95 74 3 75 67 63 65 1 94
53 94 28 58 65 1 67 77 76 74
58 28 65 53 72 75 92 77 83 63 74 67 57 88 94 82
80 26 53 61 54 72 75 82 74 92 58 77 34 63 57 56 95 81
33 59 95 35 74 83 65 72 82 61 79 77 76 94 75
86 33 73 81 58 16 54 77 56 29 26 72 61 92 82 74 80 87
53 61 28 80 54 26 58 82 72 77 81 92 76 79 74
79 61 82 87 28 77 58 95 80 53 72 75 74 76
86 82 17 76 75 92 87 72
26 54 76 82 81 58 72 56 53 77 87 80 47 75 92 31
82 72 56 73 74 80 83 26 92 77 94 76
56 29 54 80 74 27 72 77 38 26 76
92 9 72 27 80 77 56 74 82 61 29 81 76 54 63 55
28 53 81 79 82 80 77 65 74 72 76 73 75 94 97 58 35
28 54 38 61 26 77 58 76 1 53 81 79 72 56 55 92 80 34 29 33 86
90 72 74 59 61 86 79 54 35 95 77 81 76 56 75 92 99 31 1
72 81 82 87 53 79 76 59 33 77 74 28 56 80 92 65 78 63
80 76 63 38
68 76 72 1
53 28 82 86 58 77 76 72
78 82 83 72 1 42 58 75 88 65 77 80
80 81
72 54 26 94 57 76 92 1 74 73
66 78 83 76 69 88 73
83 73 80 72 75 1 65 56 63 66 78 74
67 1
77 63 65 76 67 80 75 72 82 69 74 66 64
83 72 82 57 56 74
1 57
82
53 28 58 54
58
28 55 26 57
26 54 72
53 79 58 34 81
56
28 53 58
54 72
28 58 77
58 72 34 74
58 59
28 53 16 79 77 72 58
81
55 27 77 58
54 56 26 72 79
29 56 77
76
28 53 72 77 76 58
54 26 74 72
65
82 72 1 57 75
74 72
72 76 31 75
74 72 76 75
74 72 75 56 76 80 57 77 78 73
72 75 67 65 76 78 74 73 57 64 56 77
75 76 65 94 74 72 80 78 63
76 72 64 65 77 75 1
69
86 54 72 58 56 77 59 33 26 55 83 28 73 17 74 27 53 80 92 79 34
56 72 28 90 73 86 17 54 81 26 74 31 77 34 58 76 79 33 23
53 54 28 56 26 91 24 77 82 87 74 58 36 72 80
33 59 77 82 86 54 28 58 72 56 26 90 36 92 79 24 3 1 64
53 86 90 72 82 58 26 17 92 1 76 89 91
86 33 57 58 82 74 59 10 28 72 80 61 54 26 76 77 92 17 83 94 79 36 35
53 77 59 86 28 90 33 54 82 58 74 73 72 29 1 79 92 56 8 34 17 80 76 19 81
82 86 89 95 1 17 90 92 87 72 91
61 34 72 33 26 86 58 53 28 92 94 74 82 54 59 77 56 81 67 35 79 80 87 88 76
72 79 33 58 53 77 74 59 81 35 28 76 61 92 80 83 26 50 75 94 67
77 55 72 26 53 58 79 56 54 74 81 28 82 34 76 83 60 92 88 61 94 87 80 62
58
77 56 26 54 72 74
86 22
57 55 74 72 1
55 56 72 74 64 76 65 78
74 69 61 72 65 1 92 67 70
53 28 80 72 58 76 1 63 78 66 34
82 80 57 55 76 77 72 74 75 94
55 76 80 56 77 57 83 74 75 72 73
83 82 72 74 63 80 75 18 57 77 11 76 78 65 56 73 61
82 18 16 55 72 74 85 94 57 31 77 73 75 80 63 76 27 65 21 88
75 72 81 57 80 74 76 73 55 77
54 82 55 77 57 83 72 76 73 75 88 74 78 56 64
72 69 65 63 75 83 1 55 57 76 74 77 66
54 26 56 55 77 80 74 82 53 76 61 81 72 75 73 57
82 72 77 74 54 83 55 80 79 57 76 8 75 58 73
75 83 76 72 74 80 57 55 77 78
64 72 55 82 75 78 65 80 74 57 76
72 83 54 55 76 74 77 88 81 57 56 75 14
82 56 72 18 94 54 80 57 77 74 58 65 76 55 88
74 76 77 72 75 73 80 57 14
54 77 75 72 73 76 63 57 29 80 74 58 78
82 16 72 77 76 57 80 55 78 26 63
56 54
53 58 77
53 72
57
81
80
74 75 72 54 55
55 72 76
76
86 99
74
67 57
77 76 72 65 56 55
53 80 82 58 77 72 74 55 76 61 81 87 75
76 72 80 56 13 77 82 73 1 74 29
1 64 72 77 80 76 58 79 73 75
80
83 82 81 77 72 76 58 88 79
16 82 76 72 77 75 92 38 74 40
59 33 81 35 77 76
53 28 86 54 87 76 34 80 77 26 79 57 74 1 58 42 82 72 73 65 92 93 38 66 29
86 54 82 26 29 72 81 61 33 89 76 87 75 77 95 80 55 57
82 87 95 93 72 86 77 74 38 92
81 26 59 54 82 72 33 77 56 74 73 80 83 57 38 94 76 35 60 47 92 32 58
80 77 72
58 34 28 92
36 58 56 72 61
56 54 53 67 77 58 81 79 80 74 34 72
90 72 82 86 76 73 1 83 56 92 77 74 26 38
74 92 70 94 63 72
86 82 87 89 56 90 72 17 54 61 77 74 76 95
72 55 82 65 77 76
76 75
92 58 82 56 53 86 76 28 80 26 94 72 83 34 95 29 22 54 77 89 38 36
83 33 82 54 59 79 72 38 74 76 55 60 92 63 77 56 80
76 80
53 28 77 74 72 58 93 76 73
76 80 75
83 86 82 87 72 92
34 53 72 28 79 58 80 94 56 74 77 92 36 76 73 54 65
86 54 74 72 82 77 29 17 83 92 61 81 94 80 36 75
58 28 74 90 86 10 55 53 87 82 16 72 56 83 75 26 34 76 77 17 80 64
53 82 33 86 59 54 1 72 28 58 77 26 87 17 80 83 79 56 64 76 75
80 72 61
82 72 28 34 86 16 61 54 56 53 26 77 80 58 67 87 35 38 76 92 74 42
82 58 77 74 72 29 80 94
86 59 79 28 58 74 82 77 72 33 61 56 83 54 55 80 99 38 34 97 73 53 92 87 17 90
26 16 90 28 82 87 56 53 79 77 33 58 59 61 72 80 29 57 74 34 76
72
28 54 53 26 77 58 83 56 72 74 76
82 80 86 77 87 89 76
82 74 86 17 73 76 87 80 89 92 57
72 26 28 82 58 56 77 74 83 79 29 53 76 80 55 87 54 1
16 86 26 54 82 89 72 55 77 39 80 92 67 56 27 81
33 72 86 61 95 77 80 76 93 1 82 89 73 59 37 75
83 86 92 80 17 79 29 75
86 17 82 76 77 92 22 1 74 72 87 80
86 82 72 77 74 16 61 59 35 58 73 56 89 92 38 80 79
17 28 79 86 54 76 72 53 56 82 81 58 80 83 77 26 95
82 53 86 77 76 54 56 28 26 72 64 58 94 74 80 29 81 73 34
86 82 90 18 17 56 16 1 58 77 85 31 83 72 73 92 87 50 74 76 47 97 75 26 79 38 95 11 94 27
86 72 59 33 82 77 55 54 80 60 81 38 31 76 94 69 61
72 33 56 28 53 77 86 58 26 90 17 61 59 82 34 87 74 54 38 57 81 35 79 16 80 24 76 73 55 94 83
61 59 55 38 82 57 16 72 80 92 99 77 74 94
80 82 20
72 16 79 58 77 76 81 80
58 53 82 81 80 86 1 87 77 99
75
55 72
53 58
56
54 1 77 56
54 77 56 80 75 74
54 77 72 74
56 72 54
80
28 53 58
53 28
56
79 86
77 53 28 58 72
75
57
80
34 61 79 81 59
58 79 77 61
54 77 27 56
26 56 77
58 53 34 81
54 76 56
56 54 53
80
74
77
56 54 27 72 53 26 77 88 83 63 29 28 78 58 34 55 74 57 65 67 80 79 76 73 97 94
54 53 77 92 74 72 26 82 28 80 65 46 58 56 76 16 38 94 61 87 83 88 55 75 1
72 92 28 58 77 95 38 65 76
33 59 28 54 77 53 31 56 83 35 80 72 76 55 81 94 74 63 73 79 88 78
58 28 34 72 61 74 56 79 54 53 81 73 77 94 35
58 28 53 81 76 72 77 74
88 13 83 72 92 80
54 26 82 87 16
82 77 72 53 56 58 61
82 76 80
54 86 38 76 58 72 56 82 77 94 28 55 26 78 1 95 92 46 74 53 79 36 80 96 32
86 82 90 87 92 57 17 74 28 53 56 54 72 89 27 77 94 1
82 28 53 94 58 87 16 74 80 1 61 77 34 76 64 72 65
86 26 22 54 64 72 56 55 74 77 82 73 17 87 94 1 16 65 63 92 57 75 76 38 36 80 61 88
82 26 72 13 54 74 92 77 94 83 78 55 56 42 80 75
82 16 77 76 38 72 56 67 74 81 65 79 1 80
17 86 73 74 53 94 55 38 82 8 58 76 75 77 67 72 83 92 1 34 16
16 33 59 82 54 35 80 58 26 83 74 38 53 77 72 76 56 60 79 47 61 73 34 27 92 75 1 18 86
82 26 86 83 90 16 77 76 72 54 57 92 74 55 94 56 38 1 87 80 88 99 31
59 86 33 55 17 82 58 27 87 56 1 79 65 72 83 92 38 61 80 88
82 86 83 92 74 72 75 58 95 88 56 38
29 58 56 28 72 53 77 65 59 1 92 80 94 74 95 38
82 90 86 28 81 53 16 38 57 17 72 77 74 92 76 83 87 94 89 67 64 80 1 73 63 75
82 74 86 54 42 83 76 72 55 94 65 1 77 46
54 82 86 74 90 38 26 93 72 77 16 92 94 79 73 81 96 78 57 56
33 59 86 17 89 82 28 72 58 53 77 57 74 90 80 87 92
82 76 53 27 77 72 92 86 55 74 57 56 75 34 89 58
16 82 86 76 28 72 94 18 59 33 80 87 58 34 61 92 89 65 74 17 77 81 56
86 77 72 54 38 36 76 73 67 92 59 94 61 35 95 74
90 16 82 54 72 74 24 83 87 86 26 77 75 56 89 79 20 76 1
90 17 86 74 77 59 92 72 82 57 24 75 81 33 89 91 80 38
86 82 17 90 87 72 22 88 92 74 80 1
87 86 90 94 92 82 80 75 79 56 72 1 89 36 42 81 77 76
56 82 26 54 86 72 17 29 61 73 77 81 75 58 83 92 1 94 87 76 64 80 74 3
86 10 28 90 17 24 26 55 82 89 57 56 76 87 72 58 27 94 92 54 80 77 81
86 17 82 16 56 77 65 27 55 28 58 94 72 73 81 42 92 89 36 74 1 80 75
82 72 94 92 1 87 74 77 80
90 79 27 86 55 17 82 72 77 76 80 26 87 94 24 64 56 1 89 81 73 92
89 86 17 76 77 92
87 75 89 72 80 82 16 86 76 92 57 36
92 53 87 28 86 82 16 72 58
82 26 54 77 81 72 79 76 80
86 77 35 88 72 33 82 85 59 83 17 75 26 61 55 80 57 92 81
86 72 82 59 1 16 17 89 90 83 95 87 94
86 58 55 82 90 77 28 54 80 91 81 34 89 83 72 56 53 57 31 88 94 74
82 28 54 86 53 26 79 27 72 58 36 17 74 57 94 1 87 73
90 82 54 16 26 86 72 73 1 28 79 77 17 55 57 74 87 56 92
86 82 90 80 76 74 77 87 38 56 55 72 94 81 39 91 75 17 92 63
82 38 80
90 82 83 91 86 17 24 89
54 90 17 86 26 72 82 85 77 56 16 74 92 87 23
59 86 82 16 17 61 77 80 72 76 67 39 81 56 1 35
86 90 59 82 58 61 72 17 24 20 19 35 87 76 91
36 86 83 80 90 1 77 58 82 53 94 73 72 87 89 92 29 61 38 75 54 79
86 56 17 54 76 26 74 81 72 79 82 87 77 83 22 34
86 54 77 91 26 82 83 56 38 16 76 90 17 74 72 87 89 22 79 24 73
11 28 80 76 56 82 77 58 93 72 74 16 81 67 54 57 1 92 79 83 31 55
74 72 82 77 80 76 54 56 29 57 55
77 72
77 86 72 82 33 56 74 1 17 83 79 88 29 61 76 35
26 86 28 90 53 82 87 54 58 61 23 24 79 29 77 80 57 91 92 72 74 1
56
54 26 72
28 53 72 77 58
82 72 77 76 80 74 49
54 53 28 26 58
77
53 28 58
54 26 77 72 74
86
28 77 53 72
56
72 92 82 94 86 63
82 94 92 72 42 36 83 47 95 64 76 77 87 78 58 74 93
86 89 1 94 95 67 92
86 94 67 89
55 82 27 76 72 94 92 39 57 74
82 74 16 92 98 80 75 76 94 93 77 38 96 72 57
92 34 76 77 72 64 40 74
83 94 76 93 92
72 55
83 82 92 88 72 1 94 74 95 63
72 82 76 26 86 83 80 73 87 94 77 75 38 42 63 99 92 74 56
87 72 76 82 20 70 36 69 77 80 66 92
94 82 92 95 72 83 74 56 1 86 73 38 64 58
86 83 94 82 92 72 1 74 68 73 38 63 95 66 65 75 97
94 92 82 72 38 65 87 99
82 94 92 36 95 73 38 74
47 72 92 82 76 65 81 75 64 80
92 94 58 36 28 82 72 83 16 96 74 95 99 77 80 73 63 75 85 76 81 38 86 4 88 65
82 72 38 94 92 77 37 83 93
82 92 64 72 1 67 74 94 96 86 75 83 76 57 38
82 72 94 92 74
63 92 76 74 94
83 82 18 63 72 75 36 94 92 1 76 74 29 96 46 95
54 92 82 57 72 94 26 74 38 36 75 95 83 77 97 1 56 76
76
54 92 27 76 72 56 94 93 3 65 36
33 28 82 53 79 77 72 58 74 92 80 57
53 26 28 83 82 92 77 72 58 34 80 88 79
72 92 53 58 82 34 74
72 82 55
53 63 72 28 58 80 1 34 77 92 84 94 38
82 16 72 74 77 92 36 64 48 1 76 67 56 38
53 26 72 54 28 74 64 80 77 65 36 38 56 73 92 58 63 94 34
53 82 28 56 77 72 75 94 54 92 65 36 58 1 64 76 74 87
82 65 36 83 75 1 64 3 38 92 73 46 94 72 81 76 58
75 76 78
90 26 87 86 56 54 92 94 55 73 1 46 72 77 83 58 42 95 74 36 61 38
58 28 56 54 53 26 77 72 79 29 74 38 64 55 75 57 83 76 27 80 4
83 82 94 92 73 93 74
47 72 36 74 1 69 77 76 63 80
53 75 54 72 61 33 58 74 59 1 28 55 77 64 57 76 92 56 80 79 73 65
59 86 1 61 58 72 75 77 81 79 65 80 56 35 63
86 17 77 56 89 26 72 76 65 29 75 79 34
72 53 54 82 28 38 56 63 26 77 55 93 65 36 57
86 65 72 94 77 76 1 36 92 38 80 74
54 56 72 53 26 65 77 80 63 76 95 92 1
82 87 89 86 72 94 92 75 38 95
82 54 56 26 74 27 55 57 46 65 72 83 77 80 79 94 61 88 92 76 36
86 17 87 90 53 28 58 82 54 72 56 77 23 38 95 89 73 55 8 94 76 92 36
86 90 72 28 77 53 82 74 76 87 34 73
86 82 77 83 73 91 89 90 95 92 85 81 24 38 72
54 86 53 28 26 82 77 56 88 27 83 72 55 74 63 94 1 81 58 75 57 68 50 36
86 90 85 82 89 77 94 38 72 80 92 24 87
72 86 76 29 83 54 38 22 26 88 94 89 92 36
90 27 86 88 24 77 80 72 83 73 1 87 74 82 57 38 17 76 92 94
82 16 94 24 90 76 56 83 74 87 80 20 72 47 92 1 70 73
58 28 53 86 26 34 54 83 82 72 77 92 38 80 76 74 36 56 40 1 87 69
90 86 82 17 83 72 77 94 87 92 24 91 80 36 76 22 89
82
82 26 80 72 94 75 54 56 1 77 92 38 97 40 74
86 90 82 59 1 87 26 24 56 28 54 91 33 74 76 17 77 58 72 79 57 65
82 28 54 73 80 16 83 26 1 92 94 85 72 56 8 58 65 74 34
86 82 38 81 77 56 83 94 92 72 73 80 95 53 79 89 58 74
26 86 82 54 95 90 72 92 74 87 38 56 89 77
86 82 17 80 75 92 76 54 56 1 72 83 94 77 46 96 38 64 18 63 74
17 86 10 82 12 33 83 16 90 26 54 28 74 77 72 92 89 56 81 95 76 73 75 80 98 24
72 82 86 73 85 83 76 74 92 65 38 88 94 75 63
17 86
76
26 77 56
54 72 77 26 56
56
53 28 59 58
1 65 82 76 77 72
82 72 76 77 83 80 56 63 54
55 53 83 77 74 1 80 72 29 56 76 88 57 78 81 73 82
80 82 81 95 77
82 72 56 54 83 64 55 57 74 76 73 29 77 75 80 68
31 77 86 28 82 53 54 76 74 83 16 88 80 26 67 72 18 79 1 75 65 29 95 56 46
74 86 35 33 59 23 90 17 77 55 82 91 72 1 89 78 58 87 38 97 92 76 34 70 75 80 79 99 81 57 40 95
72 55 56 57 73 80 74 64 76 66 75
72 57 56 58 80 76 75 77
86 82 23 90 72 89 77 83 94 87 17 76 55 28 91 1 80
18 54 26 88 53 83 28 73 82 86 79 64 77 72 81 56 80 63 74 16 58 61 29 87 39
86 94 72 82 80 16 87 76 75 74 77 84 1 57 46 88
82 87 72 1 92 74 76
86 53 89 28 90 17 82 72 76 92 87 83 94
79 54 55 56 72 77 76 61 73 81 57 1 35 74 82 75 80 78
16 18 77 54 72 81 56 55 27 80 58 20 74 26 76
82 16 26 17 56 73 77 54 83 86 72 92 74 63 36 95 80 64 61 87
83 72 82 16 20 21 18 56 26 74 77 73 57 88 94 76 75 54 31
79 90 86 87 72 82 92 24 76 58 17 89 91 94 77 80 96 75 33 35
86 33 90 83 91 1 59 76 72 61 89 77 92 81 74
72 82
82 72 73
53 28 58
82 87
58 77
54 72 83 56 77
81
82 69
54 72 56 77
59 33 53 61 81
83
28 53 72 57 77 55 58 34
83 88 77 72
53 72
56
92 58
56 57
72 77 76
54 72 74 56 77
80
57
34 58 81
76
81
82 72 77 76 80 56
82 16 54 26 53 74 83 81 72 56 77 65 58 40 34 80
54 90 79 72 86 56 82 26 77 17 38 92 47 94 93 74 73 29 87
90 87 77 58 86 72 82 75 83 88 34 73 17 74 53 79 81 38 92
53 79 33 87 59 81 77 28 58 72 76 80 34 32 61
76 72 77 80 82 87 99 92
77 72 53 58 35 59 94 33 80 36 55 75 61 57
9 72 74 26 34 56 54 29 77 94 78 83 38
82 72 74 77 1 65 76 92 75
82 83 72 88 74
72 67
72 74 73 65 63 70
83 72 88 74
82 83 72 16 18 20 76 74 81 64 78
56 90 81 76 53 80
77 33 57 72 58 74
53 28 75 72 74 58 57 81 92 1 65 64 76 68 88 63 73 82 67 8 38 80 83
28 34 86 90 58 53 72 82 83 54 77 17 76 57 11 92 26 94 88
28 53 82 26 54 72 77 92 94 16 34 38 58 56 74 55 1 64 76 21
90 59 82 35 86 16 33 96 17 24 28 1 91 58 72 83 87 74 92 75
27 33 35 26 83 59 90 23 91 54 28 53 55 74 82 61 77 86 57 17 1 58 73 34 72 56 92 88 89 78 81 76
33 35 59 86 89 61 79 17 72
83 72 76 78 75 64 74 67 88 73 46
86 77 82 72 87 38 90 74 81 29 56 1 92 83 80 94 76 36 17 64
86 1 82 87 90 92 77 76 72 17 80 56 81 94
28 53 90 24 72 86 17 89 82 34 58 73 22 77 94 56 87 81 74 46 1 38 92 80
55 72 54 74 77 1 82 56 76 36 92 38 80
82 75 76 16 66 74 72 83 63 67 77 65 73 69 18
77 63 72 74 88 73 66 65 57 87 1 76 75
82 16 54 83 56 77 72 28 88 1 74 76 64 63
72 17 86 90 82 92 74 77 94 64 55 27 56 76 38 47 80
16 82 83 86 77 90 17 92 89
60 72 76 74 77 80 75 65 64
56 54 72 77 74 76 73 57 80 79 62 75
86 94 26 28 82 56 90 24 27 77 72 74 1 29 92 76 95 80 66
54 72 55 77 56 76 53 75 80 58 74 73 57
82 86 31 55 74 75 72 56 64 76 78 77
23 72 95 90 77 28 86 53 82 58 59 74 94 63 1 92 73 55 81 38
90 86 38 17 82 72 1 89 55 73 80 92 77 74
55 82 76 74 72 57 75 78 73 65
54 72 57 77 26 83 80 82 74 56 1 16 55 76 87
26 86 17 16 56 79 82 72 77 83 76 53 54 34 58 80 73 74 55 94 65 67 92 78 57 1
82 53 86 83 55 76 18 72 74 75 77 80 58 16 63 1 29 94 73 38 65 26 64 88
53 90 82 76 26 86 89 58 28 56 87 24 72 91 17 80 77 92 73 54 94
90 86 82 72 87 55 73 80 91 77 24 89 54 76 15
82 29
57
55 74 72 73
72 54 56
54 82 72 83 13 8 77 76 73 9
54 77 56
72 82 20 16 87
54 26 72 77 56 73
55 57 82 72 74
54 56
56
54 26 56 73
26 56 54 32
53 28 77 34 26
54 26 73 74
81
58
61 81
79 76 72 77 75 65 58 74 34 29 56 80
72 57 76 82 1 77 74 54 75 80 56
28 58 34 53 72 56 74 73 92 36 75
73 72 29 31 77 96 75 65 76 81 56
72 55 83 74 82 54 76 73 79 77 57 88 75
82 55 72 77 76 80 75 73 74 87 54
72 74 55 59 77 36 42 92 58 76 35
82 27 74 72 77 78 45 65
36 73 74 72 92 65 75 94 77 63 78
77 58 28 72 53 74 96 38 94 76
83 82 76 72 77 75 74 87
54 53 28 26 72 93 56 63 64 17 76 77 67 49 65 58 78 94 75 74 8 57 88 73
86 53 83 74 26 82 77 61 59 34 72 1 55 57 76 92 56 89 80 29
53 86 72 28 57 94 82 55 67 46 92 93 75 34 80
82 16 77 92 80 42 94 86 95 38 36 72 87 65
83 56 26 73 78 67 76 74 75 80 1 88 72 65 84 92 64 87
17 90 86 54 56 74 72 61 16 94 59 83 29 77 87 92 35
53 28 34 58 72 74
58 56 54 28 53 72 26 79 76 32 77 55
82 56 55 54 27 83 72 92 1 81 65 69 66 76 26 28 78 63 74 64 73 94 77 57 93 38
81
26 28 65 76 27 74 72 77 78 63 54 57 55 64 50 38 36 94 56 75 34
53 54 28 57 82 26 58 92 56 94 74 1 83 72 77 73 38 87 79 76
86 83 58 92 38 77 72 56 79 75
90 82 86 28 24 53 92 54 26 17 23 1 72 58 83 89 74 81 77 80 76 95 91
72 59 28 53 63 73 58 35 77 94 33 80 1 74 36 61 65 66 76 34 75 70
83 82 18 86 72 92 73 58 28 77 88 26 56 74 75 76 87
82 87 76 72 94
18 82 72 88 83 16 80 94 76 21 77 65 1 35
83 82 63 31 56 72 77 1 26 54 80 64 87 57 75 76 65
53 34 82 16 31 27 58 28 76 72 63 57 74 64 77 92 26 1 80
53 28 86 54 17 82 16 58 26 34 74 77 72 36 56 22 92 73
82 72 79 80 88 78
82 74 77 72 1
82 56 54 83 72 26 58 1 74 94 92 67 65 77 55 3 76 36 96 57 80 47 75 50
72 8 77 65 1 66 76 67 75 88 80
26 58 88 83 77 56 29 74 72 100 81 44 92 76 87 61
82 76 77 72 80 92
72 76 77 80 75 74 65 57
74 72 57 76 75 65 73 80 84 77
80 65 74 75 83 72 64 8 76 85 94
16 90 86 72 83 79 87 91 20 76 17 74 88 77 80
59 33 86 61 17 72 82 80 35 81 87 53 76 75 74 77 1 83
86 100 99 58 80
90 86 22 56 72 82 83 94 24 17 89 36 77 57 91 29
86 83 82 80 90 76 89 77 91 72 74 1
17 86 26 77 72 56 63 99 53 76 81 29
53 77 86 26 54 17 87 83 72 94 58 89 90 80 74 92 82 34 38 56 73
90 82 53 28 86 1 58 80 77 36 76 92 27 26 72
58 74 72 77 95 92
77 72 86 74 76 42
86 90 17 91 82 76 24 92 89 99
53 90 28 86 82 92 74 72 77 56 89 1 91 73 22 38 94 58 83 96
89 90 86 82 17 72 92 87 42 95
90 86 87 82 53 16 83 24 72 89 77 76 57 17 23 58 95 80 92
90 82 77 86 24 92 91 87 76 74 1 38
33 83 55 82 59 86 72 87 75 76 79 1 95
28 82 26 90 54 58 87 56
86
54 72 29
54 77 72 56 74
28 58 53 80
53 77 58
54
54 56 77 55 80 72
56 26 77 72 73 54
82 18 72 26 83 1
33 59 61 81
26 83 72 18 88 77
54 56
55 86 17 77 79 82
82 62 72
81
74 65 27 72 73 78 76
28 58 74
83 72
82 74 72 75
83 54 82 18 72 77 80 56 76 74 88 79
82 83 88 72 74 57 77 80 76 18 73 87
72 83 77 82 75 88 18 55 74 80 76 65
54 53 56 72 83 82 26 77 76 18 66 74 80 16 32 73 88 58 81 57 94
83 56 82 26 54 72 87 16 34 28 21 58 20 76 77 64 74 80 63 79
83 82 88 78 75 72 63 76 73 1 81 57
80 76 54 77 73 83 75 55 26 72 64 57 78 94 96 74 56
82 78 92 55 80 72 77 69 83 76 64
72
72 82 77
83 82 18 65 76 29 80 72 74 77 88 81 61
72
83 54 77 88 72 82 55 81 74 87 64 56 16 80 31 53 76
9 72 73 74 83 64 94 75 56 77 13 78 76 87
28 72 58 82 16 64 76 73 94 83 32 74 63 77 78 65 56 88 75
58 86 76 82 64 65 80 72 73 75 67 77 63 1 94 78 66
83 56 88 72 75 77 92 79 76 29 31 21
82 26 54 55 87 80 21 72 83 16 75 20 77 74 56 29 27 79
86 74 40 82 72 1 63 77 80 65 64 94 75 55 76 67
82 72 76 74 64 21 29 75 77
72 76 74 78 73 77 75 65 63
67 82 66 72 75 74 55 65 83 64 1 73 77 76 57 54
72 83 74 73 65 76 63 92 38
30 65 76 72
58 83 74 65 55 28 76 77 81 31 80 78 72 75 63 64
92 93 73 64 76 75 72 83 80 82 65 74 46 63 94
53 86 82 16 58 28 72 77 76 38 73 92 80 20 95
82 87 92 86 80 94 72 74
86 82 87 54 72 90 55 17 83 73 56 74 80 89
90 86 23 53 24 56 54 77 82 28 17 87 58 95 79 97 80 26 91 65 92 1 89 16 75 81 74
92 90 82 87 72 1 74 34 61 65 80
82 56 72 83 26 16 77 55 74 76 54 59 73 35 75 94 1 31 69 20 29 67 65 80 66
82 73 33 83 86 74 59 90 92 1 87 72 77 76 89 94
82 77 28 76 92 17 16 58 88 65 73 74 72 94 80 11 67 63 36 83 64
53 87 90 77 62 82 86 72 54 59 76 33 1 56 74 29 83 80 57 61 65 31 26 34
90 28 86 53 54 82 72 65 79 58 24 94 81 17 92 75 80 83 29 26 56 88 73 64 74 76
54 10 58 72 28 81 82 80 34 63 83 94 56 1 74 75 92 76 57 53 36 67 77 65 73
82 54 26 90 91 87 61 95 72 64 24 74 56 75
33 86 59 92 79 76 80 74 58 72 94 81
77 72
53 72 58 77
77 82 83 74
55 72 77 74
56
54 28 77 56
56 54 53 58
55 57
53 34 58 28 77 80 72
54 77 56
53 28 72 58
16 54 82 77 72 56
76
54 26
82 77 72
54 26 77
54 26 76
77 26
82 72 55 57 16
81
69
80
76
99 92 95 1
99 95 92 38 1 94 100
101 1 99 92 95
100 1 99
92 99 95 1
99
99 92 100 1 95 57 97 101 56
47 99 1 92 95 100
95 99
100 99 1 92 67 95 97
99 95 80 92
99 95 92 1
95
95 99 46
92 99 1 95 47 100
99 65 95 97 47 1 92 100
92 99 95 1 100
1
92 99 1 95 87 100 97
95 99 89 1 76 97 101 100 57 92 47
95 99 100 1 92 101 97 48
95 99 1 100
99 92 95 101 1
99 95 1 100 80
99 95 1
95 1 99
1 95 99 92 100 101
95 99 101 100 97 92 1
95 1 99 100 92
92 99
99 95 92 1
92 97 95 99
92 95 99 97
76 92 77 99 95 42 94
99 101
99 101 92 95 97 1
99 95 101
101 99
26 86 82 54 92 77 72 56 89
86 83 90 82 74 89 91 72 92 1 96 76 38 87
86 92 83 89 95 38 76
90 77 86 92 24 1 42 38
86 82 92 72 100
89 86 90 80 91
77 92 17 82 95 24 87 86 91 38 72 36 94 83 90
86 90 82 87 89
86 82 88 95 72 87 92
86 83 74
82 89 92 86 95 83 72 80 94 90 88 73 24 38 74
94 86 92 82 77 90 89 76 1 74 87 17
82 90 89 92 28 86 72 76 83 58 73 94 36 38 91 1 65 74 77
86 82 54 72 83 38 89 26 36 77 18 56 94 55 92 27 76 73 87 74 90 64 1 80 75 65 57 95 3 31 93 88 99
86
86 82 94 92 74 87
90 91
38 86 83 82 36 72 65 80 47 74 94 64 92
82 79 76 64 92 20 77 38
90 24 86 16 82 72 89 88 92 94 76 74 83 17 73 38 87 65 95 18 77 3 56 96 46 54 80
82 88 90 24 86 92 83 17 89 87 76 72 94
83 86 90 24 72 87 82 92 1 38 85 42 73
90 82 36 95 94 92 24 86 38 87 96 89
87 86 92 89
86 82 72 94 95 65 83 74 77 96 90 17 80 67 38 89 87 92 36 73 1
86 17 89 82 92 94 38 42
90 82 89 87 86 1 91
95 86 89 92 94 97 72
1 86 82 92 83 53 91 89 28 77 75 87 90 46 3 72 58 78 81 20 100 17 55 95 94 8
36
86 92 22 17 82 83 89 49
86 16 92 82 87 95
82 87
16 89 86 76 87 92 99 82
82 86 83 89 92 38 87 95 74 72
88 86 87 65 82 90 83 46 16 94 89
83 90 86 94 1 96 92 82 91 24 36 89 42
86 82 87 89 22 17 92 94 83 73 74 1 42 93 72 64 49 90 99 76 95 38 80 96 65
1
82 92 90 86 83 88 95 87 89 1 13 24 94 77 75 72 74 38 96
72 90 86 83 82 38 24 92 95 49 94 57 73
82 72 92 86 85 1 83 95 55 14 8 38 87
82 83 86 92 94 93 63 95 16 87 17 38 47 74 73
83 82 86 92 72 95 97 3 94 65 38 73 36 99 74 25 46 47
82 83 1 92 95 38 47 94 87
72 82 83 65 51 92 97 94 73 98 88 76 74 95 87 67
82 94 95 37 38 92 13 1 72 100
92 95 74 36 1
1
1
92 82 94 95 87
86 90 82 92 95 87 83 77 94 72 89 38 57 16 76
48 97 92 1 83 64 94 73 87 72 65 50 93 95
82 1 83 94 92 16 86 57 74 73 67 72 46 75 36 76 87 95 77 38 85 65 88
86 82 92 83 74 1 95 36 94 64 72 73 65 87
82 18 26 83 65 76 92 74
77
1
1
1
1
94
1
1
1
1
86 92 82 94 38 83 1 72 95 100 47 42 49 77
86 92 82 83 95 1 72 48 87 89 65 38 94 55 46 74 42 51
82 87 92 95 94
86 83 82 87 1 92 73 95 94 89 48 38
92 86 82 63 77 95 67
82 83 72 92 94 38 86 77 95 16 1 65 46
82 72 94 92 95 83 64
82 87 74 1 94 88 46 95 83
86 83 87 82 48 92 73 65 93 95 94
1 48 97
48
1
82 83 86 95 92 16 94 100 46 1 48 88 87 65
83 16 82 94 17 95 86 92 87 38 1 73 65
92 94 82 95 74 1
82 83 92 95 97 16 38 100
92 95 82 94 86 1 36 74
88 1 86 82 92 94 48 20
82 53 94 86 92 83 73 95 99 87 1 36 38 88 98 72 64
1 94 82 63 92 46 85 87 73
82 1 93 51 64 96 94 73 87 92 48 65 84
92 90 86 95 1 88 83 46 82 99 94 31
83 97 82 94 86 92 87 17 1 100 38 95 67 75
86 82 92 54 77 72 87 17 53 27 38 73 95 26 19 65 43 94 13 3 36 60 42
72 92 86 74 94 95 56
83 92 72 95 86 94
26 54 82 56 74 94 77 92 16 72 76 95 38
38 82 83 92 85 74 1 94 72 95 42 36 57 58 73
54 56 92 86 26 82 55 72 94 38
82 83 73 93 94 74 92 95 87 72 3 1
63 92
95 82 92 38 87 72 85 96 94 99 1
76 83 82 73 92 56 38 94 47 89 1 95 74
38 75 94
94
83 94 82 92 73 72
18 82 93 83 74 94 86 92 88 95 1 38 75 97 96
92 74 82 94 73 72 36 65 95
82 92 87 94 93 96 50
82 83 85 92
82 83 92 88 95
82 83 95 92 86 1 87
82 1 92 94 95 74 97 73
82 51 83 1 94 95 88 86 85 92 87
86 82 88 92 95 94
82 92 1 94 97 95
1 82 92 87 48 94 95 83 89 97 99 74
1 95
86 1 17 82 95 92 87 46
82 20 86 95 94 87 73 92 16 1
1
1
1
82 83 18 94 92 88 95
1 82 75 97
82 97 83 94 92 16 95 74 76
94 1 93 48
92 1 97
1
1
1 51 73
1 93
1
85
1 50 96 74 94 93 73 72
94 92 64 46
96 97
83 92 1 94 72 51 48 88
93 1 94 48 46 51 92 97 72 73 74
97 64
1 48
1
97 1 73 51 48
94 95 46 48 1 92 93 98 51
93 92 1 48
1 93 94 51 48 64
1
1 46 48 98
1 92
1
51 1 97 47 92 93 73 94 72 48 74
1 48
1
1 57
1
1
93 51
1
1 77
82 72 86 73 77 83 76 94 95 96 56 53 88 64 97 74 92 63 47 75 34 65 48 38 54 16 46 26 70 57 1 80
82 92 72 1 86 17 75 89 94 64 83 65 38 77 74 53
26 54 17 86 58 82 72 28 92 53 64 77 94 73
53 82 86 92 72 58 77
83 82 74 86 77 16 63
82 86 77 92 16 72 1
1 86 82 94 16 38
83 87 86 82 74 1 95 91 92 77 90 72 55 89 94 64 88 56 81 38 63 76 43 85 84 17 73 65 67
86 82 17 83 87 1 94 89 100 92 90 75
82 86 87 92 72 95 38
86 82 58 28 53 17 16 89 94 1 92 34 64 73 95 66 65
86 50 82 16 92 74 87 83 72 7 93 94 26
82 72 55 38 92 88 74
86 54 82 92 72 87 83 77 94 36
82 87 86 92 95 96 83 89 80 94
92 82 86 80 87 1 65 74 72 93 46 88 73
54 82 83 86 53 92 94 58 95 28 72 76 38 75 80 64 81 87 36 89 1
82 20 1
86 82 94 1 90 17 76 92 55 87
86 82 83 18 74
83 82 92 86 89
82 77 86 92 87 73 89 94 72 95
82 86 94 72 92 95 87 64 1 77
86 87 82 72 76 1
82 87 86 47 96 92 38 72
82 86 54 72 87 94 74 77 83 17 92 73
82 17 86 92 94 75 73 87 46 95 74
82 86 92 88 83 89 64 94 87
82 86 83 92 90 87 94 95 72 89 74
83 26 86 82 54 10 56 72 55 16 27 77 80 92 31 87 79 65 14 75 74 94 57 63 64 67 89 78
92
86 82 17 92 76 95 74 94 89 87
82 16 86 90 72 87 88 92 83 94 95 89 17 64 77 1
82 87 86 89 95 54 26 28 58 53 92 77 1
75 76 77 95
82 86
90 82 87 86 89 92 20 38
86 82 83 72 92 74 55 80 73 1 87 77 76 95 88 89 21 57
86 73 83 90 82 72 16 95 46 74 36 77 87 92 94 78 65 76 63 1 96 89
86 82 90 87 89 92 91
92 86 82 95 17 87
82 86 92 38 87 74 94 27
86 82 87 92 83 95 42 17 74 90 24 72 89 46 94 1 38 75
83 90 82 86 67 92 46 24 95 72 94 87 16 76 74 36 17 88
86 82 87 46 89 63 72 90 91 92 80 76 47 100 95 77 58
86 82 89 87
82 92 86 72 95 94 38 90 47 83 85 99 89 74
82 86 89 90 94 92 87 73 38 95 74 24 46
87 86 90 91 95 99 82 89
82 92 90 86 89 87
86
83 82 94 92 86
86 82 92 38 87 72 89 95 94 74
92 82 72 64 90 74 86 94 1 83 87
86 82 89 17 92
82 83 21 76
82 83 86 90 92 87 54 72 65 94 73 1
86 82 87 92 74 83 1 72 73 95 93
53 28 90 82 24 86 77 72 1 74 58 87 56 92 73 16 94 17 80 65 55 75 76 5 32 64
90 82 86 92 24 87
90 82 86 83 89 87 24 16 17 22
82 86 90 80 92 94 95 64 74 89
82 86 87 92
90 83 86 82 24 89 92 87 1 95
89 90 92 87 86 82 72 95 91 80 1
82
57
82 90 94 72
90 82 54 86 91 77 95 72
92 86 90 82 89 95
86 82 83 92 95
83 86 82 95 47
82 86 83 92 74 87 72 73 94
82 86 83 89 72 92
90 86 82 92 1 91 95 94 24
86 82 95 74
86 90 63 72 94 92 82 23 46 38 87 89 95 52 74 77 1 76 36
82 87 77 86 83 16 74 72 55 73 89 80 88 90 54 92 23 94 95 57 75 65
86 82 87 72 74 90 92 94 73 13 63
90 86 83 74 82 94
82 90 86 23 38 91 89 94 72 74 87 92
82 83 72 86 74 38 95 87
83 86 82 94 90 23 16 1 72 77 38 89 92 73 74 17 76 87 24 67 42
86 83 74 82 90 72 36 87 77 89 80 92 75 73 1 63 88 67 76
86 82 90 83 85 87 89 24 84 95 36 92 72 38 1
82 86 92 1 89 36 87 99
82 86 72 90 17 92 89 94
86 53 72 82 90 92 17 65 89 99
82
72
82 86 87 90 1 91 38 72 95 76
95 1 99 43 38 92 42 100 72
99 95 100 1
99 92 95 47 97 100 80 1 42 43 45
76 77 80 38 1 82 95 99 92 58 63 72 40 87 42
99 95 92
95 92 99 100 1
92 95 99 100 1 97 101
47 99 95 97 92 100
1 99 95 100 92 101 97
1 101
1
1 92 95 99
95 97 1 92 94
99 101 1 95 92 87 100 72
92 1 95 99
1 92 95 100 99
1 95 99 92 93
95 1 99 100 101 92
47 95 92 1 99
82 95 1 87 92 99 38
95 92 99
95 1 92 99 65 96 97
92 95 87 82 99
1 95 80 92 99
1 49 99 92 95
95 80 65
95 92 1 100 99 97
1
82 83 86 72 94 56 80 1 89 92 38 87
1
82 86 76 92 89 13 38 95 87
1 51 48
1 48
1 48
1
1 97 48 75
48
48
48
82 86 1 77 87 92 90 48 89 66 97 95
86 82 1 89 48 87 46
1 95 64 38 92 94 76 36 51 2
95 92 1
95 92 1 38 94 51 99 100 55
95 54 77 72 38 1 56 80 26 99 76 92 57 42 47 43 74
92 95 99
72 1
82 86 38 92 80 87 89
86 72 80 89
82 86 63
86 82 87 89 90 92 91
92 82 89 86 99 95
82 90 86 77 24 92 1 74 95 89
83 90 24 86 82 95 92 87 1 89 38 36
83 86 82 87 95 89 92
86 82 92 89
82 86 17 87 88 90 92 16 83 89 77 76 95 72 74 38 42
86 82 16 83 90 87 1 58 22 91 24 17 92 55 38 72 89 95 36 77 76 99 57
90 86 82 74 87 1
82 86 92 90 91 83 87 95 1 38 76 24 89 80 72
86 83 82 92 87 72 1 89 74 73 38 64 65 75 77
74 82 72 83 77
72 90 86 83 17 87 89 82 92 24 64 94 95 23 63 65 1 91 73 77 74 57
82 86 38 95 87 58 34 92 83 90 76 22 74 94 80 55 67 47
82 83 74 86 87 48 1 94 73 25
72
82 87 86 72 83 94 76 63 65 90 24 75 1 92 74 64 80 36
76
72 64 82 16 80 54 77 56 63 58 93 94 1 73 76 74 26 29
82 72 27 86 83 87 92 77 95 42 64 38 32 1 76
86 73 90 82 17 87 89 1 94 97
82 86 92 83 87 89 72
82 38 90 87 86 92 72 95
86 90 82 16 83 66 17 87 92 95
1 81 80 76 48 65
86 82 17 89 95 1 87 80 92 99
74 1
82 90 86 87 17 89 1 16 72 91 51 94
1
86 82 90 83 72 92 88 87
86 82 87 89
82 86 90 83 77 88 92 87
87 86 56 82 1 95 89
17 86 95 72 92 82 16 1 55 89 77 87 100
86 82 64 54 92 26 77 87 95 1 56 72
95 92 1 99 100
63
19 1 99 95 46 92 94
99 1 92
99 1 95 92
90 23 1 24 91
1
99 1 95 92 97
1 99 100 95
1 95 99 92
92 95 99 1 42
99 95 92 43 1 42
95 92 1 99 47
1 92 95 99 100
92 99 1 95 47 100
95 92 99 1 47 100
95 1 92 99 38
99 95 1 92
92 1 95
92 1 97 94 95 47 99 55 31 45 46 100
1 95 99 45
99 95 92 100 101
99 92 95 1
95 99 100
90 24 99 1 92 77 95 67 65 73 42
100 1 95 92
95 42 99 77 53 92 38 1 79 76 80 34 40 100 64 101 63 32 94
1 99 94 92 95 100 81 65
95 99 76
92 95 97 47 1 99 100
99 72 100 95 92 38 75
72 75 95 64 80 73 1 99 97
95 99 92 1
95 1
95 1 92 99
95 92 99 1 43 100
95 99 1 92
1 99 81 92 80 95 76 72 100 77 45
95 99 1 92 45 101
59 33 95 1 61 99 63 38 77 92 53 35 3 94 72 100 81 42 28
1 95 101 94 72 92 36 99
95 100
86 72 77 54 90 53 28 17 56 81 79 80 58 99 1
86 28 79 1 95 34 89 97
23 90 91 101
95 92 1 99 97 101 42 80 38 100
80 1
86 91 92 95 90 28 89 1 99 77 100 97 38
92 95 1
24 90 86 91 17
24 90 91
17 90 86 1
72 90 17 86 91 24 74 89 1 55 77 80
28 53 90 17 86 59 33 77 72 54 26 58 24 56 23 89 61
90 91 24 19
28 53 77 90 24 79 58
86 90 91 24
90 91 24
90 91 23 24
90 91 1
1 97 95 99
86 33 72 28 1 53 17 61 58 77 76 59 56
81
80
53 58 72 76 83 28 73 75 74 55 77 56 94 93 65 80 92 36 63
86 38 82 83 72 12 1 92 56 94 87 76 80 17 73 64 88 93 89 95 36
42 86 92 18 82 83 72 89 77 94
82 92 36 86 38 46 1 76 73 65 95 94
86 83 90 92 82 89 47 20 55 94 46 95
86 90 82 77 72 17 92 76 38
38 72 1 92
82 54 86 1 38 27 72 56 77 87 26 92 28 17 74 58 75 73
73 16 86 77 74 55 76 17 82 38 95 83 72 26 54 28 92 85 57 56 80 94 89 1 75
54 56 26 77 72 80 74 83 88 63 76 73 49 67 65 58
86 82 89 87 72 92
63
86 82 54 28 26 53 77 38 72 92 87 74 94 56 3 58 17 97 95
82 74 86 90 38 23 92 24 64 94 95 89
83 72 86 92 82 77 97 38 17 88 19 94 76 1 87 95 57 74 93
90 82 86 94 38 92 72 74 89 17 87 1
86 82 17 73 83 93 90 38 96 72 87 92 95 64 89 74 94
82 86 1 83 90 72 94 88 95 80 74 77
82 77 86 83 87 92 90 94 95 74 56
82 86 90 17 92 94 83 38 95 89 77 72
82 86 87 83 74 92 38 94 95
86 83 23 82 1 74 38 53 90 17 68 72 87 73 92 57 28 97 94 48 95 42 89 78 47 88 75 93 58
83 82 86 17 99
72 83 17 56 86 82 89 92 77 76 29 74
83 92 82 86 1 72
10 83 72 38 1 92
83 82 92 89 86 87 38 17
82 86 83 92 95 90 74 46 93 73 38 72 16 1 89 94 22
86 82 89 90 92 83 95 74 87 94 1 88 76 38 72 36 47
82 86 89 17 90 74 16 72 92 38 95 55 88 24 87 57 94 46 76 77 97 73
86 82 83 77 17 76 72 90 46 92 74 87 24 38 89 64 94 88 55 80
87 82 86 100 95 42 55 40 92 64
90 24 73 82 1 86 83 94
86 82 90 87 92 72 94 74 24 80 75 46 38
82 1 87 92 83 88
82 93 1 48 74 92 63
82 86 38 94 92 87 36
82 88 86 83 94 47 92 48
82 42 95 94
86 82 83 92 89 16 65 76 72 87 73 1 3 74
82
82 86 17 87 38 72 92 1 94 76 69 93 73 51 95 63
82 92 1 94
86 82 80 1 38 95
82 86 92 87 46 74 85 83 94 67 7
86 82
82 92 73
1
86
48 1
1
1
48
1 93 73
82 86 74 38 1 94 58 92 83 17 89 34 46
82 86 75 92 87 72 89 95 38 56 94
92 82 83 86 42
82 86 92 83 38 90 95 24 94 74 1 87 36 89 76
87 82 92 86 72 89 1 67 94 76 58
82 16 54 86 95 92 72 55 17 26 83 89 74 87 1 77 75 80 38 94 73
86 90 82 83 87 92 42 94 16 1 95 74 80 89 55 73 72 38 47
92 86 17 82 83 74 77 94 1
53 82 92 28 73 90 83 72 86 58 34 94 77 17 54 74 75
28 53 27 55 82 87 77 72 74 64 65 56 1 76 78
83 86 82 72 92 95 94 73 38
83 82 92 86 88 72 54 36 95 73 17 87 94 78 91
16 87 82 83 86 90 95 89 94 75 76 92 17 38 72
82 1 86 83 87 92 36 95 89 94 56
82 87 86 83 90 24 92 38 99 1 89 17 95 72 42 16 94
72 83 86 55 82 16 87 97 92 31 74 80 38 94 95 47
54 56 28 77 72 86 65 82 29 76 1 75 61 89 73 74
87 82 73 92 86 83 38 94 72 95 74 1
82 92 86 95 42 72 83 94 97 1 64 38 78 36 93 88 74
16 82 95 86 92 94 83 72 89 56 38 46 1 87 74 63 77
82 54 16 86 87 72 90 92 94 17 95 89 38 73 77
82 86 16 90 72 46 95 87 92 94 17 1 89 97
86 94 82 74 46 92 72 87 75 73
82 86 16 87 92 73 97 38 17
87 86
86 17 82 26 72 1 76 61 29 87 80 81
82 86 92 17 16 83 89 87 1
82 83 86 1 87 16 89 92
86 82 72 83 95 87 99 92
83 82 86 92 95 94 87
86 82 87 94 74 16 92 1
83 82 95 92 65
86 82 87
1
82 1 87 65 51 92 75 94
86 1
47 1
61 72 95 76 92 99 38 80 74
87 95 82 76 36
82 86
86 95 99 92 40 72 1 38 89 42
99 95 75 92 1
95 42 99
95 99 1 92 100
95 99 97 1
92 95 99 1 77 97
95 99 1 100 92 42
1 99 95 100 92 97 42 101
1 101 95
1
86 1 67 79 66 64 65 94 76 81
95 99 1 92 100
1
95 97 99 47 92
1 95 99 92
99 95 100 92
95 97 92 101 99 1
99 95 1 97 47
1 95 99 2 92 48 76 46 94
99 1 33 92 61 80 38 58 47 28 95 101 67 59 53
28 53 72 80 81 1 51 77
26 61 79 53 58 28 86 95 82 80 92 54 64 77 89 56 65 1 34 72 67 74
53 26 29 56 28 58 54 77 72 1 80 79 65 73 81 3
92 95 99 58 1 40 74
82 89 77 58 90 92 100 95 1 87 99 31 91
99 92 95 56 42 90 38 19 80 1
1
82 1 92 95 90 86 77 100 89 87
82 90 95 1 53 72 28 86 87 89 92 42 55 57 58 100
90 92
82 86 1 87 95 20 90 89 92
1 87 99 72 82 92 95 100 76
86 95 82 92 89 1
95 67 1 92 99
1 43 42 95 99 92 100
92 95 99 67
95 17 89 54 72 92 99 86
95 99 53 58 92 82 47 1 72 100 97 87 40 42
87 82 95 97 1 92 100 99 94 93 42
95 1 101 99
95 1 99 92 100 63 42 75
92 95 99
95 99 1 92 76 51 74 100
1
1
72 38 77 95 99 67 92 101 96 1 74
86 38 95 1 92
99 95 92
95 48 92 99
95 99
99 95 92 43
1 95 99 47 92
95 99 92 64
87 16 82 95 86 92 89
99 42 72 95 46
100 99 95 92 1 38
99 1 80 77 95 92 42
92 83 17 95 44 86 82 1 94
94 82 95 88 92 1 93
86 82 89 87 1 76 72
95 92 97 99
95 87 92 82 99 1
95 92 82 99 87 32
82 1 95 99 92
82 83 1
82 83 1
82 95 100 86 92 47 99 1 87 42 94 65 38
1 95 87 82 92 99 89 47 101 100
95 94 82 92 86 1 99 100
82 87 92 32 95
82 92 86 83 89 54 87 99 95 1 88 46 77 97
76 95 1 77 92 55 87 57 82 72 64 54 86 65 42 74 80 46 43
92 1 94 87 95 76 63 56 77
86 82 92 89 90 95 97 99 100 1 87
87 92 82 90 95 1 67 100 97 80 48 94
86 99 92 82 1 87
82 28 1 77 42 95 92 76 80 74
92 54 53 82 72 28 1 95 58 77 89 87 38 100 99 64
82 1 95 87 92 80 58 53 72
82 56 77 58 53 72 92 87 1
1 95 92 74 77 56 72 100 76 67 43 73
92 65 95 1 74
1
1
1
86 92 87 82 1 95 67 94
92 1 86 93 74 49 95 94 65 89 99 76 72
92 90 95 1 89 86 82 42 99 87 55 91 76 94 46
92 82 94 1 42 95 99 46 91 47 32 53
82 95
95 1 99 92 57 82 90 86 54 56 89 87 91 26 38 94 72 83
1
1 92 82 95 89 94 87 99 100
92 59 33 1 90 24 95 72 56 54 26 74 81 87 97
1
92 1 95
1 95 94 92
95 92 99 1 43
92 99 1 20 23 57 55 82 95 47 94 72 58 77 89 87 56 38
38 28 1 53 82 92 72 95 58
92 1 95 72 99 56
28 1 86 99 90 92 58 94 77 95 89
72 1
53 73 1 92 58 72 3 64 95 36
1 99 92 24 64 90 95 86 80 72 94 23 89 57
1
76 72 58 34
1 86 56 90 92 26 99 95 89 72
1 92 89 95 86
1 92
1 94 92 95 97 99
92 1 95 90 99 94 38
95 32 1 92
95 1 58 92 90 24 28 77 53 98 80 34 72 91 100 99
56 53 58 26 92 28 89 79 42 1 77 95 48 100
99 93 95 92 1 97
92 95 42 1 94 93 38 47 56 99
1 95 92 56 77 42 80
33 53 28 77 59 72 1 80 58 34 63
33
1
82 54 72 53 86 26 17 10 28 77 75 80 12 76 74 61 65
82 43 76 92 75 38 95 99 97 42 40 72
82 77 72 73 87 74 88 92 96 94
99 82 83 36 92 95 1 20 77 94 80 97 72 74 38 100 87 76 65 43 57 101
95 99 83 86 89 82 92 76 42 1 38 100 77
99 95 40 97 100 101 42 94 92
97 100 99 94 95 92 101 45 47 42 40 65
95 92 40 1 99 63 80 72 100 101 43
78 95 58 99 97 80 28 75 42
38 75 92 42 76
77
76 1 38 95 99 92 94 42 97 36 101
82 40
82 92 95 56 72 87 65 4 73 94 47 46
82 86 87 92 93 97 72 64 94
95 83 82 86 94 92 87
99
82 16 94 92 89 86 17 74 95
48 94 1 73
82 86 92 87 94
82 95 16 87 92 90 86 83 72 73 1
82 86 87 88 92 83 74 94 72 95 37 89 1 97 93 96 47
82
54 82 16 72 77 87 26 80 57 28 73 34 79 36 81 58 53 59 1 56 74 76 93 75
76 26 16 82
16 86 82 72 92 87 83 94 75 65 93 20 36 88 1
86 82 16 65 94 83 92 77 27 72 57 19 73 38 64 93 87 55 76 74
82 86 95
92 82 86 90 95 1 87 24
92 86 82 83 95 87 89 1
82 86 89 92 87
82 86 1 93
86 1 89 95 74
95 92 72 97 99
82 92 90 1 65 87 99 95 58
4 86 72 92 1 95 28 58 76 80 77 99 38 56 89
87 86 92 83 1 82 95 72 89 94 99 65
92 86 82 95 1 89 99 16 48 46 50 42
86 89 92 95 97 17
86 1 72 82 87 61 59 84 35 83 92 17 70 81 77 74 58 76 64 94 65
88 72
90 1 86 24 89
53 28 72 58 61 77 81 89 80 1
86 1 90 89 17 82 91 33
93 64
86 77 56 67 61 28 58 17 72 81 33 3 80 34
94
1 72 64
94 1
33 1 61 36 76 79
93 96 72 92
82 86 72 48 1 47 16 89 94 87 4
48 1
1
93 76 94 48 1 83 46 92
86 27 1 57 58 34 82 92 87 28 29 94 26 80 17 38 42 89 72 40 77 74 65 76 93
86 1 76
1
86 1
86 82 83 16 88 72 1 87 48
86 17 82
82 90 86 99 91 17 72 92 97 89 95 1 38
95 54 97 92 77
82 92 43 95 72 99 94 49 64 86 48
86 96 92 95 67 77 72
86 46 1 77 17 74 95 72 92 50 65
86 90 1
82 86 17
82 94 87 92
82 83 94 92 64 95
82 83 57 94 74 72 75 73 92 77 55 81
82 92 38 86 95 72 36 94 89
95 94 92 99 76
92 86 95 87
86 1 95 76
92 95 42 86 82 1 99 57 43
86 82 92 87 36
82 92 100 95 86 1 38 72 94
82 90 86 76 92 87 75 38
72 77 75
82 83 90 95 92 87 86 38 24 42 99 88 1
89 86 82 83 92 87
72 82 86 83 74 77 1
90 86 98 95 82 92 1 87 38 42 89
1 92 38 95 74
89 86 95 80 1 64 75
86 90 1 92 99 31 95
61
72
72
95 99 92 42
92 95 99
73
1
1
94
19 1
1
1
1
1
1
1
1
1
1 31
74
1
48
1
92 48
1
1
1
1
1
1
1
99 1
67
1
1
1
63 31
1 93
1
95 1
1
