@CONVERTED_FROM_TEXT
@ITEM=1=APARTAMENTO_P3_FALSE
@ITEM=2=APARTAMENTO_P2_FALSE
@ITEM=3=APARTAMENTO_P1_TRUE
@ITEM=4=APARTAMENTO_P1_FALSE
@ITEM=5=APARTAMENTO_P4_FALSE
@ITEM=6=APARTAMENTO_P3_TRUE
@ITEM=7=APARTAMENTO_P2_TRUE
@ITEM=8=APARTAMENTO_P4_TRUE
@ITEM=9=APARTAMENTO_P5_FALSE
@ITEM=10=APARTAMENTO_P5_TRUE
@ITEM=11=APARTAMENTO COM OCUPACAO NAO RESIDENCIAL_P2_FALSE
@ITEM=12=APARTAMENTO COM OCUPACAO NAO RESIDENCIAL_P3_FALSE
@ITEM=13=APARTAMENTO COM OCUPACAO NAO RESIDENCIAL_P4_FALSE
@ITEM=14=APARTAMENTO COM OCUPACAO NAO RESIDENCIAL_P2_TRUE
@ITEM=15=APARTAMENTO COM OCUPACAO NAO RESIDENCIAL_P4_TRUE
@ITEM=16=APARTAMENTO COM OCUPACAO NAO RESIDENCIAL_P3_TRUE
@ITEM=17=APARTAMENTO COM OCUPACAO NAO RESIDENCIAL_P1_FALSE
@ITEM=18=APARTAMENTO COM OCUPACAO NAO RESIDENCIAL_P5_FALSE
@ITEM=19=BARRACAO_P2_FALSE
@ITEM=20=BARRACAO_P3_FALSE
@ITEM=21=BARRACAO_P1_FALSE
@ITEM=22=BARRACAO_P3_TRUE
@ITEM=23=BARRACAO_P2_TRUE
@ITEM=24=BARRACAO_P1_TRUE
@ITEM=25=BARRACAO_P4_FALSE
@ITEM=26=BARRACAO COM OCUPACAO NAO RESIDENCIAL_P1_FALSE
@ITEM=27=BARRACAO COM OCUPACAO NAO RESIDENCIAL_P3_FALSE
@ITEM=28=BARRACAO COM OCUPACAO NAO RESIDENCIAL_P2_FALSE
@ITEM=29=BARRACAO COM OCUPACAO NAO RESIDENCIAL_P2_TRUE
@ITEM=30=BARRACAO COM OCUPACAO NAO RESIDENCIAL_P1_TRUE
@ITEM=31=BARRACAO COM OCUPACAO NAO RESIDENCIAL_P3_TRUE
@ITEM=32=CASA_P3_FALSE
@ITEM=33=CASA_P1_FALSE
@ITEM=34=CASA_P2_FALSE
@ITEM=35=CASA_P4_FALSE
@ITEM=36=CASA_P2_TRUE
@ITEM=37=CASA_P3_TRUE
@ITEM=38=CASA_P1_TRUE
@ITEM=39=CASA_P5_FALSE
@ITEM=40=CASA_P4_TRUE
@ITEM=41=CASA_P5_TRUE
@ITEM=42=CASA COM OCUPACAO NAO RESIDENCIAL_P2_FALSE
@ITEM=43=CASA COM OCUPACAO NAO RESIDENCIAL_P1_FALSE
@ITEM=44=CASA COM OCUPACAO NAO RESIDENCIAL_P3_FALSE
@ITEM=45=CASA COM OCUPACAO NAO RESIDENCIAL_P2_TRUE
@ITEM=46=CASA COM OCUPACAO NAO RESIDENCIAL_P3_TRUE
@ITEM=47=CASA COM OCUPACAO NAO RESIDENCIAL_P1_TRUE
@ITEM=48=CASA COM OCUPACAO NAO RESIDENCIAL_P4_FALSE
@ITEM=49=CASA COM OCUPACAO NAO RESIDENCIAL_P5_FALSE
@ITEM=50=CASA COM OCUPACAO NAO RESIDENCIAL_P4_TRUE
@ITEM=51=CASA COM OCUPACAO NAO RESIDENCIAL_P5_TRUE
@ITEM=52=GALPAO_P3_FALSE
@ITEM=53=GALPAO_P1_FALSE
@ITEM=54=GALPAO_P2_FALSE
@ITEM=55=GALPAO_P2_TRUE
@ITEM=56=GALPAO_P4_FALSE
@ITEM=57=GALPAO_P1_TRUE
@ITEM=58=GALPAO_P3_TRUE
@ITEM=59=GALPAO_P4_TRUE
@ITEM=60=GALPAO_P5_FALSE
@ITEM=61=LOJA_P3_FALSE
@ITEM=62=LOJA_P1_FALSE
@ITEM=63=LOJA_P2_FALSE
@ITEM=64=LOJA_P2_TRUE
@ITEM=65=LOJA_P3_TRUE
@ITEM=66=LOJA_P4_FALSE
@ITEM=67=LOJA_P1_TRUE
@ITEM=68=LOJA_P5_FALSE
@ITEM=69=LOJA_P4_TRUE
@ITEM=70=LOJA_P5_TRUE
@ITEM=71=LOTE VAGO_TE_FALSE
@ITEM=72=SALA_P4_FALSE
@ITEM=73=SALA_P3_FALSE
@ITEM=74=SALA_P2_FALSE
@ITEM=75=SALA_P3_TRUE
@ITEM=76=SALA_P2_TRUE
@ITEM=77=SALA_P4_TRUE
@ITEM=78=SALA_P5_FALSE
@ITEM=79=SALA_P1_FALSE
@ITEM=80=SALA_P5_TRUE
@ITEM=81=SALA_P1_TRUE
@ITEM=82=VAGA DE GARAGEM NAO RESIDENCIAL_P3_FALSE
@ITEM=83=VAGA DE GARAGEM NAO RESIDENCIAL_P2_FALSE
@ITEM=84=VAGA DE GARAGEM NAO RESIDENCIAL_P4_FALSE
@ITEM=85=VAGA DE GARAGEM NAO RESIDENCIAL_P3_TRUE
@ITEM=86=VAGA DE GARAGEM NAO RESIDENCIAL_P1_FALSE
@ITEM=87=VAGA DE GARAGEM NAO RESIDENCIAL_P2_TRUE
@ITEM=88=VAGA DE GARAGEM NAO RESIDENCIAL_P1_TRUE
@ITEM=89=VAGA DE GARAGEM NAO RESIDENCIAL_P5_FALSE
@ITEM=90=VAGA DE GARAGEM NAO RESIDENCIAL_P4_TRUE
@ITEM=91=VAGA DE GARAGEM NAO RESIDENCIAL_P5_TRUE
@ITEM=92=VAGA DE GARAGEM RESIDENCIAL_P3_FALSE
@ITEM=93=VAGA DE GARAGEM RESIDENCIAL_P4_FALSE
@ITEM=94=VAGA DE GARAGEM RESIDENCIAL_P2_FALSE
@ITEM=95=VAGA DE GARAGEM RESIDENCIAL_P1_FALSE
@ITEM=96=VAGA DE GARAGEM RESIDENCIAL_P3_TRUE
@ITEM=97=VAGA DE GARAGEM RESIDENCIAL_P2_TRUE
@ITEM=98=VAGA DE GARAGEM RESIDENCIAL_P4_TRUE
@ITEM=99=VAGA DE GARAGEM RESIDENCIAL_P5_TRUE
@ITEM=100=VAGA DE GARAGEM RESIDENCIAL_P5_FALSE
@ITEM=101=VAGA DE GARAGEM RESIDENCIAL_P1_TRUE
@ITEM=102=APARTAMENTO
@ITEM=103=BARRACAO
@ITEM=104=CASA
@ITEM=105=GALPAO
@ITEM=106=LOJA
@ITEM=107=SALA
@ITEM=108=VAGA DE GARAGEM
33 71 32 21 34 19 52 61 62 67
71
64 71 67
71
54
71
34 32 35
34 33 61 71 55 62 54 63 32 66 65 69
54 34 32 1 71 6 63 52 21 35 36 53 33 61 44
1 32 52 34 45
32 63 35 34 68 36 53
33 32 34 1 35
1 6 35 63 32 8 7 34 37 44 62 71 33 67
1 6 32 19 34 61 95 42 35
71 34 35 1 32 6 63 39
32 6 1 21 54 61 35 34 71 19 53
32 1 34 6 35 8 71 33 63
63 32 6 62 44 1 35 39 54 74 34 48 52 61
1 6 53 32 34 35 44 20
33 35 32 1 34
32 34 35 53 71
1 5 2 32 6 35 8 34 65 96
32 1 71 6 8 19 35 27 62 61 34 42
33 32 34 71
32 35 1 27 61 74 44 6 62 34 39 63 95 7 2
7 34 63 61 62 32 35 67 6
62 67 66 35 44 63 71 64 54 61 34 32 7 69 56 52 33 42 76
6 32 1 8 62 5 33 35 34 96
1 7 32 35 34 71 40 37 61
32 35 39 40 71 44
35 32 40
34 1 32 54 71 53 21
35 37
35 39 32 71
32 35
44 34 32 35
5 32 34 44 1 54 35
32 71 1 44
5 1 6 32 71 55 63 61
32 34 56 71 54 61 35 53 48
32 34 19 1
1 83 61 73 7 32 71 34 74 54 53 33 63 66 62 64 6 44 48 65 52 2 19 72 56 36 35 20 21 68 3 37 42 75 24
32 34
21 32 34 44 63 35 61
35 32 64
32
71
32 35
35 32 39
32 34 35
32 34 1 35 6 21 71
32 61 35 34
32 34 36 35 37 1 53 42 71 21 6 61
71
1 32 19 35 34 39 44 71 6
32 1 53 62 6 2 71 33 20 34 44 63 35
1 6 19 32 61 7
34 32 71 54 63 35 61
1 6 35 32
6 1 32 34 19 23 35 58 63 37 33 71 54 44
20 32 52 34 61 35 71 21 1
32 34
32 64 35 44
6 35 32 74 1 62 34 52 42
5 1 32 2 8 6 62 34 44 33 19 71 37 53
1 35 32 33 5 8 6 34 71 44
1 61 7 6 62 63 53 32 21 54 34 35 48 3 65 66 44 49 67 76 71 42 19 64 74 30 39
34 32 1 71 66 53 37 61 6 33 35 63 52 21
32 1 34 33 6 63 61 35 71 7 37 52
32 34 62 35 33 64
35 71 33 53 32
32 34 71 33 53 35 20 52
32 34 36 1 35 71 20
63 32 61 62 34 20 71
34 32
34 32 1 62 19 35 21 36
33 32 54 1 34 71 6 37 35 21 63 42
6 34 32
35 1 40 7 34 71 6 42 32 62 53 46 33 92 69 63 21 61 48 36 20 19
1 32 44 34 35
32 35 39 34 19 71 53 33 21
32 63 34 3 53 52 61 71 42 64 4
34 32
34 33 32
32 34 33
33 32 34
32 34 33
34 32 20 33 63 35
34 54 32 33 20
34 32 33
36 34 33
2 32 74 62 63 19 71 7 34 37 54
34 32 33 20 19 62
34 33 32
34 19 35 20 32 33
43 34 32 33 35 71
34 32 71 19 33 37
1 71
71 33
33 34 32 62 35 61
34 32 33 19
32 33 34 71 62 19
32 19 34
33 34 53 32 71
34 32 33 43 35 19
34 32 33 71 19
63 19 34 32
32 71 35 33 63 34 19
32 34 33 35
34 32 33 39
34 32 33 21
32 34 63 53 21 33 19
32 33 62 34
34 32
34 32 64 33 19
32 34 61
34 33
34 32 33
34 32
32 34
33 32 34 20 63
32 34
61 32 34 71 65
71
32 71 35
2 35 32 34 37 71 20 63 27 33
35 61 1 32 2 63 6 34 71 33 42 62 7 20 55
2 20 32 1 34 19 6 36 35 71
1 6 2 32 66 34 71 53 62 63 61 57 54
32 20 1 34 35 6 71
92 36 6 61 67 32 63 34 33 37 21 19
32 1 34 37 6 71 54 33 35 44 20
1 71 6
1 71 54 32 35
53 34 56 65 63 71 54 32 52 58 69 61 33 57
1 34 71 32 54 7 61 6 2 52 53 35 33 37
34 1 2 20 32 35 6 71 19 62 42
32 2 34 53 71
71 5 32 8 34 53
34 64 56 54 61 6 32 79 53 71 1 35 62 19 4 36 63 7 55 42 58 67 66 38 23 20 26 37 52 59 33
34 1 32 33 35 71
34 1 35 6 32 61 53
32 20 34 33 35 71
32 1 61 19 35 34 33 6 21
32 62 34 33 63 35 54 24 36 71 81
6 34 71 32 1 37 33 3 4 38
34 20 32 1 35 61 53 71 63 65 62
32 21 33 36 34 63 62
32 21 71 52 34 33
33 32 71 36 34 39 21 63 35 61
34 32 35 1 20 61
34 2 32 1 62 6 71 45 63 44 35 61 33 92 67 56 19
1 71 32 34 6 92 21 69
54
32 1 61 34 33 37 20 56 2 71 21 52 38 36
53 62 71 44 34 33 32
34 62 63 32 33 55 35 7 71 53 23 61 19 21 38 39 48 54 37 36 20 24
34 32 61 54
32 34 1 6 64 71 37 19 65 21
1 34 32 35
34 63 35 71 32 33 58
36 65
21 35 32 63 71 34 44 1 36 33 41 61 20
1 34 32 37 33 19 92 36
34 21 32 33 36 19 71
71 32 64 33 36
37 34 32 23 19 33 63 35 21 61 71
34 71 33 32 19 21
33 43 1 32 34 36 53 61 71 21
42 32 34 19 35 33 21 62 36
33 34 32 54 23 62 71
33 34 20 71 19
37 32 34 33 19 35 36 7 2 43 4
1 34 32 71 37 33
32 34 33 19
34 20 71 62
62 32 34 21 61 36 35
32 34 37
71
71
71
71
20
71
71
32 71
71 34
34
71
71
71 20
71
71 32
71
71
20 19 53 21 71
34 21
71
32 19 34 21 33
71 36 21 19 34 37 33
20 19 34 37 32 33 62 21 61 71 64 40 36 63 24 38
2 71 34
32 37 62 34 21 71 33 19
61 21 19 33 34 71 86 20 37 36 63 32
62 63 34 32 61 19 71 21 35 33 38 67 37 52 54
71
34 21 32 71 33 62 20 19 36 64
32 34 33 20 21 19 53 64 62 61 71 63
32 34 33 63 21 71 42 19 54 35
1 65 61 54 69 52 21
34 19 33 67
33 32 20 34 62 21 19 71
19 34 32 61 71 21 33 38 62 37 36 20
53 71 34 32 63 33 62 19 94 37 20 21 35 36
71 63 61 21 67 33 36 53 6 7 19
34 71 33 19 32 63 21 64
33 34 42 64 35 32 21 19 61 37 54 36 20
32 34 21 63 33
34
71
71 34
35
71
34 19 32 33 63 52 67 62 38
32 61 38 54 34 67 53 56
34 33 20 43
34 32 20 61 63 37 62 36 33 21
34 33 32
34 63 52 33 62 61 53 32 19 64 54 21 38 28 67 71 55 36
32 62 34 37 61 33 63 71 20 53 19 64
38 71 32 19 34 33 36 35 62 64 20 53 61
32 33 63 21 34 67 62 20 40 19 61 36
32 34 20 62 33 63 71 19 42 35
34 32 24 62 33 63 21 37 61 53 19
32 34 63 62 19 61 33 6 24
34 19 24 62 32 33 21 54
34 63 33 32 35
32 33 61 34 21 37 53 20 19
34 32 44 1 42 24 33 36 35 62 53 61 21
37 21 34 54 33 32
62 32 34 61 63 33 71 21 42 74 36 7 19 76
34 21 19 33
21 34 33 32
34 21 33 32
34 23 32 33
34 33 32
32 63 34 19 33 37 66 56
34 21 32 33
33 32 21 34 19 63
33 21 32 34 37
42 32 34 71 37 33 21 19
32 33 21 63 36 61 34 24 65 54 35
63 34
71 61 33 34 19 36 32 35 37
2 1 53 34 36 33 61 71 32 35 75 7 54 66 67 19
34 20 33 36 62 32 61 63 71 30 54 7 19
35 32 34 71 20 33
34 32 71 92 21 35 36 6 39 33 1 20
32 73 21 1 2 71 7 34 6 35 36 33 20
71
61 71 32 19 34
34 61 32 54 33 73 75 21 71
52 54 61 71 53 64 57 58 76 55 62 27 34 67 56 32
71 34 19 32 54 53
71 54
32 38 34 71 33 61 52 21
71 37 34
33 32 71 34
54 61 38 34 33 71 62 32 21 19
33 35 19 54 32 34 62 71
32 36 34 63 33 6 1 37 24 20 62 54 21 19
1 34 33 32 19 21 54 36 35 6 71 53 20 63
71 32 61 54 53 34 37
43 42 71 34 57 33 67 32 54 53 61
61 33 66 52 71 69 53 54 65
54 34 52 32 53 67
53 54 61 34 28 19 32 64 21
21 34 65 32 71 39
1 6 33 32 34 71 35 61 20 19 53 52 37
5 6 8 32 53 35 1 33 34 71 63
52 44 56 34
71 32 53 34
32 6 1 35 71 53
32 21 6 20 71 61 35 7 34 1 37
6 2 34 35 53 32 63 62 71
34 71 1
2 1 6 34 32 64 71
1 42 32 2 71 66 6 35 34 39 37 53 63 61 44
71 1 34 2 32 35
32 40 71 1 63 6 35 34
5 2 32 34 8 71 35
35 71 48 6 95 32 61 34
32 6 1 35 39 71 37 66 34 92
1 32 34
32 6 1 35
1 2 61 32 56 35 54 71 62 65 63 37 53 34 46
32 2 34 63 71 33 38 61 65 19
2
2 6 71 34 1 32 63 53
71 65 21 34 53
32 2 63 61 35 34 36 52 71 19 1 37 62 21 54 33
2 1 7 32 35 33 34 63 71
1 4 32 20 2 35 34
34 32 1 71 6 39 47 4 44 37 35 61 52
32 1 35 6 34 40 39
34 1 32 37 71 20
2 32 35 34 71
2 71 52
61 7 52 65 71 55 69 67 54 53 63 75 56
28 34 36 52 33 19 32
32 62 1 34 33 37 38 67 19
32 34 71 33 62 37
33 32 34 63
20 32 34 35 37 19 33 63
33 32 21 71
63 54 67 31 53 76 61
32 7 1 35 6 65 34 61 63 42 33
34 71 32 7 1 63 35 64 76 53 62 33
34 61 62 33 1 32 67 36 38 63 54 20 19
2 35 32 54
2 32 5 1 6 34 35 8 33 36 44 71
35 34 6 32 71 53 1 87 54 42 74
34 32 52 54 53 61 37 71 7 63 56 38 65
62 61 36 21 34 32 44 63 20 53 64 42 67 19 66 33 86 71 54 76
32 20 26
32 63 34 61 7 62 44 23 35 21 20 33 19 36 71
34 32 54 53 33 19 44 64 62 20 52 61 37
56 34 32 61 35 53 36
71 34 53 65 57 54 61 64 56
61 32 34 35 6 23 63 1 44 67 19 54
32 36 34 21 62 35
32 34 21
1 44 4 21 71 34 32 35 33 20 61 67 19 54
54 32 34 35 36
21 34 1 6 56 32 19 33 35
53 42 34 63 36 1 32 71 33 67
2 32 71 1 36 42 34
2 32 34 42 54 19 71
2 32 33 71 34 35 43 19 37
34 32 19
35 32 7 19 20 34 53 71 33
54 32 2 19 61 65 63 74 34 33 56 53 7 64 52 66 28 62 37 36
1 32 34 35 62 66 63 20 33
32 34 62 37 35
32 34 33 67 61 63 44 65 42 52 64 62 37
32 33 63 7 44 66 94 64 73 34 42 62 61 65 53 35 54 23 20
32 1 34 62 37 21 20 33
71 34 35 32 1 27 19 42
32 34 54 35 33 62
34 32 71 53 63
53 71 33 34 28 32
43 32 63 96 34 61 7 1 36 62 52 33 67 92 37
32 34 61 20 35 33 54 37 62
32 35 61 19 34 66
32 71 2 34 35 37
34 32 33
32
34 19 32 35 53 61 63
32 34 62 33 61
7 34 32 42 33 63 61
62 32 34 33 71 20 35
71 34 32 33 64 19 21 54
32
2 32 63 33 38 34 62 19 21 37 35 44
21 34 35 32 33
19 32 34 26 35 33 37
2 71 19 67 32 34
34 32 21
67 33 34 32 62
2 33 32 34 71 62 20 61
71 67
34 61 32 63 62 47 71 1 33 2 74 67 19 54 66 35 64 21 37 53 69 56 36
32 63 34 61
32 34 62
34
33
33
34 21
54 32 33 62 6 36 34 67 21 19
21 34 33 35 20 71 54 32 19 63 38
36 33 19 34 32 62 56 61 65 37 63 52 71 20 35 53 54
32 34 33
32 34 2 1 7 33 35 63 36 20 42 71 86 62 37
27 28 32 54 61 63 2 34 62 33
32 20 34
32 54 63 34 1
63 34 2 54 20 1 32 35 61 52 36 62 71 64 33 53 44 37
1 5 32 33 63 34 37 38 67 27 71 62 54 19 2
2 1 5 71
1 6
34 21 33 32 35 71 37
32 21 34 53 52 37 71 33 62 36 24 61
1 5 8 6 32 71
34 32
59 71 52 65 64
32 62 34 19 33 35
24 21
32 34 37 19 33 62
21 71 33 32 19 34 24
32 34 62 33 38
43 34 32 33
32 2 33 21 34 65 19 62 35 71 37 61 53
32 33 34 21 53 62 35 63 22
32 34 33
71 34 36 32 33 19 62 20 23 21
34 32 36 63 33 21 53 61
32 34 63 71 44 61 64 62 20 21 33
34 32 37 29 62 19 63 33 20 35
32 19 37 34 61 63 62 56 33 20 36 21 52 24 71 28 35 53
32 34 33 19 63 71
34 62 37 32 33 19 44 61 56 21
34 32 21 36 63 33 37 38
19 34 32 21 67 23 33 62
34 36 33 53 32 71 21 35 62 37 19
32 34 36 64 61 62 33 71 19
32 33 34 36 62 66 42 54 23
32 34 19 71 54 33 23
34 32 35 33 37 21 63
34 62 32
34 32 62 21 37 36 33 63 42 19
34 33 32 21
34 32 33 37 20 36 19
33 34 63 62 74 32
32 34 19
32 36 34 62
32 34 33 21 36 35 62
34 61 33 37 32 42 36
21 71
34 33
71 69 34 33
32 34
71
71
33
33
33
34
21 34 61 33 32
34
34
34
33 32 34 28 21
34
34
71
33
34
34
34 33
34 33 21 63
34
34 33
71
71
33
33 34
71
34 21
33 34
34 62
34
34
34 63
33 34
21 34
32 34
34 71
61 71 55 34
34 33
24 21 34
33
33
21
34
32 34
21 19 20 34 33
33
34
33
34 21
34
34 33
34 20
34 71 61 44 32 33 66 53 36 63 37
34
61 2 32 33 34 37 44 52 36 19 71
1 32 19 57 53 34 52
2 34 33 36 32 63 35 24 20 71 37 44 64 65 62 42
32 61
55 71
65 71
58 54 56 61 71
56
2
2 34 1 19 64
2 32 52 54 56 34 36 42
32 2 35 44 61
1 2 32 35 61
2 1 71
65 71 19 32
71 63
2 63 32 34 35
32 34 1 21 52 37 71 19 63 54 67 33 36 35
3 32 62 20
32 34
34 32 6 1 2 5 54 33 71 19 61 35 63 62 8 65 36 69 21 24
32 61
32 71 35
32 1 33 6 34 44 63
6 32 1 34 19 35 21 62
7 71 1 32 34 35 20 33 63
1 6 32 37 7 34 35 19 61
32 2 6 1 21 35 61 34 71 64
32 53 19 34 6 1 35 95
34 35 32 62 2 1
32 1 34 6 62 35 20
62 61 2 66 19 1 32 48 34 44 35 63 65 55 20 7 64 53 54
34 35 6 1 61 32 92 19 71 63 33 48 62 53 72 66 56 40
32 20 34 62
34 32 1 53 6 35 71 7 62 33 61 21 20 63 36
52 20 32
32 34 63
34 53 32 71
34 71 32 61 20 33
1 6 36
6 34 36 54 32 35
32 35 33 37 19 24 67
1 32 34 35 33 6
19 32 35 34 1 71 20 42
34
32 34 35 7 1 71 6 33 37
32 34
19 34 32 63 1 2 6 33 71 21 35 62
1 32 34 54 62
71 21 32 34 62 63 53 33 19
21 34 19 71 32
34 71
34 71
57 71 54 59 32
33 21
34 36 54 61 52 62 32 63 53
32 34 33 61 52 53 54
34 32 71 37 33 36
71 34
71
19 32 33 34 71 24
33 34 32 19 71 21
32 38 20 34 71 33
32 34 21 36
32
21 32 34 33 37 71
32 71 57 34 33
33 32 34 62
33 71 19 37 32 34
32 34 62 71 33
71 32 34 55 19 21 38 54
71
71 34
71 32 34
32 35 62 34 1 36 59 63 71 33
34 54 37 32 71
34 32 6 38
21 34 71 32 62 63
2 4 71
71 34 54 1 2 62 33 32 38
71 69
71 32
2 71
1 71 32 34
32 34 71 33 61
54 32 71 35 21 34
1 32 71 34 33
71 34 32 21 62 63 54 35
71 5 34 32 33 56 63 21
32 34 71
55 34 67 33 62 52 56 54
32 21 34 33 71 38 61 63
71 33 35 32 34 20
34 32 71 62
32 71 61 34 35
38
71 32 62 53 34 37 19 33 61 58 44 64 26 52 55
34
33 34 32 21
34 32 37 33 19
33 1 2 71 32 53 34 38
34 21 32 39 36
33 32 63 62 34
34 71
34 32
32 34 71 37
33 34 32 19 61 62 36 21 38
32
61 63 33 34 19 32
32 71 19 61 54 53 63 34
66
32
32 71 19
33 53 32 63 34 61 62 19 71 21 35
32 62 34 61 64 33 63 19 36 37 21 24
34 32 33 21
21 32 34 53 19 35 33 71
32 33 34 62 35 19
34
34 62 32 53 63 38 36 61 67 64 1 24 21 71 19 37
63 37 34 54
34 32 64 71 62 33 61 38 53
34 38 32 37
53
71 32 34 33 6
19 34 32 21
21 34 33 32 62
71 37 34 33 35 32
21 61 34 33 71 32 63 19 62
62 34 71 33 21 32 38 19 63
34 21 32 33 53 63 19 71 62 54
21 33
71 34 33 32 21
33 34 32 71
32 34 21 33
62 54 61 33 32 34
33 34 32 71 19 37 36 21
32 1 61 71 34 62 53 36 6 37 3 33 21 19 42 43 63
1 71 32 36 95 34 37 21 33 62 19 20 53
63 34 71 32 36 21 33
1 33 38 34 62 32 54 21 36 19 37
19 71 32 37 34 62 7 33 21 36
34
71 32 34 36 21 33 61
34
32 1 20 4 34 37 33 36 63
71 1 33 34 61 36 32 19 21 62
34 38 33 36
1 2 63 71 87 37 33 21 35 34 32 38 44 61
71 33 34 32
34 61 32 19 36 33 52 62 21 37 71 35 64
34 32 71 35 33 20 61 38 62 37
32 21 34 53 4 20 33 71 63
32 61 21 33 34 63 53 62 35 38 36 71 20 74
32 34 2 33 20 37 62 1 7 21 61 19 71 54 28 38 35 63
34 32 35 71 37 33
32 34 33 21 71 61 53 35 62 63 38 64 67 6
32 34 6 1 35 20 33 37 21 62 61 19 63 71
34 32 33 62 36 71 39 35
35 54 34 32 63 33 20 21 7 62 37 71
34 32 63 44 33 35 67
32 36 21 61 34
71 32 34 63 35
34 32 71 21
35 33 32 34 19 1 63 43 96 27
71
53
34
71 34 54 19 32 59
66 71 20 32 34 53 33 19 35 52
34 21 61 32 33
32 33 34 61 35 71 53 54 21 19
53 54 71 34 32 61 63 64 33 52 3
34 32 71 61 36 33 53 37
2
52 76 59 65 58
63 21 34 71 32 68
33 62 34 21
34 33 19
34 71 32 62 26 33 53 57 55 54 63 35
34 71 54 33 53 32 35
34 61 33 53 37
34 71 32 33
4 34 32 33 61 38 71 53
32 34 36 33
62 4 34 32
1 37 33 4 34 71 62 63 32 19 61 42 35 21 53 52 2
33 37 21 61 36 34 63 53 32 38 71
62 53 32 71 36 34 33 21 63 19 37
2
32 20 33 71 54 34 53 63 62 21
63 1 19 32 34 33 61
34 36 32 33 63 21 62 20 42 71 53
37 63 32 33 34
53 34 32 33 62 52 19 63 61 21 37 38 54
34 33 32 63 21
33 34 53 21 32
32 37 34 21 71 33 63
32 34 33 21 71
34 33 32 21 63 36
33 34 32
33 32 52 63 21 34 19
1 34 32 71 62 61
62 71 32 33 21 34 37 65
32 34 1 33 35 63 71 20 21 61
34 32 62 33 6 96 71
34 71 32 33
34 32 61 6 1 35 19 53 21 62 63 20 71 37 52
1 61 32 71 34 33 21 56 35 54 19 43 53 65
32 34 27 61 36 65 62 63 21
32 34 61 37 33 54 36 35 71 62 53
32 34 33 21
32
71 33 36 32 34 19 61 38 45 65 42 63
71 32
34 33 63 71 32 19 53 61 1 21 67 54 62 38 36 52 65 64 7 20
62 34 23 63 32 33 61 37 35
33 32 34 61 21 62 19 63 38 37 36
32 33 34 37 21 62
34 32 62 61 19 63 6 21 33 35 64 54 71 37 36
34 61 63 19 32 62 36 33
1 32 34 61 33 19 36 63 35 38 20 42 71 37
32 34 63 20 61 33 21 54 36 62 19 53
34 32
34
32 74 34 62 19 33 61 37 28
32 34 33 71 27 37 62
34 32 20
19 61 62 32 1 34 63 36 20 42 33 37
62 33 32 34 38 71 37 36 63 23 21
32 34 54 33 62 61 35
34 32 19 21 37 33 20
19 32 33 35 34
34 71
34 33 71 32 61 35 19 38
71 34 54 33 21 32
21 71 34 32
34 71 21 32 53
34
71 34 32 62 61 33 35 54 37
34 33 71 37 40 32
1 7
2 33 32 34 21 19 63
34 44 33 32 63 19 53 36 21 23 57 62 66
62 32 33 34 19 71
32 21 36 34 33 71 38
32 21 33 34 19 61 20
71
32 71 61 34
37
1 34 71
4 71 34 33 1 62 32 63 21
32 34 71 37 33 62 61 21 19
4 34 38 36 62 37 63 21 42 32
1 32 36 33 34 21 37 71
32 34
1 96 32 23 34 33 71 62 21
32 2 53 33 36 34 71 21 35
34 21 33 71 36 32 37 19
2 34 71
34
32 63 19 34 71 20 33 21
19 32 20 34 71
61 34 32 35 62
61 19 34 32 20
32
32 19 21 34 20 35 62
20 19 34 32 61
34 32 19
19 32 20 34 35 71
32 71 33 19 20 34 37 35 62
32 19 35 34 20 71
32 34
34 32 33 61
34 71 32
34 32 33 19
63 71 34 32
34 71 32 33 20 19
62 32 34 33 71 37 61 35 21 86 63
32 61 71 34 33 21
21 34 33 32 19 71 37 53
21 32 33 34 71
33 34 71 62 32 21
34 21 71 32 33
33 71 32 62 21 34 37 63
71 33
34
71 33
71 34
71 33
71 32
71
71 34 32
71 33
71
71 21 3
71
71 34 21
71
71
32
71
71
61
71
71
71
71
32
71
71
71
71
71
71
71 61 34
71
63 71
71
71
71
71
71
71
71
71
71
71
71
71
71 32
71
71
71
71
32
71
71
32
71
71
71
71
71
71
71
71
71
71
71
32 71 19 21
53 37
71
71
71
19
71
71
71
71
71
71
71
71
71
71
71
35
71
71
71
71
71
71
71
71
71
71
71
71
87 71
71
71
71 36
71
71
71
71
71
33 21
71
71
71
71
71
71
21 71
71
71
71
71
34 32
71
71 33
71
71
71
71
71
71
71
71
71
71
54 19
33
71
71
71
33 63
65
71
71
71
53 71
71
71
71
36
71
71
71
71 34
71
37 33
71
71
20 71
38 33 62
71
71 34
71
71
71
71 34
71 33 32
71
71
71
71
71
34 62 63 21 67 33 64 71 61 36
62 32 34 71 66 63 54 33
34 33 19 35 32
34 33 32 21 20 62
33 34 21 19 32 62 63 20
33 34 32 23 19 21
34 32 62 33
32 34 33 21 43 38
19 34 33
71 35 27 34 63 33 32
34
34 32 63 19 21 33 62 71 54 61
32 34 19 62 33 20 21 63
21
32 34 33 71 19 37 53 21 4 63
34 32 20 33
71 32
21
34
34 33
34 32 63
71
33
33
34 32
34 32 35 21 19 71 63 62 33 7 54 53 24
62 63 71 21 43 54
19 33 34 32 42 35 64 21 20 53 37 61 36
34 32 19 71 2 21 63 64 33 37 7
32 34 21 61 33 67 71 20 53 63 19 35
71 32 34
32 21 34 36 62 61 64
34 37 19 62 63 32 35
34 20 28 71 63 61 19 32 36 64 62 37 65 38 53 33
36 64 32 63 34 61 21 19
34 33 7 32
32 33 34 62
33 34 32 21 23
65 34 37 32 63 62
62 32 34 37 21
32 33 34 37
63 34 62
34 32 36 64 20 33
34 19 35 32
19 32 34 36 62
34 33 19 32 66 21 64 54 24 36 62 71 61
67 34 62 32 63
19 34 32 33 71 64 21 37 20 61 63
62 61 24 34 32
34 19 32 71 33 21 64 20
33 34 71 19 32 21 20 63
71
34
34 53 63 33 61 52 62 21 19 32
62 32 33 34 21
34 33 32 19 62 63 21 20 36
33 71
62 61 34 20 23 19 33
34 63 56 21 32 67 33 23 62
34 32 61 19 62 23
32 34 19 20 62 23 38 63
34 21 32 33 61 19 63
19 32 34
62 20 19 32 34 44
34 63
32 34 35 67 20 62 19 37
32 34 71 24 21 62 63 33 37 36 38 54 35 19 23 61
32 34 33 35 63 19 71 37
34 32 71 19
71 53 32 34 62 19 61
32 34 36 61 63 33 24 20 35
63 34 3 71 61 19 32 33 65 62 36 67 37
7 1 6 32 71 35 37 53 21
1 71 20 32 69 35 34
32 71 1 6 40
32 34 33 36
73 82 71 61 53 52 21 75 56 65 54
65 6 61 1 32 71
32 19 71 54 33 37 59 34
62 34 32 20 53 61 71 36 63 33 40
33 32 62 34 36 24 20
65 32 33 34 55 71 64
19 34
34 54 32 19 33 61 63 37 67
34 33 32 21
34 32 37
61 34 36 32 55 52 71 54 64 33 63 56 62
71 34 19 32 36 52
1 6 32 34 37 20 35 71 61
34 35 32
34 53 63 32 36 20 52
32 21
34 32 33 62
53 19
34 71 62 32
34 1 71 33 32 63 52 62 56 54 61 19
34 33 36 53 37 32 62 21
34 63 61 19 33 36 32 37 66
34 61 32 63 54 53 20 33 19 37 71 62 67 38 36 21
34 32 20 65 24 53 62 67 33 44 36 61 63 71 19 23 35 54
24 34 33 32 19 63 20 62 38
34 32 19 20 33 64 61 62 36 71 21 74
34 32 52 53 62 36 21
34 33 61 32 21
21 34 62 35 32 33 20 19
33 34 32 38 71 21
19 34 62 33 63 32 36 71 35 53 38 54
34 62 36 20 53
63 62 19 32 35 61 54 66 34 33 59 74 57 37 67 40 53 71 21 64 52 36 42
34 63 20 32 56 33
33 34 32 62 19 63 54 21 71 61 36 24 37 20 53
34 21 39 32 53 33
19 34 33 24 71 61 32 62 63 21
19 62 33 32 63 52 53 34 71 54 20 36 61 21 30 37 64
33 61 34 32 22
33 34 71
33 65 32 34 61 36 19 62
71 34 21 32 1 19 33 6
32 34 33 62 71 63 38 19 36 24 2 21 53
71 34 35 33 61 32 19 20 36 21 23
32 71 34
32 34 35 37 21 33 71
21 33 32 71
34 33 36 32 42 71 62 21 37 63
34 32 21 35 54 33 24 64
34 33
32 34 35 19
32 34 33 43 71 61 37
2 34 32 19 65 62 63 20 53 36 56 61 71
32 37 63
32 34 33
33 61 32 34 36
34 64 32 62 36 38 19 61
34 32 53 33 36
34 32 53 64
34 33 61
71
44 61 34 32 36 21 33 63 62 71 19 23 37 54 67 53
33
32 19 34 35
34 33 32 36
34 32
34 71 33 69 36 26
21 62 32
56 38 33 32 34 37 62 71 54 36 61 63 28
37 34 71 32 63 61 62 44 20 33 38 53 36
32 34
36 32 34 63 35 20
32 34 62 54 33 37 36
21 34 33 37 63 19 36 32 53 71
32 34 35 19
33 52 34 19 36 32
33 35 34 32 19
19 32 34 63 20 33 71 61 36 40 35 28
32 34 33
34 36 65 20 32 71 37 63 33 56 38
34 32 1 33 63 19 38 71 36 61 21 35 62 53
33 21
34 21 33 19
2 32 34 33
61 1 34 62 54 63 74 6 21 32 69 71 36 67 92 33 65 19 37 73 44 52 64 66 68 53 81 55 58 7 42 75 59 76 57 22 38 45
34 32 71 20 19 36 63 54 21
33
34 33 1 61 63 19 66 71 67 20 54 36 24
71
32 34 6 20 19 63
34 71 33 19 32 20 61 63 62
32 34 37 40
2 36 64 32 34 33
4 32 35 19 53 42 33 34 61 65 21 75 63
35 32 4 62 33 19 71 34 52 53 36 28 61 20
32 35 5 34 71 86 33 40 52 48 55 36 20 63 62 21 58 19 24
63 64
63 34 62 53 64
34 2 32 58 53 61 21
34 32 62 63 33 61 42 20 35 26 19 36
32 62 61 34 33 53 64 38 66 71 35 21 63 42 36 19 55 65 67 54 37 44 3 40 28
32 61 36 35 34 37 38 33 67 52
20 33 38 1 34 62 32 54 23
37 53
32 34 35 33 71 61 62 65 64
34 35 32 54 63 33 71
34 66 72 35 63 84 33 32 54 62 52 53 36
32 35 34 6 1 56 63 2 61 36 33 37 52 42 54 65 19 53
34 32 63 33 35 53 20 71 19 61
6 34 62 61 1 32 35 3 37 63 54 21 33 19 53 95 46 28 36
34 6 32 36 33 19 63 62 54 21 61 53 71 67 37
19 34 62 54 32 33 61 66 63 37 65 21
62 61 34 35 32 52 21 38 63 33 19
32 37 61 36 66 35 34 62 45 42 33 63
1 32 34 33 71 65
54 20 34
1 32 34 33 19 71 21 63 53 6 20 54
71 34
34 19 32 61 4 33 48 53 63 62 20 35
2 34 33 53 63 62 61 36 21 19 38 32 54 24 52 6 71 27 1 37 43 55 64 23 65 69 66 7 42 4 67 56 28
33 32 19 4 62 34 37 53 63 35 71
19 32 34 33 6 26 21 1 62 61 63 35 23
34 71 32 19 20 61 63 33 23 35 21 24
32 21 62 67 63 34 35 20 19 33 23 61 53 37
1 61 32 21 37 67 33 52 63 34 54 35 19 62 6 64
71 62 65 21 34 32 35 53 33 63 61 36 54 19
62 34 71 20 32 1 21 19 33 2 54 64
33 36 32 34 19 37 62 21 57 61 54 71
71 53 56 57 54 52
71 2 32 34 19 33 53
34 33
32 71 34 42 33
32 71 62 63 61 34 23 53 33
34 1 32 63 61 62 21 42 35 27 33 19 37 54 64 52 44 6 53 39 71
34 32 33 37 62 24 21
71 54
32 33 34 71 35 23 62 54 61 44 63 19
35 33 32 56 34 1 23 37 7 21 62 53 61 42 63
34 32 21 33 36 62 76
32 2 34 35
34 32 63 37 33 62 20 19
62 34 20 66 61 32 35 54 7 36 33 2 21
32 37 34 35 42 33 61
32 62 1 23 39 54 34 35 33 61 2 7 36 53 27 6 37 63 52 19
34 6 32 63 1 28 61 62 35 44 23 33 19
63 32 34 62 53 67 61 52 45 64 37 19 20
32 34 61 33 53 54 63 62 2 40 35
33 34 71 61 62 32
32 33 62 34
33 34 32 21 61 6 62 63 19 53 28 36 43
34 32 71 36 33 61 21 20
34 32 19 33
34 21 20 32 62 33
34 32 33 61 1 20 94 19 36 56
32 19 34 36 21 61 62 63 53
36 34 37 19 33 32 21 71 20 63
34 32 33 36 53 27 24 40 21
32 36 34 71 54 21 19 33 38
33 32 34 21 36 63 20 38 53 61
34 32 36 37
34 62 32 24 38 61 19 33 63
71
61 53 32 33 34 63 21 19 7 2 71 36 37 62
34 33 61 36 32 19 63 38
34 33 32 61 19 21 71 36
34 32 21 42 33
34 54 71 33 32 21
61 36 62 34 32 53 63 24 33 54 19 22 20
33 21 34 32 67 62 61 35 36 38 19 63 20
34 32 62 33 24 61 63 37
32 34 63 35 20 37 33 61 62
34 33 20 53 32 62 37 21 63 24 36 19
36
19 32 33 34 63 62 21 35
34 33 19 36 32 62
34 62 36
32 6 34 19 20 33 71
71 34 21 32 33
34 32 33 67
32 21 34 33 62 64 61
33 71
34 62 63 36 61 32
32 71 34 23
32 64 34 33
34 32 19 63 1 71 62 53 33 42 44 61 22 21 26 20 36 37 35 43 38
34 23 19 33 63 32
34 32 62 61 33 42 71 35 20 67 36 63 6 19 28 54 27 66 53 43 21
32 34 53 62 54 61 35 7 63 33 19 23 71 66 36 21 67
34 32 36 62 37 20 53 33 71 35 54 63
34 37 21 60 62 63 32 67 33 61 54 35 65 19
34 36 53 32 33 71 19
38 34 64 63 32 33 62 19 36 61 54 21
32 71 37
71 34 32 33 54 64 35
36 33 34 54 32 20 63 61 71 40
20 63 23
36 32 21 34
32 34 33 71
34 33 32 61 19
35 32 62 34 63
19 34 35 32 20 61 37
20 34 32 37 36 63 21 23 33 61 19
34 53 19 32 21 33 37 38
1 36 32 34 33 21 63 19 62 38 6 53 20 71
21 63 34 32 62 61 19 65 20
34 33 42 32 54 21 19 62 52
34 32 33 27 62 63 36 37 42 20
32 34 33 38
34 32 33 21 26 62 2 19
71
34 36 33 37 71 35 32 21
62 34 33 32 52 61 24 19 21 71 53 37 65 63 36 44 23
34
34 32 33 62 63
33 34
32 34 33
34 32 21 26
32 34 33 63 21
32 62 37 33
32
34
34 32 71 76
34 32 62 36 61 33 65 37 63 20 35
32 34 53 63 61 71
34 33 32 36 62 63 24 19
53 71 34 36 32 37 63 33 54 61 62 40 19 21
34 32 33
34 37 54 32 36 35
33 34 32 21 63 54
63 34 32 71 23 20 36
32 19 34 63 61 23 62 36 33 37 21 20 38
34 62 32 63 33 7 61 21 35 20 19 36 76 52 53 64 37
32 37 34 63 33 2 36 20
32 34 95 36 33
36 1 32 34 33 63 20 62 53 21 35 22 43
33 61 53 63 71 52 35 34 36 32 42 19 62 6 65 20 26 21 64 7 37 67
34 20 32 33 36 62 38 63 19 61 7 54 71 21 35
32 34
32 34 33 63 21 37 62 71 20
33 34 32 43 52 36 71 61 37 63 54 24
32 62 19 34 37 63 20 54 33 53 36 35 38 21
63 71 34 32
33 62 32 71 34 63 19 21
34 33 20 36 32 63 71 52 61 21 64 53 54 19 62 37
34 36 33 62
34 33 21 20 19 36 63
34
33 20 34 21 19 62
33 21 20 34 19 71 62
62 32 34 19 20 53 33 38
19 32 33 34 20 63 21
33 34
34 33
71 34
62 32 36 35 1 34 49 33 61 63 53 28 19 20 27 21 37
32 34
34 63 36 32 33 71 37 19 62
34 62 21 33 19 71 32
1 33 67 19 32 34 37 20 71 21
32 19 33 61 34
37 19 34 36 53 32 33
63 33 34 23 62
62 45 34 63 33 23 32 21 71
33 71 34 32 38
32 34 62 19 67 33 37 63
38 62 34 63 32 20 54
34 32 33 71 62 35 61 21 63
33 32 34 36
33 32 34 21 19 36
34 36 32 33
33 32 21 34 63
19 71 33 34 32 36 63
37 34 33 32 63 52
54 34 32 19 62 33 71 86 36 63 42
32 63 62 34 33
53 71 62 33 32 63 34 61 44 36 37
36 38
34 38
34
62 63 34 32 33
71 53 33 61 21 63 32 34 62
63 34 32
71
34 32 33 71 19
71
71
71 34 32 33 63 62 37 20 19 36 61 27 38 54 35
71 33 37
33 34 37 32
34 71 32 33 35 63 62 38
71 32 34 33 62 36 19
32 34
34
34 61
34 63 32 21 62 61
62 34
34
33 34 62
34 33 32 20
33 34 61 32 19
34 32 62 33
34 32 33 63
34 63 32 33 44
27 34 32 33 19 62 61 63 26
32 34 21 62 33 35 63 19 71 36 61 37 38 26 64 27
34 62 33 32 71 36 21 19
71 33 32 19 34 21
34 42 32
33 71 32
62 34 36 32 20 33 61 63 38 21 37
63 34 33 32 62 61 20 21
34 32 61 33
62 34 21 20 63 32 33 19
61 20 32 33 34 63
34 33 32 62 42 63 20
71
71 57
34 33 32 19 36 21
37 40 34 71 63 62
34 32 71 62 42 33 19
33 32 38 34 27 21 62 61 35 71 19
32 34 62 35 71 61 33 19 20
19 34 33 62 32
38 19
71 34
33 34 37 7 21 19 63 32 71 36 64 38
34 32 33 19 37 21 87 43 71
71
71 21 33
33 63 19 34 61 36 62 32
34 63 33 19 71 62 36 37 32
34 33 38
34 33 36 23 32 21 61
34 21 33 32 54 24 36 63 71 61
71 32 34 33 36
33 63 32 34
33 32 34 61 71 19 21
21 33 34 32 71 63 54 61 43 19
33 34 19 53 71 65
34 19 32 21 63 33 71
34 61 62 33 32 63 71 37
71 33 34 32 61 20 37
63 34 62 32 38 21 33 36 52 71 61 37 19
71
36 32 37 34 33 71 21
33 34 71 19 20 21 32 36
34 32 36 63 33 38 62 21 71
62 33 34
33 32 63 61 34 36 62 4 53 56 35 21 37 64 19
71
34 71
71 58
65
55 71
1 2 66 69 71
1 71
71
71
71
71 1
33 32 21 71
62 34 33 32 52 61 24 19 21 71 53 37 65 63 36 44 23
71
52 65 53 73 82 54 64 71 61 7 34 56 62 59 55 69 57 58 63 76 21 75 67 44 32 27 31 20 33 43
34 64 56 54 61 6 32 79 53 71 1 35 62 19 4 36 63 7 55 42 58 67 66 38 23 20 26 37 52 59 33
62 34
71
34 33 61 71 55 62 54 63 32 66 65 69
1 83 61 62 73 7 32 71 34 74 54 53 33 63 66 64 2 6 19 44 48 65 21 52 35 55 72 20 56 36 67 68 3 37 42 75 24
21 34 33
32 33 63 7 44 66 94 64 73 34 42 62 61 71 65 53 35 54 23 20
1 61 7 6 62 63 53 32 21 54 34 35 48 3 65 66 44 49 67 76 71 42 19 64 74 30 39
62 67 66 35 44 63 71 64 54 61 34 32 7 69 56 52 33 42 76
71
34 1 32 63 61 62 21 42 35 27 33 19 37 54 71 64 52 44 6 53 39
54 32 2 19 61 65 63 74 34 33 56 53 7 64 52 66 28 62 37 36
71 34 36 32 33 19 62 20 23 21
34 61
56 38 33 32 34 37 62 71 54 36 61 63 28
71
62 63 34 32 33
1 65 61 54 69 52 21
71
34 71 33 69 36 26
32
2 34 33 53 63 62 61 36 21 19 38 32 54 24 52 6 71 27 1 37 43 55 64 23 65 69 66 7 42 4 67 56 28
71
58 54 56 61 71
62 32 34 61 63 33 71 21 42 74 36 7 19 76
71 33 32
32
71 34 21
71
21 71
71
33 34 32
33 32 71 21 61
71
35
21
71
34
33
34
33
34 71
71 34 67
32 71
71
71
34 19 32
21
71
32 34 33
62 71
71
33
34
71 34
71 58
71 33 62 61 34 21
71
1 6 36
32 34 63
56
6 34 32
34 32
71
32 33 62 34
32 71 37
32 36 34 62
32 34
36 65
6 2 34 35 53 32 63 62 71
32 34 21
62 33 34
19
71
1 71 6
71 53 57 33 61 21 55 63 32 34 62
53
34 33 32 62 42 63 20
32 34 33 35 63 19 71 37
2 32 35 34 71
19 71 33 34 32 36 63
32 34 62 33 61
71 32 61 54 53 34 37
32 35 62 34 1 36 59 87 63 71 33
34 71 32 64 62 33 61 38 53
71 33 35 32 34 20
19 32 34 63 20 33 71 61 36 40 35 28
21 34 35 32 71 53 63 33
6 1 32 34 19 23 35 58 63 37 33 71 54 44
71 65 21 34 53
32 2 34 63 71 33 38 61 65 19
34 32 71 19 33 37
34 32 33 20 19 62
34 61 32 54 33 73 75 21 71
37 53
34 36 53 32 33 71 19
21 71 33 32 19 34 24
34 33 63 71 32 19 53 61 1 21 67 54 62 38 36 52 65 64 7 20
33 71 34 62 32 21
71
36 1 32 34 33 63 20 62 53 21 35 22 43
35 33 32 34 19 1 63 43 96 27 71
34 32 61 19 62 23
34 1 32 37 71 20
19 34 32 63 1 2 6 33 71 21 35 62
71 53 32 34 62 19 61
71 34
32 64 34 33
32 71 57 34 33
53 34 32 33 62 52 19 63 61 71 21 37 38 54
61 19 34 32 20
34 32 33 43 35 19
34 37 19 62 63 32 35
32 34 33 35
71 32
53 54 71 34 32 61 52 76 59 63 64 36 33 65 3 58
19 32 20 34 71
43 34 32 33 35 71
32 34 33 63 21 37 62 71 20
34 54 71 33 32 21
32 34 71 33 53 35 20 52
34 32 33 19
2 1 5 71
34 21 33 71 32 35 37
32 21 34 53 52 37 71 33 62 36 24 61
1 5 32 33 63 34 71 37 38 67 27 62 54 19 2
1 6
32 71 34 33
34 33 7 32
33 32 34 1 35
32 62 34 61 64 33 63 19 36 37 21 24
32 34 36 71 33
71 5 34 32 33 56 63 21
36 34 37 19 33 32 21 71 20 63
32 33 34 71 35 23 62 54 61 44 63 19
2 32 34 33
32 71 61 34 35
63 19 34 32
33 32 20 34 71 62 21 19
53 71 34 36 32 37 63 33 54 61 62 40 19 21
32 62 37 33
34 19 32 21 63 33 71
34 33
33 21 32 34 37
63 62 19 32 35 61 54 66 34 33 59 74 57 37 67 40 53 71 21 64 52 36 42
32 34 33
33 34 21 19 32 62 63 20
1 5 8 6 32 71
32 20 33 71 54 34 53 63 62 21
34 62
62 34 32 20 53 61 71 36 63 33 40
19 61 62 32 1 34 63 36 20 42 33 37
32 34 33 21 71
34 71 21 32 53
34 19 35 20 32 33
34 32 71 62
71
35 71 33 53 32
34 32 33 61 1 20 94 19 36 56
34 21 20 32 62 33
62 61 34 35 32 52 21 38 63 33 19
34 32 71 76
2 36 64 32 34 33
34 32 37 29 62 19 63 33 20 35
34 33
34 32 36 63 33 21 53 61
33 61 53 63 71 52 35 34 36 32 42 19 62 6 65 20 26 21 64 7 37 67
1 32 71 34 33
32 21 71 52 34 33
71 37 34
35 32 34 71 20 33
33 34
34 32 54 53 33 19 44 64 62 20 52 61 37
71 32 33 19 20 34 37 35 62
33 61 32 34 36
62 20 19 32 34 44
19 32 20 34 35 71
32 34 35 67 20 62 19 37
34 71
71
34 38 32 37
34 33 32 19 36 21
34 33 20 53 32 62 37 21 63 24 36 19
21 32 34 33 37 71
1 6 32 34 37 20 35 71 61
32 34 71
1 2 63 71 87 37 33 21 35 34 32 38 44 61
34 20 33 36 62 32 61 63 71 30 54 7 19
32
35 32 40
33 32 34 62
6 35 32 74 1 62 34 52 42
34 21 33 71 36 32 37 19
33 71 32 62 21 34 37 63
34 53 19 32 21 33 37 38
34 32 62 61 19 63 6 21 33 35 64 54 71 37 36
34 33 42 32 54 21 19 62 52
32 2 34 35
32 62 19 34 37 63 20 54 33 53 36 35 38 21
61 32 34 35 6 23 63 1 44 67 19 54
34 63
32 34 33 71 19 63
71 34 32 21 62 63 54 35
61 34 32 35 62
34 32 19
20 19 34 32 61
34 19 21 33 32
34 32 62 33
34 63 61 19 33 36 32 37 66
32 34 61
20 19 34 37 32 33 62 21 61 71 64 40 36 63 24 38
33 71 34 32 38
32 1 34 37 6 71 54 33 35 44 20
34 32 53 33 36
1 33 38 34 62 32 54 21 36 19 37
34 1 32 54 71 53 21
71 34 54 33 21 32
19 34 62 33 63 32 36 71 35 53 38 54
32 6 1 35 71 53
32 6 1 35
32 34 33
34 32 33 36 53 27 24 40 21
32 34 54 35 33 62
33 34 32 23 19 21
71 54
34 32 19 20 33 64 61 62 36 71 21 74
32
34
32 34 33
32 61 21 33 34 63 53 62 35 38 36 71 20 74
32 35
34 32 37 33 19
34 61 32 19 36 33 52 62 21 37 71 35 64
34 32 71
63 34 33 32 62 61 20 21
34 6 32 36 33 19 63 62 54 21 61 53 71 67 37
21 63 34 32 62 61 19 65 20
34 19 32 33 63 52 67 62 38
34 33
33 34 32 19 71 61 62 36 21 38
34
34 32 33 39
32 35 34 6 1 56 63 2 61 36 33 37 52 42 54 65 19 53
34 71 32
2 4 71
34 38
33 34 71 19 32 21 20 63
34 32 33
62 32 34 33 71 37 61 35 21 86 63
32 36 21 61 34
34 63 32 33 44
34 33 32 61 19 21 71 36
2
21 33 34 32 71 63 54 61 43 19
35 1 40 7 34 71 6 42 32 62 53 46 33 92 69 63 21 61 48 36 20 19
2 32 5 1 6 34 35 8 71 33 36 44
34 32
34 21 39 32 53 33
6 34 62 61 1 32 35 3 37 63 54 21 33 19 53 95 46 28 36
34 32 21 42 33
32 33 62 34
2 33 32 34 21 19 71 63
71 36 21 19 34 37 33
32 63 35 34 68 36 53
34 62 32 24 38 61 19 33 63
32 63 19 71 34 20 33 21
34 33 36 53 37 32 62 21
34
21 34 33 32 62
34 32 52 53 62 36 21
61 2 32 33 34 37 71 44 52 36 19
32 62 34 37 71 61 33 63 20 53 19 64
71
34 33 32 19 62 63 21 20 36
32 37 34 21 71 33 63
33 71 19 37 32 34
34
32 34 62 54 33 37 36
34 32 21 53 71 4 35 33 20 61 63 38 62 37
34 63 36 32 33 71 37 19 62
34 32
33 32 63 61 34 36 62 4 53 56 35 21 37 64 19
34 33 32
34 32 33 19
19 32 33 34 71 20 63 21
19 34 32 33 71 64 21 37 20 61 63
33 32 34
32 34
4 32 35 19 53 42 33 34 61 65 21 75 63
34 32 33
34 71 32 7 1 63 35 64 76 53 62 33
32 71 19 61 54 53 63 34
33 63 19 34 61 36 62 32
33 21 34 32 67 62 61 35 36 38 19 63 20
35 33 32 56 34 1 23 37 7 21 62 53 61 42 63
34 33 19 32 66 21 64 54 24 36 62 71 61
53 71 34 32 63 33 62 19 94 37 20 21 35 36
34
32 36 34 63 33 6 1 37 24 20 62 54 21 19
33 34 32 62 35 61
32 62 1 34 33 37 38 67 19
34 63 33 19 71 62 36 37 32
32 61 71 34 33 21
32 34
71 32 34 36 21 33 61
63 71 34 32
34 62 36
34 32 33 71 19
35 32 7 19 20 34 53 71 33
33 34 62
32 34 33 71 19
32 62 34 33 63 35 54 24 36 71 81
42 32 34 19 35 33 21 62 36
32 63 34 61 7 62 44 23 35 21 20 33 19 36 71
32 2 63 56 61 34 35 71 36 52 19 1 37 62 21 54 33 53
32 1 34 6 35 8 71 33 63
32 6 1 21 54 61 35 34 71 19 53
32 63 62 34 33
34 33 36 32 42 71 62 21 37 63
34 32 63 33 35 53 20 71 19 61
34 33 32 61 71
1 71 32 34
19 34 33 24 71 61 32 62 63 21
2 34 71
2 71
32 34 37 71 19 33 62
63 33 34 23 62
1 32 35 34 62 66 63 61 20 19 33
33 32 21 34 63
34 71 32 19 20 61 63 33 23 35 21 24
2
71 34 21 32 33 36 19
6 32 71 1 34 19 35 21 62
32 1 61 34 33 37 71 20 56 2 21 52 38 36
32 35 33 37 19 24 67
21 71 34 32
32 34 35 7 1 71 6 33 37
32 53 19 34 6 1 35 71 95
32 1 34 6 62 35 20
34 35 6 1 61 32 92 19 71 63 33 48 37 62 53 72 36 66 56 40
71 63
32 61
65 71 19 32
1 6 32 37 7 34 35 19 61 71
2 32 52 54 56 34 36 42
34 71
32 34
32 1 33 6 34 44 63
34 32 6 1 2 5 54 33 71 19 61 35 63 62 8 65 36 69 21 24
62 34 71 33 21 32 38 19 63
2 63 32 34 35
34 33 61 32 21
32 33 34 71 62 19
32 34 1 35 6 21 71
34
32 20 34 33 35 71
32 34 19 71 54 33 23
54 61 38 34 33 71 62 32 21 19
19 32 33 34 71 24
32 34 61 20 35 33 54 37 62
34 36 33 53 32 71 21 35 62 37 19
71 34 21 32 1 19 33 6
33 32 34 71 37
34 21 32 71 33 62 20 19 36 64
34
19 32 33 35 34 71
33
34 33
32 34 35
71 1 34 2 32 35
2 6 71 34 1 32 63 53
32 34 35 37 21 33 71
33 32 21 34 19 63
34 33 32
42 32 34 71 37 33 21 19
34 23 32 33
34 19 24 62 32 33 21 54
34 63 33 32 35
32 38 71 34 33 21 20 19 36 63
33 35 34 32 19
34 32 33 27 62 63 36 37 42 20
21 35 32 63 71 34 44 1 36 33 41 61 20
33 34 32 62 19 63 54 21 71 61 36 24 37 20 53
33 34 32 54 23 62 71
33 32 34 20 63
34 62 21 33 19 71 32
37 34 71 32 63 61 62 44 20 33 38 53 36
24 21 71
34 32 33
33 65 32 34 61 36 19 62
36 32 34 63 35 20
2 63 32 74 62 71 61 21 34 19 7 53 20 33 37 54
34 32 35 1 53 6 71 7 62 33 61 21 20 63 64 36
34 71 33 32 64 20 43 36
32 34
32 20 34 71 62
34 71
34 20 71 62
71 62 65 21 34 32 35 53 33 63 61 36 54 19
32 34 33 61 52 53 54
7 71 1 32 34 35 20 33 63
3 32 62 20
34 32 21 61 54 63 33
71 32 34 37
32 2 6 1 21 35 61 34 71 64
2 71 34 1 19 64
1 34 32 35
32 34 1 21 71 52 37 19 63 54 67 33 36 35
2 1 71
32 2 35 44 61
32 71 35
71 37 34 33 35 32
1 32 34 54 62
1 2 32 35 61
1 32 34 35 33 6
34 36 54 61 52 62 32 63 53
6 71 34 36 54 32 35
21 34 62 35 32 33 20 19
34 71 32 61 20 33
34
32 34 1 6 64 71 37 19 65 21
34 62 63 32 33 55 35 7 71 53 23 61 19 21 38 39 48 54 37 36 20 24
32 21 71 34 33 38 61 63 6
33
62 32 34 21 61 36 35
21 34 19 71 32
34 35 32 62 2 1
37 34 32 23 19 33 63 35 21 61 71
34 32 20 61 63 37 62 36 33 21
32 40 71 1 63 6 35 34
19 34 33 1 61 63 62 67 32 52 53 71 21 54 20 36 66 37 30 64 24
35 71 48 6 95 32 61 34
32
33 34 71
34 20 32 1 35 61 53 71 63 65 62
34 1 32 33 35 71
37 32 34 33 19 35 36 7 2 43 4
32 71 34
1 34 32 71 37 33
71 34 32 33 54 64 35
21 33
62 34 21 20 63 32 33 19
61 53 32 33 34 63 21 19 7 2 71 36 37 62
32 34 53 62 54 61 35 7 63 33 19 23 71 66 36 21 67
38 71 32 19 34 33 36 35 62 64 20 53 61
2 1 53 34 36 33 61 71 32 35 75 7 54 66 67 19
71
34 32 33 19 37 21 87 43 71
32 19 71 54 33 37 59 34
34
62 32 34 71 66 63 54 33
1 32 52 34 45
34
34 62 32 63 33 7 61 21 35 20 19 36 76 52 53 64 37
21 34 1 6 56 32 19 71 33 35
32 34 33 62 71 63 38 19 36 24 2 21 53
33 32 54 1 34 71 6 37 35 21 63 42
36 38
32 34
33 34 32 21
32 34 33 63 21
34 35 32
32 19 34
34 19 32 35 53 61 63 71
34
34
32 33 34 37
71 34
33 34 63 62 74 32
7 1 6 32 71 35 37 53 21
61 20 32 33 34 63
36 34 33
54 32 33 62 6 36 34 67 21 19
34 33 19 35 32
34 63 32 21 62 61
71 34 35 33 61 32 19 20 36 21 23
54 34 32 1 71 6 63 52 21 35 36 53 33 61 44
33 34 32 38 71 21
34 71 32 33
34 21
33
33 34
33
34
32
71
34
32 19 21 34 20 35 62
33 61 34 32 22
32 73 21 1 2 71 7 34 6 35 36 33 20
5 1 6 32 71 55 63 61
28 34 36 52 33 19 32
34 71
34 33 32 61 19
62 32 33 34 21
33 34 71 19 20 21 32 36
34 54 32 33 20
21 62 32
34 32 24 62 33 63 21 37 61 53 19
1 32 34
32 34 63 35 20 37 33 61 62
34
34 33 61 36 32 19 63 38
32 19 34 35
1 34 32 37 33 19 92 36
34 63 20 32 56 33
66
32 62 61 34 33 53 64 38 66 71 35 21 63 42 36 19 55 65 67 54 37 44 3 40 28
32 34 6 1 35 20 33 37 21 62 71 61 19 63
33 34 71 61 62 32
63 34 2 54 20 1 32 35 61 52 36 62 71 64 33 53 44 37
63 71 34 32
71 34 21 32 33
32 36 34 21 62 35
63 34
71
21 34 33 32
1 33 67 19 32 34 37 20 71 21
34 62 37 32 33 71 19 44 61 56 21
71 32 33 34 37 21 62
34 61 63 19 32 62 36 33
1 96 32 23 34 33 71 62 21
32 71 34 23
71 32
33 32 34 21 19 36
32 21
62 33 32 34 38 71 37 36 63 23 21
37 34 33 32 63 52
34 32 36 62 37 20 53 33 71 35 54 63
34 66 72 35 63 84 33 32 54 62 52 53 36
35 32 62 34 63
44 34 32 35
34 71 1
34 36 65 20 32 71 37 63 33 56 38
32 34 19
32 34
34 37 54 32 36 35
32 71 1 44
19 32 34 26 35 33 37
33 32 34 71
54 34 32 19 62 33 71 86 36 63 42
32 1 53 62 6 2 71 33 20 34 44 63 35
32 33 63 21 34 67 62 20 40 19 61 36
32 21 34 33 62 64 61
34 32 35 1 20 61
33 34 32 21 61 6 62 63 71 19 53 28 36 43
36 32 21 34
33 32 71 34
33 34 61 32 19
71 34 35 32 1 33 27 64 19 21 42 54
20 63 23
32 34 62 71 33
33 36 32 34 19 37 62 21 57 61 54 71
32 71 62 63 61 34 23 53 33
1 32 34 33 71 65
20 19 53 21 71
19 32 33 34 63 62 21 35
34 32 19 21 37 33 20
34 32 63 44 33 35 67
35 54 34 32 63 33 20 21 71 7 62 37
32 34 2 33 20 37 62 1 7 21 61 19 71 54 28 38 35 63
33 32 63 62 34
71
1 32 19 57 53 34 52
34 32 1 71 66 53 37 61 6 33 35 63 52 21
34
52 20 32
34 63 35 71 32 33 58
34 32 71 20 19 36 63 54 21
33 21
1 34 38 33 36 71
35 32 39 71
34 33
32 62 1 23 39 54 34 35 33 61 2 7 36 53 27 6 37 63 52 19
71 2 32 34 19 33 53
34 33
32 35 5 34 71 86 33 40 52 48 55 36 20 63 62 21 58 19 24
34 32 33 37 62 24 21
34 32 62 63 33 61 42 20 35 26 19 36
71 32
32 34 63 20 61 33 21 54 36 62 19 53
63 34 62 32 38 21 33 36 52 71 61 37 19
62 61 34 20 23 19 33
62 34 20 66 61 32 35 54 7 36 33 2 21
1 32 34 33 19 71 21 63 53 6 20 54
34 71 54 33 53 32 35
19 33 34 32 42 35 64 21 20 53 37 61 36
1 61 32 71 34 33 21 56 35 54 19 43 53 65
71 33
34 71
32 33 34 62
71 61 33 34 19 36 32 35 37
34 36 64 63 56 21 32 67 61 33 23 19 62
32 34 21 61 33 67 71 20 53 63 19 35
71 67
32 34 21 62 33 35 63 19 71 36 61 37 38 26 64 27
33
34 61 33 53 71 37
34 53 32 71
33 32 34 61 21 62 19 63 38 37 36
1 7 32 35 34 71 40 37 61
36 33 34 54 32 20 63 61 71 40
34 1 35 6 32 61 53
34 21
34 33 32 63 21
1 32 36 33 34 71 21 37
32 38 34 71 33 61 52 21
34 33 71 37 40 32
32 34 33 21
33 63 34 32
2 32 33 71 34 35 43 19 37
34 33 32 36
33 34 19 53 71 65
34 63
34 33 32 21 63 36
20 34 32 37 36 63 21 23 33 61 19
71 34 54 1 32 2 62 33 38
34 32
32 34 6 20 19 63
33 62 32 71 34 63 19 21
24 21 34
33 34
34 33 36 23 32 21 61
34 36 32 33 63 21 20 62 42 71 53
33 32 19 4 62 34 37 53 63 35 71
34 32 62 21 37 36 33 63 42 19
32 34 35 33 71 61 62 65 64
32 34 19
71 33
34 21 33 32
34 1 2 20 32 35 6 71 19 62 42
34 32 63
1 32 19 35 34 39 44 71 6
1 71 32 36 95 34 37 21 33 62 19 20 53
34 32 33 62
32 34 63 62 19 61 33 6 24
32 71 1 6 40
32 34 33 71 27 37 62
1 6 33 32 34 71 35 61 20 19 53 52 37
34 19 32 71 33 21 64 20
19 71 32 37 34 62 7 33 21 36
34 32 1 33 63 19 38 71 36 61 21 35 62 53
33 37 21 61 36 34 63 53 32 65 38 71
32 74 34 62 19 33 61 37 28
35 61 1 32 2 63 6 34 71 33 42 62 7 20 55
32 35 39 40 71 44
33 35 19 54 32 34 62 71
63 21 34 71 32 68 36
2 32 34 42 54 19 71
32 34 61 33 21 53 54 62 67 63 35 20 19 23 2 40 37
62 45 34 63 33 23 32 21 71
34 32 71 61 36 33 53 37
61 34 36 32 55 52 71 54 64 33 63 56 62
32 34 33 38
19 32 34 33 6 26 21 1 62 61 63 35 23
32 36 34 71 54 21 19 33 38
32 37 34 35 42 33 61
33 34
32 34 54 33 62 61 35
32 34 33 67 61 63 44 65 42 52 64 62 37
32 34
1 37 33 4 34 71 62 63 32 19 61 42 35 21 53 52 2
2 1 7 32 35 33 34 63 71
32 33 34 71 21 53 62 35 63 22
71
1 4 32 20 2 35 34 71
19 34 32 21 67 23 33 62
27 34 32 28 54 61 63 52 53 2 37 71 7 62 56 38 33 65
34 32 62 61 33 42 71 35 20 67 36 63 6 19 28 54 27 66 53 43 21
54 32 34 35 36
71 1 33 34 61 36 32 19 21 62
34 32 71 36 33 61 21 20
62 54 61 33 32 34
34 33 19 36 32 62
32 33 71 34 36 62 66 42 54 23
32 34 33 43 71 61 37
32 34 62 33 38
34 32 71 54 63 35 61
32 20 34
32 19 37 34 61 63 62 56 33 20 36 21 52 24 71 28 35 53
34 21 33 32 54 24 36 63 71 61
1 61 32 21 37 67 33 52 63 34 54 35 19 62 6 64
7 34 32 42 33 71 63 61
32 7 1 35 6 65 34 61 63 42 33
33 32 52 63 21 34 19
61 71 55 34
71 32 53 34
32 35 39 34 19 71 53 33 21
21 34 65 32 71 39
34 32 71 62 33 6 96
32 71 19
32 71 35
71
34 32 21 35 54 33 24 64
71 34 32 33 63 62 37 20 19 36 61 27 38 54 35
19 32 34
34 32 62 36 61 33 65 37 63 20 35
62 32 34 37 21
34 33 32
34 54 32 19 33 61 63 37 67
34 32 63 19 21 33 62 71 54 61
34 36 33 37 71 35 32 21
34 37 21 60 62 63 32 67 33 61 54 35 65 19
71 43 34 32 33
34 32 1 71 6 39 47 4 44 37 35 61 52
32 62 34 19 33 35
34 32 33 37 20 36 19
61 32 34 71 65
33 32 34 28 62 21
32 34 20 62 33 63 71 19 42 35
2 71 52
32 1 20 4 34 37 33 36 63
34 32 61 6 1 35 19 53 21 62 63 20 71 37 52
32 34 63 53 21 33 19
63 34 71 32 36 21 61 33
32
32 34 33 21 71 61 53 35 62 63 38 64 67 6
20 32 34 35 37 19 33 63
62 32 33 34 19 71
1 71
32 1 61 19 35 34 33 6 21
61 36 62 34 32 53 63 24 33 54 19 22 20
32 34 33 71
32 34
2 71 32 1 36 42 34
21 32 33 71 34
2 35 32 54
55 34 21 32 33 53 67 71 63 19 62 52 56 54
1 71 32 34 6 92 21 69
71 32 34 55 19 21 38 54
62 71 32 33 21 34 37 65
32 21 33 34 19 61 20
32 37 61 36 66 35 34 62 45 42 33 63 71
34 32 35 33 37 21 71 63
33 43 1 32 34 36 53 61 71 21
34 32 20 65 24 53 62 67 33 44 36 61 63 71 19 23 35 54
32
34 32 62 33
33 34 32 43 52 36 71 61 37 63 54 24
34 23 19 33 63 32
71 32 34 33 36
5 32 34 44 1 54 35
32 34 19 1
32 33 34 62 35 19
20 33 38 1 34 62 32 54 23
32 34
34 61 32 63 54 53 20 33 19 37 71 62 67 38 36 21
1 36 32 34 33 21 63 19 62 38 6 53 20 71
32 34 95 36 33
63 1 19 32 34 71 33 61
34
34 21 19 33
21 71
32 64 35 44
33
34 38 44 33 32 63 19 53 36 21 23 57 62 66
34 32 33 21
62 32 36 35 1 34 49 33 61 63 53 28 19 20 27 21 37
71 32 34 63 35
34 32 20 33 63 35
24 34 33 32 19 63 20 62 38
71 34 32 62 61 33 35 54 37
61 71 32 19 34
21 34 33 35 20 71 54 32 19 63 38
34 32 36 64 20 33
34 32 71 62 42 33 19
1 32 44 34 35
34 32 62 33 24 61 63 37
1 6 35 63 32 8 7 34 37 44 62 71 33 67
34 19 35 32
32 21 36 34 33 71 38
32 34 61 71 37 33 54 36 35 62 53
34 63 52 33 62 61 53 32 19 64 42 35 54 21 38 28 67 37 71 55 36 20
62 63 34 32 61 19 71 21 35 33 38 67 37 52 54
71 34 33 32 21
1 34 71 32 62 61
62 34 23 63 32 33 61 37 35
32 34 36 64 61 53 62 33 71 37 19
32 63 34 19 33 37 66 56
34 32 36 63 33 38 62 21 71
34 32 21 36 63 33 37 38
54 32 71 35 21 34
32 71 2 34 35 37
32 34
19 34 32 21
33 32 71 36 34 39 21 63 35 61
71 34
32 34 33
34 36 33 62
32 34 21 33
65 6 61 1 32 71
5 6 8 32 53 35 1 71 33 34 63
71 32 62 53 34 37 19 33 61 58 44 64 26 52 55
35 39 32 71
34 32 19 71 2 21 63 64 33 37 7
34 54 37 71 32
71 34 32 33
19 32 34 36 62
34 33 21 63
21 33 32 71
34 71 33 19 32 20 61 63 62
33 34 53 21 32
62 53 32 71 36 34 33 21 63 19 37
34 32 33 62 63
21 19 20 34 33
6 32 1 8 62 5 33 35 34 96
34 32 33 21 26 62 2 19
2 71 19 67 32 34
33
34 32 6 38
34 71 62 32
32 33 34 61 35 71 53 54 21 19
19 32 35 34 1 71 20 42
62 34 36 32 20 33 61 63 38 21 37
34 32 64 33 19
2 20 32 1 34 19 6 36 35 71
2
34 21 32 39 36
32 34 1 33 71 35 63 20 21 61
32 34 71 24 21 62 63 33 37 36 38 54 35 19 23 61
34 32 71 21
32 19 35 34 20 71
34 32 33 61
34 21 61 32 33
33 34 37 32
32 21 33 36 34 71 63 62
2 1 6 34 32 64 71
71 35 27 34 63 33 32
53 71 62 33 32 63 34 61 44 36 37
34
34 33 19
33 63 32 34
34 62 36 20 53
71 34 35 1 32 6 63 39
32 34
34 32 37
33 34 37 7 21 19 63 32 71 36 64 38
32 34 62 35 71 61 33 19 20
71 21 33
38 19
33 32 38 34 27 21 62 61 35 71 19
33 32 62 34 36 24 20
19 34 33 62 32
34 33 32 21
32 34 62 37 35
1 6 53 32 34 35 44 20
21 34 71 32 62 63
32 6 34 19 20 33 71
1 2 71 61 32 56 35 54 62 65 63 37 53 34 46
71 33 34 32
34 32 20
32 34 33 71 63 21 42 19 54 35
34 32 19 63 1 71 62 53 33 42 44 61 22 21 26 20 36 37 35 43 38
4 34 38 36 62 37 63 21 71 42 32
32 54 63 34 1
33
33 35 32 1 34
32
34 33 38
63 32 6 62 44 1 35 39 54 74 34 48 52 61
62 4 34 32
32 2 33 21 34 65 19 62 35 71 37 61 53
33 34 20 71 19
32 34 33 21 43 38
71 33
71 34
34 32 63 37 33 62 20 19
34
71 32 34 33 62 36 19
34 33 32 21 20 62
71 34
71 33
71 54
32 71 21 6 20 61 35 7 34 1 37
32 19 34 63 61 23 62 36 33 37 21 20 38
62 61 24 34 32
2 34 32 19 65 62 63 20 53 36 56 61 71
1 71 54 32 35
62 61 36 21 34 32 44 63 20 53 64 42 67 19 66 33 86 71 54 76
71 32
21 32 34 53 37 19 35 33 71
34 32 36 37
2 33 32 34 71 62 20 61
1 7
63 32 34 62 53 67 61 52 45 64 37 19 20
71
63 34 3 71 61 19 32 33 65 62 36 67 37
1 42 32 2 71 66 6 35 34 63 39 37 53 61 44
32 1 6 63 34 3 2 66 53 52 61 71 62 57 42 64 4 54
71
32 34 62 19 67 33 37 63
32 34 53 63 61 71
7 34 63 61 62 32 35 67 6
38 34 64 63 32 33 62 19 36 61 54 21
34 2 32 58 53 61 21
32 2 53 33 36 34 71 21 35
34 35 32 54 63 33 71
32 34 71 33 62 37
1 34 33 32 19 21 54 71 36 35 6 53 20 63
1 2 66 71 69
33 32 34 63
34 21 32 33 61 19 63
34
67 33 34 32 62
1 6 32 19 34 61 95 42 35
34 71 32 33 21
32 71 34 42 33
34 32 71 19
32 34 19 20 62 23 38 63
34 1 71 33 32 63 52 62 56 54 61 19
34 71 32 62 26 33 53 57 55 54 63 35
32 34 36 1 35 71 20
33 52 34 19 36 32
71 34 19 32 54 53
53 54 61 34 28 19 32 64 21
34 71 61 44 32 33 66 20 53 36 63 37
2 34 33 36 32 63 35 24 20 71 37 44 64 65 62 42
34
32 6 1 35 39 71 37 66 34 92
2 32 63 33 38 34 62 19 21 37 35 44
32 34 71 33 61
19 34 35 32 20 61 37
34 32 33 71 62 35 61 21 63
32 34 71 37 33 62 61 21 19
34 64 32 62 36 38 19 61
33 32 34 36
71
33 32 34 21 36 63 20 38 53 61
36 32 37 34 33 71 21
34 33 32
32 34 2 1 7 33 71 35 63 36 20 42 86 62 37
34 32 33 67
71 32 34
34 32 33
32 34 33 36
34 20 32 33 36 62 38 63 19 61 7 54 71 21 35
34 33 32 36 62 63 24 19
34 42 32
38 62 34 63 32 20 54
34 62 33 32 71 36 21 19
33 71 32
34 33 32 20
27 34 32 33 19 62 61 63 26
34 33 20 36 32 63 71 52 61 21 64 53 54 19 62 37
71 33 37
71 33 32 19 34 21
62 32 34 19 20 53 33 38
34
71 38
34 32 33 63
34
71
21 61 34 33 71 32 63 19 62 53
33 32 34 61 71 19 21
32 1 71 6 8 19 35 27 62 61 34 42
32 34 35 53 71
65 32 33 34 55 71 64
32 1 35 6 34 40 39
6 34 71 32 1 37 33 3 4 38
92 36 6 61 67 32 63 34 33 37 21 19
32 35 1 27 61 74 44 6 62 34 39 63 95 7 2
1 5 2 32 6 35 8 34 65 96
36 33 19 71 34 32 62 56 61 65 37 63 52 20 35 53 54
5 1 32 2 8 6 62 34 44 54 33 19 71 37 53
32 1 34 33 6 63 61 35 71 7 37 52
43 32 63 34 61 96 62 47 71 1 33 2 74 7 67 19 54 66 36 35 64 52 21 37 53 69 56 92
32 34 56 71 54 61 35 53 48
34 61 33 37 32 42 36
32 34 37 40
71
33 71 21 34 20 19 32 23 3 62
1 71
65
34
32 34
32 20 26
33
5 2 32 34 8 71 35
34 61 62 33 1 32 67 36 38 63 54 20 19
1 6 19 32 34 61 7 35
34 33
34 53 63 32 36 20 52
32 19 34 36 21 61 62 63 53
32 37 34 63 33 2 36 20
32 34 36 19 61 63 33 24 20 35
34 20 28 71 63 61 19 32 36 64 62 37 65 38 53 33
32 34 62 35 33 64
32 1 62 34 33 71 37 21 20 35
1 6 35 32
33 34 32 21 63 54
32 19 33 61 34
32 34 35 19
34 36 32 33
34 71 32 33 35 63 62 38
63 34 32 71 23 20 36
34 32 1 62 19 35 21 36
37 21 34 54 33 32
21 34
34 32 21 33 36 62 76
34 32 71 35 37 33
34 32 33 62 36 71 39 35
32 34 33 71 19 37 53 21 4 63
34 32 71 92 21 35 36 6 39 33 1 20
34 32 21
44 61 34 32 36 21 33 63 62 71 19 23 37 54 67 53
21 34 33 37 63 19 36 32 53 71
34
32 34 33
21 34 71 33 32 19 37 53
32 34 35 71 19
71 32 34 1 33 61 62 36 53 63 6 37 38 3 21 19 42 67 64 45 24 65 43
19 34 62 54 32 33 61 66 63 37 65 21
35 32 4 62 33 19 71 34 52 53 36 28 61 20
2 71 34
32 21 34 36 62 61 64
34 32 20 33
34 19 33 67
32 37 62 34 20 21 71 33 19
19 34 32 61 71 21 33 38 62 37 36 20
21 34 61 33 32
32 19 71 34 21 33
32 33 61 34 21 37 53 71 20 19
53 62 71 44 34 33 32
33
71
34 33
32 34 36 35 37 1 53 42 71 21 6 61
32 34 33 20 21 19 53 64 62 61 71 63
71
32 34 19 62 33 20 21 63
65 34 37 32 63 62
32 61 38 54 34 67 53 56
34 71 33 32 19 21
71 33 34 32 61 20 37
71 34 54 19 32 33 59
32 34 63 71 44 61 64 62 20 21 33
21
71 33 34 21
2 35 32 34 37 71 20 63 27 33
32 20 1 34 35 6 71
1 44 4 21 71 34 32 35 33 20 61 67 19 54
32 34 27 61 36 65 62 63 21
34 32 19 33
63 34 32
71
20 32 52 34 61 35 21 1
71 34 33
71 34 19 32 36 52
34 19 32 61 4 33 48 53 63 62 20 35
61 63 33 34 19 32
34 53 63 33 61 52 62 21 19 32
71
33 34 53 32 71
34 32 44 1 42 24 33 36 35 62 53 61 21
21 32 34 44 63 35 61
32 34
33 1 2 71 32 53 34 38
36
61 21 19 33 34 71 86 20 37 36 63 32
37 19 34 36 53 32 33
34 62 32
2
34 33 32 21
53 42 34 63 36 1 32 71 33 67
53 71 33 34 28 32
34 61 62 33 32 63 71 37
1 34 71 32 54 7 61 6 2 52 53 35 33 37
37 63 32 33 34
34
1 32 34 61 33 19 36 63 35 38 20 42 71 37
33 71 53 32 63 34 61 62 19 21 35
35 34 6 32 71 53 1 87 54 42 74
53 19
71 33 32 20 34 21 19 62 36
71
34 21
33
33
34 32
32 61 36 35 34 37 38 33 67 52
34 32
62 34 71 20 32 1 21 19 33 2 54 64
71 33 34 32 19 21 35 61 37
71
34 32 53 64
33
34
66 71 20 32 34 52 53 33 19 35
34 71 32 33 20 19
32 34
32 34 33 21 36 35 62
34
32 33 21 63 36 61 34 24 65 54 35
1 35 32 33 5 8 6 34 71 44
32 63 34 61
34 33 71 32 61 35 19 38
32 71 35 33 63 34 19
33 34 32 71 19 37 36 21
34 32 21 26
34 32 33 71 19
71 5 32 8 34 53
34 71 33 19 32 63 21 64
34 6 32 63 1 28 61 62 35 44 23 33 19
34 32
34 62 63 21 67 33 64 71 61 36
71 69 34 33
32 2 34 53 71
61 1 34 62 54 33 63 74 6 43 42 21 32 69 71 36 67 92 65 19 37 73 66 44 52 64 68 53 81 55 58 7 75 57 59 76 22 38 45
4 34 32 71 33 61 38 53
63 37 34 54
1 71 20 32 69 35 34
34 21 71 32 33
71
32 61 35 34
34 2 32 1 62 6 71 45 63 44 35 61 33 92 67 56 19
4 71 34 33 1 62 32 63 21
54 34 52 32 53 67
34 32
21
34 62 63 36 61 32
34 32 35 21 19 71 63 62 33 7 54 53 24
71 33
71
34
37 40 34 71 63 62
34
71
