@CONVERTED_FROM_TEXT
@ITEM=1=APARTAMENTO_P3_FALSE
@ITEM=2=APARTAMENTO_P2_FALSE
@ITEM=3=APARTAMENTO_P1_TRUE
@ITEM=4=APARTAMENTO_P1_FALSE
@ITEM=5=APARTAMENTO_P4_FALSE
@ITEM=6=APARTAMENTO_P3_TRUE
@ITEM=7=APARTAMENTO_P2_TRUE
@ITEM=8=APARTAMENTO_P4_TRUE
@ITEM=9=APARTAMENTO_P5_FALSE
@ITEM=10=APARTAMENTO_P5_TRUE
@ITEM=11=APARTAMENTO COM OCUPACAO NAO RESIDENCIAL_P2_FALSE
@ITEM=12=APARTAMENTO COM OCUPACAO NAO RESIDENCIAL_P3_FALSE
@ITEM=13=APARTAMENTO COM OCUPACAO NAO RESIDENCIAL_P4_FALSE
@ITEM=14=APARTAMENTO COM OCUPACAO NAO RESIDENCIAL_P2_TRUE
@ITEM=15=APARTAMENTO COM OCUPACAO NAO RESIDENCIAL_P4_TRUE
@ITEM=16=APARTAMENTO COM OCUPACAO NAO RESIDENCIAL_P3_TRUE
@ITEM=17=APARTAMENTO COM OCUPACAO NAO RESIDENCIAL_P1_FALSE
@ITEM=18=APARTAMENTO COM OCUPACAO NAO RESIDENCIAL_P5_FALSE
@ITEM=19=BARRACAO_P2_FALSE
@ITEM=20=BARRACAO_P3_FALSE
@ITEM=21=BARRACAO_P1_FALSE
@ITEM=22=BARRACAO_P3_TRUE
@ITEM=23=BARRACAO_P2_TRUE
@ITEM=24=BARRACAO_P1_TRUE
@ITEM=25=BARRACAO_P4_FALSE
@ITEM=26=BARRACAO COM OCUPACAO NAO RESIDENCIAL_P1_FALSE
@ITEM=27=BARRACAO COM OCUPACAO NAO RESIDENCIAL_P3_FALSE
@ITEM=28=BARRACAO COM OCUPACAO NAO RESIDENCIAL_P2_FALSE
@ITEM=29=BARRACAO COM OCUPACAO NAO RESIDENCIAL_P2_TRUE
@ITEM=30=BARRACAO COM OCUPACAO NAO RESIDENCIAL_P1_TRUE
@ITEM=31=BARRACAO COM OCUPACAO NAO RESIDENCIAL_P3_TRUE
@ITEM=32=CASA_P3_FALSE
@ITEM=33=CASA_P1_FALSE
@ITEM=34=CASA_P2_FALSE
@ITEM=35=CASA_P4_FALSE
@ITEM=36=CASA_P2_TRUE
@ITEM=37=CASA_P3_TRUE
@ITEM=38=CASA_P1_TRUE
@ITEM=39=CASA_P5_FALSE
@ITEM=40=CASA_P4_TRUE
@ITEM=41=CASA_P5_TRUE
@ITEM=42=CASA COM OCUPACAO NAO RESIDENCIAL_P2_FALSE
@ITEM=43=CASA COM OCUPACAO NAO RESIDENCIAL_P1_FALSE
@ITEM=44=CASA COM OCUPACAO NAO RESIDENCIAL_P3_FALSE
@ITEM=45=CASA COM OCUPACAO NAO RESIDENCIAL_P2_TRUE
@ITEM=46=CASA COM OCUPACAO NAO RESIDENCIAL_P3_TRUE
@ITEM=47=CASA COM OCUPACAO NAO RESIDENCIAL_P1_TRUE
@ITEM=48=CASA COM OCUPACAO NAO RESIDENCIAL_P4_FALSE
@ITEM=49=CASA COM OCUPACAO NAO RESIDENCIAL_P5_FALSE
@ITEM=50=CASA COM OCUPACAO NAO RESIDENCIAL_P4_TRUE
@ITEM=51=CASA COM OCUPACAO NAO RESIDENCIAL_P5_TRUE
@ITEM=52=GALPAO_P3_FALSE
@ITEM=53=GALPAO_P1_FALSE
@ITEM=54=GALPAO_P2_FALSE
@ITEM=55=GALPAO_P2_TRUE
@ITEM=56=GALPAO_P4_FALSE
@ITEM=57=GALPAO_P1_TRUE
@ITEM=58=GALPAO_P3_TRUE
@ITEM=59=GALPAO_P4_TRUE
@ITEM=60=GALPAO_P5_FALSE
@ITEM=61=LOJA_P3_FALSE
@ITEM=62=LOJA_P1_FALSE
@ITEM=63=LOJA_P2_FALSE
@ITEM=64=LOJA_P2_TRUE
@ITEM=65=LOJA_P3_TRUE
@ITEM=66=LOJA_P4_FALSE
@ITEM=67=LOJA_P1_TRUE
@ITEM=68=LOJA_P5_FALSE
@ITEM=69=LOJA_P4_TRUE
@ITEM=70=LOJA_P5_TRUE
@ITEM=71=LOTE VAGO_TE_FALSE
@ITEM=72=SALA_P4_FALSE
@ITEM=73=SALA_P3_FALSE
@ITEM=74=SALA_P2_FALSE
@ITEM=75=SALA_P3_TRUE
@ITEM=76=SALA_P2_TRUE
@ITEM=77=SALA_P4_TRUE
@ITEM=78=SALA_P5_FALSE
@ITEM=79=SALA_P1_FALSE
@ITEM=80=SALA_P5_TRUE
@ITEM=81=SALA_P1_TRUE
@ITEM=82=VAGA DE GARAGEM NAO RESIDENCIAL_P3_FALSE
@ITEM=83=VAGA DE GARAGEM NAO RESIDENCIAL_P2_FALSE
@ITEM=84=VAGA DE GARAGEM NAO RESIDENCIAL_P4_FALSE
@ITEM=85=VAGA DE GARAGEM NAO RESIDENCIAL_P3_TRUE
@ITEM=86=VAGA DE GARAGEM NAO RESIDENCIAL_P1_FALSE
@ITEM=87=VAGA DE GARAGEM NAO RESIDENCIAL_P2_TRUE
@ITEM=88=VAGA DE GARAGEM NAO RESIDENCIAL_P1_TRUE
@ITEM=89=VAGA DE GARAGEM NAO RESIDENCIAL_P5_FALSE
@ITEM=90=VAGA DE GARAGEM NAO RESIDENCIAL_P4_TRUE
@ITEM=91=VAGA DE GARAGEM NAO RESIDENCIAL_P5_TRUE
@ITEM=92=VAGA DE GARAGEM RESIDENCIAL_P3_FALSE
@ITEM=93=VAGA DE GARAGEM RESIDENCIAL_P4_FALSE
@ITEM=94=VAGA DE GARAGEM RESIDENCIAL_P2_FALSE
@ITEM=95=VAGA DE GARAGEM RESIDENCIAL_P1_FALSE
@ITEM=96=VAGA DE GARAGEM RESIDENCIAL_P3_TRUE
@ITEM=97=VAGA DE GARAGEM RESIDENCIAL_P2_TRUE
@ITEM=98=VAGA DE GARAGEM RESIDENCIAL_P4_TRUE
@ITEM=99=VAGA DE GARAGEM RESIDENCIAL_P5_TRUE
@ITEM=100=VAGA DE GARAGEM RESIDENCIAL_P5_FALSE
@ITEM=101=VAGA DE GARAGEM RESIDENCIAL_P1_TRUE
@ITEM=102=APARTAMENTO
@ITEM=103=BARRACAO
@ITEM=104=CASA
@ITEM=105=GALPAO
@ITEM=106=LOJA
@ITEM=107=SALA
@ITEM=108=VAGA DE GARAGEM
71 66 57 21 33 34 37 2 63 62 20 32 52 19
69 65
35
21 19 34 52
71 34 57
61 1 62 34 32 65 53 71 20 64 66 63 54 56 33 19 6 21 37 69
34 33 39 63 61 53 54 23 32 71 62 19 35 21
64 61 63 34 2 32 71 35 53
71 2 34
34 71
71
32 62 34 19 63 33 23 42 37 20
62 53 74 36 32 21 54 34 42 71 38 19
61 63 34 37
61 32 71 34 54 35 1 36 44 87 53 63 66 19 21 40 37 56 20
32 71 34 74 52 1 19 2 63 5 36 61 54 39 53 21 33 37 35
32 63 34 66 64 35 61 62 52 54 53 19 23 21 37 39 40 33 22 71
62 34 20 32 35 63 2 6 53 19 71 1 54 36 76 33 61 65
64 2 26 62 33 32
62 2 32 33 36 44 34 71 37 20 63 19 1 61 35 6 54 7 24 21
37
48 1 32 34 71 35 63 53 19 42 54 33 39 40 62 86 36 65 21 61 64
1 35 34 32 62 61 2 6 71 33 63 54 88 65 7 53
2 1 63 71 6 32 34 20 37 44 42 21 61 35 33 53 19 3 52 54
1 83 32 19 34 35 2 61 63 37 62 53 71 92 20 54 38 65 33 44 36 42 6
34 3 32 35 19 1 33 55 21 36 61 62 63 71 28 20 42 56
1 34 20 52 32 2 19 36 33 62 53 55 63 54 21
63 54 32 34 35 86
2 1 71
32 2 42 1 61 34 20 33 57 19 37
63 34 32 61 2 62 56 35
63 32 1 34 28 71 52 19 61 57
63 1 34 76 32 37
34 33
1 32 34 35 33 54
34 5 42 63 61 1 52 62 20 2 74 37 53 54 32 71 33 7 35 36 19 64
2 32 34 53 19 63 76 71 66 33 61 42 62 36 20 54 35 22 26
53 1 63 61 65 34 32 2 54 33 62 75 37 71 52 3 19 23 6 66 28
34 19 71 32
34 71 33 32 21
21 55 37 38 33 32 34
71
32 34
69 55
44 32
34 54 32 55 62 52 33 19
32 54 20 19 34 71 33 21
1 2 63 34 32 53 19 71 33 35 62 20 37 7 36 61 23 6
1 32 5 71 61 20 6 54 34 62
34
32 1 34 20 61 62 19 71 53 33 36 63
2 35 34 1 36 32 63 61
62 34 32 1 21 53 35 6 2 71 33 54 44 36 43 19 63 64
34 62 32 42 19 35
32 34
34 32
21 33 19 34 32 7 71 36
33 32 71 34 76 35 19
32 54 2 1 53 21 55 71 34
71 57 65
34 32 61 71 19 63 1 33 54
1 55 71 57 23
64 34 37 33 71 32 54 56 19 42
53 62 32 1 63 71 34 19 20 52 2 54 61 33 21 37 38
1 52 33 19 61 34 20 32 44 71 35 62 36 54 63 2 53 21 37 95
32 34 35 62
32 20 34 62
34 32 33 43
19 33
34 53 32 33
33 35 32 34 20 63 61 42 37 19
33 32 53 34 71
32 34
33 32 42 34 19
71 34
71
34 32 20 37 54 33
34 26 32 54 71 52 20 33 63 21
63 71 32 34 55 19 52 42
33
74 32 65 34 71 69 1 61 53 55 6 76 52 57 33 64 35 63 54 62
71 32 37 54
34 21 33
32
71
54 71 34 37 46 32 53 66 69 57
1
71
66
71 47 32
53 71 61 32
20 33
1 34 71 35
61 1 32 71 19 20
33 35 34
39 71 32 35 21 76
34
71
35 32 34 33 1 62 20 63 19 61 2 71 21 54
34 32 19 33 63
34 32 35 61
32 19 34 33 61
34 32 37
62 32 34 33 63
34 32 35
34 32 33
71 64
34 32 20 61
32 26 34
34 32
32 34 35
34 32 33
63 34 35 33 32 19
32 34 35 20 62 19
34 32 63 19 35 33 62
34 63 32 33
19 34 32 35 61
35 32 19 34 63
34 35 32 52 62
32 34 35 44
92 1
71 32 34 35 61 65 19
34 19 71 33 32 62 63
34 32 20 19 35 33 71 37
34 32 71 19
1 7 2 6
1 5 32 6 7 35 8
1 32 6 37 63 61
1 2 6 32 5 8 34 71 63
1 7 5 61 66 93 2 44 32 65 6 63 35
7 34 5 1 2 32 63 61 3 54 39 42
75
1 66
1 5 6 10 66 3 53 44 32 2 8 42
6 1 2 44 61 55 32 54 42 35 34 71
71 5 1 72 68 32 46 34 35 37
1 48 7 35 32 55 71 5 61 28 54 6 8
1 6 61 73 63 33 54 32 35 34 62 53 19 57
1 32 61 54 42
61 1 5 74 6 7 32 52 66 34
71 38 56
1
33 34 71
34 71
1 32 92 19 6 42 54 59 44 34 56 61 71
71 2 34 32 7
55 34 19 24 37
2 5 6 1 32 66 75 53 61 85 62 35 64 36 63 34 71 39 48 93 42 7
1 42 2 6 32 74 61 5 44 7 53 34 63 71 8 33 35 20 37
5 1 92 7 8 42 61 32 73 6 35 40 98 54 34 93 44 66 62 94 71 39
1 32 5 64 34 6 42 37 61 65
37
76 75
1 6 34 5 32 63
5 93 32
5 32 33 67 43 62 75 61
5 6 7 1 16 32 61 8
65
64
71
71
71 63
63 54 72 2 61 62 71 34 53 3 52 19 65 32 66 64 45 69
66 75 33 61 64 62 54 71 63 52 53 65 34 67 87 19 21 69 73
64
62 63 52 54 56 76 34
1 61 69 63 58 34 33 62 54 71 56 42 52 53 19 65 64 32 75 22
52 54 71
34 71 37 32 61 33 75 42 20 45 19 46 21 64
54 52 34
52 7 61 54 34 67 53 22 65
1 54 2 92 66 52 34 33 32 61 20 64 42 62 71
65 1 32 2 34 63 58 20 61 44 54 52 35 42 7 19 53
35 32 34 33
2 1 34 32
1 32 34 19 54
1 5 34 32 20 54 24 33 53 62 65 61 42 73 64 71 63 2 43 27 66 21 52
76 34 37 54 33 57 52 55 65
1 32 34 92 73 63 64 61 53 54 55 71 62 19 74 76 85 35
1 92 62 32 33 34 52 71 61 19 42 54 56 20 53 77 63 66
32 34 2 67 1 35 33 71 53 66 7 65 54 62 37 21 61 36 63 20
32 34 37 36 2 62 33 65 64 19 1 53 54
33 44 2 34
33 34 32 19
54 1 32 34 5 71 61 63 2 56 19 6 33 52 37 67 35 64 44 3 53 75
1 2 33 34 32 19 63 36 54 44 6 35 71 53 21 42 61
32 63 53 1 34 6 61 35 42 19 54 33
1 32 63 92 34 6 37 56 2 71 54 74 35 36 61 33 42 20
5 32 34 62 33 54 77 63 36 1 42 6 44
34 32 67 1 37 54 61 44 71 33 42 96
35 1 61 34 32 6 44 33 67 62 36 54 52 20 42
34 54 1 32 76 2 56 37 19 36 20 6
34 32 33 2 71
71 33 34 1 37 63 32 53 54 21 61 62 20 26 95 24 19 65 38 52
23
33
33
32 34 35 6 1 3 63 64 52 61 54 56 71 53 20 42
2 1 63 35 66 32 52 7 62 54 34 61 65 33 48
34 53 63 1 2 7 6 61 32 64
34 61 52 1 32 2 62 54 7 74 6
34 76 64 67 32
34 1 71 32 36 6 33 35 7
1 34 54 58 61 71 52 42 23 32 55
32 37 1 63 34 74 54 6 62 52 42 19 35
32 34 2 54 1 71 33 20 19 26 52 57 44 23 55
32 34 61 2 52 71 63 37 44 54 57 62 3 66
34 63 32 35 54 20 61 33 21
32 34 61 63 1 54 37 64 62
34 1 32 6 54 19 20 44 52 53 63 28
32 2 34 7 61 67 1 3 6 19 63 33 37 54 62 20 71 35
34 1 69 32 21 44 62 33 47 61 7 54 59 37 71 63 36 26 56 88 66 65 35 20 52
74 61 63 2 32 1 20 53 34 33 7
2 54 1 34 37 32 7 65 44 36
32 1 2 44 54 61 52 34 35 62 20 42
1 32 76 2 34 65 56 19 7 52 53 54 62 6
32 53 33 34 42 54 63 20
1 32 33 34 62 63 61 2
76 33 63 34 2 68 1 32 62 20 71 21 64 56 61 19 35 54 23
32 3 1 34 2 62 42 44 61 7
61 54 52 34 63 64 66 19 67 71 53 62 56 32 76 58 43
34 1 6 63 32 56 33 61 76 87 44 2 42 53 19 54 35 95 55 62 20 28
54 7 64 66 63 42 21 61 34 65 37 53 56 33 52
5 32 34 62 6 19 20 1 35 2 61 53 54 71 33 44 52 48 42
36 19 54 32 33 34 1 2 21 35 63 61 44 6 3 42 66 52 71 62 64 65 20 53 76
53 5 71 34 65 63 32 1 64 37 62 57 35 42 54 19 33 20
32 54 1 34 2 33 27 44 19 65 21 67 61 7 35
63 56 52 73 62 71 1 2 34 74 85 19 61 53 42 32 7 54 21 35 64 20 75 65 33 66 23 6 44 55 37 67 36 76 43 24
32 34 71 63
34 1 6 2 32 54 33 71
32 1 34 19 54 33 44 37 21 35 62 23 63
33 32 1 36 34 71 63 6 54 19 21 53 52 64 7
32 34 44 54 33 6
53 54 55
54 56 32 55 63 62 58 52 69 61 53 71 66
6 53 65 33 64 63 34 32
61 54 62 55 75 65 67 34 82 69 64 71 2 73 1 63 52 57 53 38 33 66 32 27 21 19 44 36 39
32 2 64 34 42 63 35 37 3 61 53 33 36 44 19 7 71 27
1 2 34 32 71 62 33 42 63 53 61
1
1
34 35 1 32 71 37 19
1
1 32 71 34 6 63 74 2 5 42 61 58 19 20 65 53 92 44 62 35 54 33 64
71 54 6 33 37 63 61 1 42 34 32 35 65
1
1 71
61 74 73 62 42 44 34 72 63 66 19 33 65 32 11 2 64 71 7 54 35 6 21 53 1 57 75 20 67 52 58 69 56
32 61 19 63 1 34 71 53 67 54
32 1 35 62 3 54 63 61 53 34 6
53 1 54 63 34 32 62 61 28 52
19 1 32 36 63 35 34 6 53 71 54 61 7 42 20 33 39 44 2
19 63 34 32 1 6 71 37 54 20 35 33
32 1 6 34 63 42 61
42 1 34 33 32 36 6 61 53 35
6 56 32 1 61 34
32 34 1 3 2 33 5 73 61 6 19 71 62 42 35 48
1 5 34 2 12 32 61 54 42 63 16 38 7 6 44 56 67 36 35 52
63 56 61 71 42 69 37 52 66 53 55 67 33 54
32 1 53 65 61 5 37 34 36
5 32 2 6 34 1 94 56 40 63 8 39 19 53 35
1 34 52 5 92 35 20 6 32 2 58 63 61 71 44 64 8 96 30 56 62 7 65 54 19 37
77 32 33 56 42 53 61 66 55 71 52 69 54 34 65 62 44 63 73 75 20 84 67 57
32 53 45 34 38 35 61 1 71 44 37 62 52 33
32 1 61 64 34 63 22 44 53 42 71 65 77 2 66 36 54 7 20 37 52 23 33 27 19 62 35
34 44 32 35 37
1 63 35 32 34 2 20 6 76 62 61 44 52 71
1 32 7 5 34 6 33 35 44 19 61 53 54 63 52 65 71 27 66 42
66
20
34 6 1 5 71 33 7 35 36 32 42 22 44 53 52 61 2 64 48 65
2 35 34 5 1 44 62 65 52 32 71 20 61 42 7 54 86 66 53
1 54 32 5 2 63 34 44 52 61 19 37 6 33 53 92
1 32 62 6 34 74 64 35 92 55 2 57 19 44 67 37 71 56
65 1 32 20 6 54 34 36 74 52 35
62
1 5 37 54 63 19 55 44 34 64 2 20 71 32 33 35 56 93 53 62 66 61 58 52
5 32 1 34 35 66 20 8 62 6 53 76 52 63 45 64 54 19
1 5 34 74 6 63 61 67 37 35 65 54 32 7 39 19 2 40 64 36
1 2 34 19 33 32 71 52 35 92 6 61 63 62 44 54 20 39 64 95 66 65
33
1 34 32 61 5 63 33 35 6 65 48 19 2 53 73 52 42 54 62 71 44
1 5 34 52 2 62 32 6 63 24 19 35 44
1 2 34 54 65 63 61 56 71 23 32 67 64 6 66 20 53 35
1 44 5 63 32 62 7 34 2 71 61 19 20 36 64 54 35 52 39 56 23 6
6 1 34 32 5 63 62 35 61 20 53 65 33 66 71 44 52 19 36 67 8 64 54
2 1 34 32 5 63 28 35 61 6 20 83 33 62 8 37 42 22 53 52 19
1 6 63 5 2 32 34 33 71 37 7 62 35 61 44 8 20 74 54 36 53
1 73 62 56 64 57 54 53 3 61 59 67 66 52 63 36
1 32 2 34 5 52 6 35 7 71 58 66 33 93 42 37 63 53
34 54 19 35 32 53 63 20 62 71
34 1 6 75 53 54 2 32 7 66 61 62 44 20 71 39 33 36 63 37
1 71 34 63 52 32 61 65 76 19 6 53 62 35 44 54
32 1 92 54 2 61 6 35 34 53 71 62 69 33 37 63
1 2 32 34 22 63 19 62 58 61 55
1 2 63 33 32 34 62 37 53 6 71 7 54
62 1 32 63 37 34 35 61 92 2 52 6 19 54
1 61 34 32 33 7 6 54 35 63 19
1 34 32 2 61 54 19 36 63 20 53 6 33 22 52 35
1 42 54 53 34 61 52 44 32 2 21 28 35 71 63 65
5 1 63 19 34 55 2 33 61 66 35 71 62 6 54 53 28 32 7 57
1 5 6 8 35 71 32 53 2 19 61
1 66 6 32
1 2 6 62 32 35 19 42 34
1 62 35 74 19 64 61 63 56 32 34 7
1 6 35
32 34
63 1 44 34 2 53 95 32 62 7 19 37
2 54 63 1 74 53 32 35 61 6 62 42
5 6 44 34 1 32 54 61 35 71 66 42 73 8 62 20 19
5 32 35 1 2 6 34 93 63 54 42 71 19 62 33 53 61 7
1 63 32 61 35
61
1 71 32 6 35 34 44 64 19 37 39
34 32 19 33 36 53 35 62 63
62 34 33 1 37 53 42 71 61 32 20 63 36 19
3 54 33 21 34
71 21
33 21 34
54
71 1 67 66 6
35 61 32 34 1 54 19 63 52 37 65 33
1 33 2 5 34 71 36 32 56 35 52 53 63 61 19 20
1 32 71 20 53 34 33 61 36 56
32 33 1 71 19 37 34 74
34 37 6 1 71 32 23 19
32 21 1 34 6 53
1 63 32 34 92 5 61 53 33 6 71 62 35 2 54 66 44 37 19 52 20 43
5 1 32 8 82 71 36
35
1 35 32
33 1 34 21 32 71 36 20 19
43 6 2 1 34 32 35 33 65 61 20 71 38 53 92 52 54 37 63 23 7 24 21 44
1 35 32 53 37 61 36 71 6 34
1 34 37 71 36 35 32
5 6 1 32 7 62 19 34 63 71 39 37 33 35 46
34 1 6 71 32 35 37 5 19
32 5 34 6 35 1 19 21 61
6 1 32 2 61 5 71 34 93 35 44 19 72 37 33 52 36
34 32 35 7 1 6 5 42 2 27 63 8 54
1 66 56
63 5 61 1 34 66 74 21 62 3 32 71 33 76 7
2 65 33 62
1 5 32 71 19 34 7 36 37
34 71
71
1 71 63 34 64 61
34 32
32 71 54 34 33
32 1 34 64 36 52
1 61 53 32 34 63 37 62 66 33 6 35 67 24 36 65 54 19 21
1 21 2 34 67 62 20 32 7 33 35 66 64
32 1 2 5 6 34 54 35 44 53 33 71 61 63 42 37 62 7 58 45
5 61 1 2 34 66 64 57 32 62 71 54 63 36 33 56 6 19 53 52 44 37 96 87 35
63 71 64 66 61 53 1 55 33 2 67 34 62 83 54 19 74 65 32 7 36 44 57 20 42 76 35 21 52 79 48
6 1 32 71 53 5 33 2 63 61 54 65 34 52 62 21
62 2 63 61 76 34 7
1 32 34 44 63 64 33 71 54 53
1 35 32 71 20 34 63 61
32 44 71 1 34 19 2 53 42 65 61 63 20 62 64 67 35 21 76 54 37 40
34 32 63 2 42 53 19 62 35
52 1 32 37 2 61 34 66 21 56 54 71 33 62 6 63 53 42 74 7 35 20 65 36
67
62 53 32 34 63 61
54 32 63 34 62 33
1 34 35 61 32 42 33 71 54 63 53 62 52 44 19 65
34 32 61 33 54
34 71 2 33 65 63 1 35 32 19 54 69 21 52
34 35 19 6
2 7 59 32
1 66 32 6 21 44 61 34 35 62 71 40 33 19
54 61 53 34 32 1 63 71 20 42 7 27 52 55 21 44 2
27 33 1 32 54 52 71 44 19 34 6 37 53 20
2 1 54 32 43 63 52 66 34 53 7 44 61 65
32 54 64 61 71 34 62 37 53
1 53 71 32 54 52
32 34
34 19 53 21
63 20 42 32 33 34 53 7 71 62 19 61 54
54 34 33 32 61 62 63 28 19
54 65 33 52 63 21 61 66 34 53 67 62 76
32 28 34 33 19 53 54 35
34 61 32 36 54 65 19
34 32 19 61 33 74 52
71 54 61 57 35 53 62 37 32 33 34 52 38 36 56 66 42 58
71
54 71 57 34
34 54 32 71 63 65 52 33 62 53 67 61 64 66
71 55
2 32 54 62 34 53 19 52 1 63 43 61 40 21 71 37 36 6 42 56 57 67 33 64
61
32 1 52 63 37 3 64 34 53 21 71 35 33 44 62 54 61
2 27 34 32 1 20 53 37 44 63 19 54 61 62
32 20 6 42 63 54 34 62 1 92 19 61 35 53
34 1 61 71 64 32 63 20 35
64 52 34 44 32 71 19 61 35
54 34 71 33
34 19 71 33 54 37 32
71
71 32 63 19 21 34 37 42 53 33 62
34 37 32
34 66 61 33 32 52
33 34 71 53 21 37 76 54 83 52 56 32 36 42
1 52 32 34 36 21 63 71 35 33
32 1 34 2 33 54 62 52 35
34 71 19 39 32 42 37 21 24
2 1 32 35 6 65 8 71 34
1 2 71 32 92 6 19
1 61 32 71 52 63
1 6 52 32 33 34
54 71
32 71 61 34 52
34 32 44 55 54 53 21 27
33 65
32 36 34
34 57 21 1 62 63 38 54 61 42 32 71 53 33 56 35 67 86
54 71 57 58 65 55
23 71 38 63 53 19 34
32 34 33 21 19 71 54 36 24
1 32 34 71 61 63 37
1 34 32 33 21 6 56 19 36 71
63 1 62 40 34 32 54 21 19 35 36 58 38 71 52 55
1 71 21 36
71 61 32 21
34 32 71
34 36 74 21 71 54 19 37 33 27 62 32 63
32 34 71 20 21 19 6 33
34 32 71
1 6 32 2 71 35 39 34
32 71 39 34
34 1 5 19 32 71 53 62 35 7
1 32 35 2 34 37 71
1 61 54 19
34 2 32 1 33 6 71 61
2 1 63 32 6 71 61
2 1 6 95
1 61 32 71 7 6 66 34 73 35
32 1 34 36 63 35 19 37 33 71
32 20 34 53 61
34 32 35 33 37 62
5 32 35 6 1 34 71 33 19
35 32 34 21 71 1 7 36 61 62 19
34 32 36 71 33 7 37
37 32 34 62 35 71 61
32 34 40 61 3 21 54 19 37 36 62 35 71
37 34 32 71
34 1 32 37 19 54 71 33 35 61 6
1 35 19 37 5 32 71 20 39
71
32 35 1
1 66 2 56 34 32 61 37 33 71 5 6 35 48 3 19
1 40 71 35 32 6 61 39
32 35
32 1 35 71 40
57 71
35 71 1 32 5 44 34 40
35 32
48 32 1 35 71 5 6 39
42 63 34 19 71 52 55 32 61 59 58 62 21 54 33 35 66 53
32 1
69
61
34 64 52 61 63 55 66 32 65 7 54 56 67
34 71 64 33 32 63 20 44 54 19 61 56
32 34 87 1 54 61 20 71 6 33 62
32 1 34 42 35 62 44 37 54 6 61 63 48
1 6 32 3 34 2 44 54 35 95 61 63
32 2 64 71 62 36 34 94 52 61 53 19 54 74 65 35
1 32 34 6 35 95 61
32 1 39 5 3 6 33 4 34
36 34 35 33
1 54 32 34 53 39
19 32 1 34 2
32 33 5 1 34 93 2 54 63 53 19 6 62 71 35 7
62 34 52 32 2 1 54 19 63 6 7 67 61 36
32 61 6 34 63 3 1 62 39 35 19 40 36 67 37 71 33 54
34 32 1 61 54
20 32 34 53 61 63 33 21
1 19 71 32 34 63 35
52 34 19 5 1 32 62 6 54 36 71 66 20 63 61 64
52 73 54 61 3 76 59 53 71 67 63 64 56 65 57 7 34 36 85 66 33 55 75
32 62 52 34 33 1 20 36 54 63 61 19 23 65 7
62 40 1 35 34 71 61 52 36 54 32 6 19 33 66 56 63
61 1 5 71 56 34 32 63 33 76 6 93 2 83 35 19 8 68 54 62
32 34 67 38 53 36 71 54
32 34 1 53 61 36 6 71 63
32 61 1 34 63
37 32 34 56 42
32 34 63 37 1 61 53 19 33 54 62 36
34 45 32 19 52 35
32 34 35 63 61
32 34 33 44 63 66 21 35 61 74 62
1 32 34 27 35
32 35 34 19 20 74 33 71
33 66 71 19 34 32 61 1 20 6 42 63 35 65 54
2 63 34 71
32 34 19 33 35 63 37
34 32 62
32 34 61 63 35 36 33 20
32 34 33 19 62
32 34 35
32 1 8 33 5 34 93 19 85
44 1 71 32 35 5 34 54 6 61 19 20 42
66 1 20 35 42 32 61 54 34 44 71
32 34 1 65 64 66 61 56 72 63 42 35 6 54 52 53 71
35 32 63 1 34 61 58 6 92 20
66 32 61 35 20 1 54 33 34 6 39 37 64 36 19
35 32 2 1 34 53 52 66 26 54 6 20 63 21
5 32 35 34 1 8 6 19 20 33 53 66 2
34 32 1 61 35 27 6 66 41 42 19
1 61 5 6 93 10 71 8 32 35 52 33 53 42 34 55
1 5 6 32 61 8 34 44
1 5 8 6 32 35 2 34 42 64 44
1 32 2 6 35 34 44
32 61 73 7 35 2 1 82 34 62 33 6 5
1 32 61 6 34 35 62 53 58
32 2 42 34 35 61 66 5 53 71
32 1 34 6 55 53 52 35 63 62 36
5 6 1 55 32 34 35 19
54 1 33 34 32 63 6
2 63 8 76 67 34 54 32 61
53 61 32 1 6 74 2 72 54 63 34 35 36 44 42 7 62 19 64 94 65
1 61 32 5 34 42 2 35 63 66 62 33 71 19 54 44 55
1 32 53 35 76 71 44 57
62 6 34 63 54 32 61 7 66 65 19 8 35
76 62 71
32 1 34 2 35 66 61 62
2 1 32 61 34 63 44 65 62
1
32 35 36 34 44 20
32 34 71 19 42 62
32 35 1 34 71 61 20 54 36 37 53 21
35 33 32 1 42 63 34 27 54 61 95 62 53 19 71
34 32 1 71 35 54 63 5 33 61 19 62 20 21
1 34 32 35 52 63 21 71 33 36
32 16 71 40 34
32 21 35 34 1 19 101 62 54 71
35 32 37 1 2 34 63 54 33 20 52 62 71 36 19
35 1 71 34 20 32 63 62 36 37 61
32
19 35 42 74 32 37 53
1 35 32 61 36 34 42 62 63 33 37 2 19 23 21 6 53 46 5 65
19 44 34 35 32 37 36 33 71 54 61 42 62
53 32 35 34
34 36 32 65 37
61 34 32 21 62 54 33 71
32 34
34 32 36 62 63 61
32 1 33 19 34 37 71 23 35
34 32 36 38 62 54 53 21 35 33 20 37 52
63 32 34 37
33 34 2 63 61 1 62 32 35 54 53 19 36 71
58 65 53
73 82 12 61 16
35 37 71 32 64 1 61 62 2 63 34 7 33 54 21 19 6 42 53 66
34 71 1 20 37 36 32 42 35 53 33 19
32 52 71 34 54 37 35
32 1 36 71 19 63 34 62 33 21 6 56 65 37 54 53 61
36 32 54 63 42 34
54 32 62 53 63 56 34 71 42 20 55 19 35
34 54 57 20
1 92
32 92 1 34 55 33 52 54 53 65 57 71 36 56
58 61 71 34 32 38
69 56 71 54
32 71 34 63 26 19 33 56
32 34 67 61
54 34 52 63 59
5 93
1 16 5 93 35 32 40 34 19 67 71 52
1 32 34 6 35
1 2 61 5 72 66 63 33 32 71 62 42 34 7 76 6
1 32 34 62 61 67 5 63 54 33
35 32 61
1 63 32
63 9 1 5 32 19 35 8 10 6 62 61 34 93 37 48 66 76 36 44
61 75 73 66 32 6 35 63
1 32 63 6 34 74 5 2 35 44 62 8 7
34 19 32 33 20 36
1 42 32 61 34 63 62 64 66 35 54
32 1 34 35
71
20 71 37
71 34 32
34 35 32 33 74 71 36 20
71 34 63 32 54 61 36 20 52 19 6 62 23 37
34 20 32 19 33 54 62 61 52
71 19 62 32 53 36 34 61 33 20 37
1 34 61 32
83 72 63 74 61 56 34 54 52 36 67 66 64 32 53 42 7 71 62 65
32 34 20 33 19 35 6 42 44 61 71 62 36 37 53 45
32 34 67
19 34 62 33
56 34 32
32 34
65 34 53 63 61 62 2 36 20 32 21 54
71
32 2 34 35 63 37 61 54 33 36 71 43 19 62 23
5 33 61 93 63 32 64 34 71 19 40 20 53
54 71 32 34 36 1 35 37 19 44
34 32 33 63
42 61 63 34 32 6 66 38 62
61 32 35 33
34 32 33 63
62 33
71
34 19
71 34 54 32 33 37 35
34 32 7 62 33 36
33 34 53 63 37 32 62 52
32 1 34 71 42 33 54 62 19 21 35 61 57 43
1 32 34 71 33 21 19 54 62
71 34 33 32 19
63 33 34 32 37 35 19 62 20 54
34 32 1 53 21 33 62 20 63 19 35 44
54 62 53 34 61 7 63 71 19 52 28 21 33 20 58 67 42 56 32 6
32 20 34 19 42 33 62 67 2 64 35
62 32 34 63 3 35 54 33 36 61 20 37
35 32 33 61 71 34 19 42 92 3 1 52 20
34 32 2 7 19 62 1 63 61 33 35 36 53 71 20 21
1 34 32 37 62 35 21 43 33
34 2 32 1 33 71 37 61 62
21 34 53 62 32 61 33 37
34 63 1 32 61 71 35 33 52
34 37 32 33 63 35 19 62 65
36 63 32 34 62 20 33 61 71
34 33 32 26
34 32 62 33 35 21
33 34 71 42 32
71 37 32 33 34
61 87 32 34 65 63 62 74 38 52 56 66 54 36 57 71 33
32 63 34 35
34 32
34 32 37 63
32 34 22 35 33 71 61
2 32 63 38 34 33
37 34 1 20 32 63 62 19 44 54 36 71 21
34 1 32 62
34 1 36 32 27 53 63 33 54
54 34 37 42 33 71 32 21
34 35 32 56 20 71 23 21 37 61 36
34 62 32 7 66 42 61 19 53 35 33
58
34 56 33 32 61 35
34 63 6 1 62 37 33 32 43 61
32 34 36 19 35 37 75 61 62 71
72 67 61 74 52 53 62 63 19 65 75 66 11 32 68 73 64 55 56
1 36 40 32 63 62 53 34 35 37
34 61 32 53 71 19
32 71 1 34 36 6
32 34 71 38 21 54 37 53 20
32 34 20 36 54 71
20 19 32 61 34 71 35
71 59 56 61 66 54 69 65 62 64 53 33 35 32 52
2 1 34 54 32 61
32 1 66 61 34 65 42 16 52 71 11 44 19
71 61 62 34 63 37 54 53 52 56 33 65 64 32 44 35 36 19 42 76
34 32 36 19 64 53 71 62 33 37 63
71 33 36 62 34 32 54 20 61 21
34 57 32 19 33 1 62 71 37 53 63 21 61
42 34 33 32 37 36 71 61
71 34 38 63
61 37 34 32 53 24 38 54 62 36 33 21 63 67
21 32 34 35 62 37 63 61 33 22 36
34 32 54 33 71 63
35 32 34 2 61 1
38 32 36 34 20 40
35 32 37 34
32 34 37 62 20 33 35
37 63 67 32 38 61 33 71 53
32 61 35 34 71 37 20 62 19 33 63 64 52 36
34 20 32
34 71 32 61
71
61 32 34 71 63 33 53 35
71 86 54 34 61 66
63 32 53 54 34 61 71 33 62 64 56 6 19 66 52 37 28 27 21 23
33 34 2 71 32 52 61 63 53 19 62 20 21 42
34
37 62 32 34 19 63 33 61
33 34 32 35 37 62 71 63 39 53 21
32 71 63 53 34 62 33 1 52 21
34 71 53 67 42 33 54
34 32 54 37 71 21
32 34 40 35
32 62 71 52 34 54 61 53 33 40 37
71 21 32 34 62 54 63
71 34 19 33 32 61
33 21 34
44
34
33 34 32
21
62 34 1 32 63 52 19 54 33 36 53 21 6 7 35 2 37
34 63 62 32 37 19 33
32 34 19 63 62 33 61 54 36 20
34
34 62 32 52 33 37 19 54 35
34 33 39 71 23 32 36 53 37 19
34 32 19
34 32 62 61 33
62 34 53 32 43 54 61 19 44 71 37 63 27
54 33 71
34 32 35 63 33
1 32 34 52 61 63 3 65 56 20
32
71
34
71 33 61 34
1 32 34 71 35 67 44 63
32 34 62 35
32 34 35 42 62
1 3 2
2 7
34 32 33 42 62 35 52 63 61 67 71 54 19 20 36 6
1 65
1 3
34 32 62 61 66 44 63 35 36 54 33 19 20 71 23 53 37 21
63 35 32 34 54 53 52
32 34 33 63 54 53 71
64 68
32 7 62 52 1 34 54 33
1 2 61
32 63 34
1
32 34
1
5 1 64
61 71 7 32 63 34
1 32 34 54 63 62 61 67 6
32 33 63 34 44
56 34 32 63 69
23 34 32 56 21
34 54 71 32 23 42 36 19 33
54 32 52 34 71 21
62 34 33 21 32 19
55
34 54
32 20 34 65 33 62
34 32 54 71 42 37 61 69 22 63 58 57 62 33 97 35 36 53 28 7
71 34 55 54 56 59 52 53 28 57 58
58
32 34 35 21 33 19
58 32 34 36
2 61 32 34 63
32 34 71 21 33 62 1 54 19 61 37 63 36
34 33 32 71 21 36
33 32 34 23 27 20 36
33 34 32 19 35 21 37
33 63 32 34 19 36
65 55
1 71
67 32 75 34
1 32 37 34 33 71
61 34 38 32 71 36 19 33 62 53 67 37
34 32 20 37 71 21 62 19 63 36 53 7
34 19
32 34 38 59 55 21
32 71 34 37 62 61 63 36 20 33
34 63 32 62 37 19 33 86 53 71 61 36
34 61 32 33 62 38 36 63 37 56
33 34 32 62 63 19 37 61
71
34 54 32 53
32 62 36 61 33 34 71 37 53 63 2 19
33
32 34 19 71 21 33 37 54
1 2 71
1 2
71 56 59 34 32
69 71
55
71
2 54 52 36
4 2 71 66 32 64 52 37 69 57 56 61 54
4 2 1 71 52 66 58 59 54
1 71 53 55 69 59
35 65 71 55 62 53 19
32 71 34 35 20
71
33 21
34 71 32 6 35 1
71 32 1 35 34 6 39
35 32 71 40 39 20 6
1 35 32 71 37 6 34
32 71 6 35 34 19 42 20 40
35 71 32 54 62 34
1 32 34 6 71 20 35 5 36 33 61 44
2 32 6 34 61 39 35 71
32 2 39 35 1 34 19 20 71 63 37 21 27
21
37 34 32 38 71 33
21
33
34 21
34 32 20
33 21
32
33 62 34 32 63 61 19 71 21 35 37 20 53 36
21
33
63 53 67 34 33 62 71 36 32 61 52 19 64 20 54
1 53 32 34 63 37 33 21 43 19
32 62 21 34 71 63 54 33
1 34 32 36
21 34 32 53 33 63 62 61 40 71 37 36 27
34 20 71 35 32 33 63 65 38 62 19 36 37
32 34 33 19
34 33 35 32 62 21 20 71 19 63 37 54
34 63 62 35 32 33 19 20 44
34 52 1 32 62 19 33 36 63 61 21 24 35 54 71 37 20
20 19 32 34 54 33 6 62 36 61 37
34 33 32 63 53 21 62 19 1 37 35 36 2
34 32 63 33 71 19 21 35 36 62
53 32 34 33 63 19 71 61 21 36
33 32 19 20 34 38 71
34 32 37 33 62 20 35
36 34 32 62 52 63 21 37 33 24 38 61
63 34 32 33 37
62 32 34 33 63 36 24
33 71 21 36 32 61 34 19 37
34 35 32 33 53 37 21
32 53 62 63 43 34 19 26 21 71 37 33
32 34 37 33 63 21 35 62 36 19
61 33 63 56 71 32 54 52 53 34 62 26 37 36 19 83
21
34 35 62 32 71 33
63 33 62 34 24 21 38 37 32 19 36 54 61 67
32 56 53 71 42 52 34
54 71 32 19 63 52 34 53 69
34 32 33
34 33 37 62 54 53
34 53 62 36 32 21 33 63 71 19 37 61 26
71 21 20 32 63 54 34 52 22 33 53 61
32 36 37 62 21 33 34
61 34 32 33 37 62 52 36 21 53 38 19
21 32 34 33 62 63 36 71 35
32 34 33 62 37
21 34 71 32 62 33 36 63 37 61 20
32 34 33 42 62 21
33 32 19 36 34 38 62 20 53 63 21 28 37 71
34 63 33 62 36 32 19 20 37 21
33 34 32 21 62 37 19
34 32 71 21
34 33 21 36 32 38 62 63
34 37 32 63 33 19 21 61
62 21 19 32 33 34
33 34 21 53 32 19 1 63 37 54
32 34 33 36 71 21
34 32 35 33 53 71 21 20 37
34 32 33 61 36 21
34 61 33 63 71 32 62 65 36
34 32
32 34 20 19 42 37
32
34 32 37 71 36 61 19 21 33 87
34 32
32
65 62 71
34 32 42 37 63 33 2 71 1 61 19 35 62 66
34 61 32 33 1 37 19 63 36 53 20 35 27
63 34 61 55 33 54 32 36 62 52 67 43 53 71 19 66 20 64 65 23 42 7 44
63 36 32 34 62 33 53 23 20
34 1 38 32 33 62 35 53 20 19 44 92 63 61 24 71 40 37 42 21
37 33 32 34 19 71 21 36 54 20
32 34 37 19 33 53 63 36 71 35
71 32 34 62
32 34 33 62 37 36 19
63 34 32 62 54 53
34 61 2 75 32 63 62 36 21 69 56 19 52 54 71 33 57 66 64 20 53 67 59 42 74 58 65 43 44 35 7 55
32 34 20 53 54 63 62 33 26 37 19
34 32 33 21 61 71 52 63 62 22 19 42 35 44 38
36
63 32 34
34 61 33 32
33 34 32 19 20 62 53 42 35
62 34 54 64 63 53 32 20 52 35 2 61 33 56 19 37 36 24 74 7
34 33 37 1 32 42 7 62 20 24 35 2 19 65 61 63
34 62 35 32 53 63 71 20 33 39 61 21 19 54
32 42 34 54 19 21 62 53 36 71
34 32 33 36 63 37 61 21 20 74
32 33 34 20 61 35 54 21 23 19 37
34 53 32 33 20 40 19 71 36 44 62 35 21 63 37
34
32 33 34 21 53 36 35 63 71 19 62 54
32 34 21 23 33 38 61 24
34 33 32 62 37 21
62 34 32 36 35 33 21
34 32 33 64 36 37 21 53 61 56 24
71 34 33 19 32 53 21
34 32 63 33 62 71 19 1 54 36
19 32 34 33
34 32 33 35 28
32 42 34 62 21 63 33
34 32 54 53 63 71 62 33 28 36
34 32 21 19 33 71 36 63 35 43 37 62 95 20 54
71 19 32 36 34 33 54 7 21 52 20 38
34 33
71 32 34 63 19
21
32 52 34 39
34 71 21 53 37 32 62 36 63
32 61
32 56 33 34 63 21 36 1 20 19 71 54 42 35
34 32 1 97 63 36 2 62 33 61 19 35 52 20 37 65 21 71
32 7 61 62 21 34 53 20 33 44 71 36
34 64 32 66 53 21 63 42 61 62 37 35 54 19
1 19 33 62 32 36 34 30 20 52 71 63 37 53
34 37 32 61 19 53 57 71 33 36 64 52
32 19 52 53 34 37 35 21 63
34 63 1 32 61 53
33 34 32 20 61 62 66 63
32 34 64 63 1 2 71 61 62 7 54 33 35 36 59 19
34 32 19 1 35 61 36 63 62
32 34 71 37 36 33
61 1 62 32 19 34 21 35 20
34 32 63 2 38 52 61 33 65 62 1 6 66 54 37
53 1 67 34 32 35 6 19 52
63 32 56 54 61 33 34 71 53 36 62 19 20
34 32 35 37 33 53 42 71
34 32 71 33 20 35 27 62 53 61
34 2 32 33 19 36 1 44 62 53 63 71 67
34 36 33 32 19 61 37
53 34 62 63 32 1 33 61 19 35 64
32 19 34 35 36 3 33 62 37 20 61 63 40 54
26 34 63 33 32 21 23 37 20 35 61
71 32 34 20 33
33 32 34 43 62
32 53 34 67 19 52
32 36 62 34 35 63 71 61
32 34 21 63 62 19
62 19 71 32 34 63 44
32 34 35
34 20 32 62 33 38 21
1 34 61 32
19 63 32 62 52 34 33 61 64 21 36 37
20 32 34 61 63 35 19 62
61 34 20 66 62 32 54 52 37 63 31 19 53 21
34 63 61 32 19 20 62 54 33 21 35 36
32 34 71 63 33 62 61 67 21 54 24 20 19 37 56
71
38 52 32 71 62 34
71 32 34 61 63 33 53 1 62 19 7 44 36
32 37 42 34 20 71 62 54 35 33 19 61
32 20 6 35 62 34 63 38 21 71
20 52 37 63 61 53 33 34 54
34 53 32 35 44 65 61
34 63 44 32 20 23
34 19 32 61 54 37 44 33 62 35
34 71 67 63 32 19 62
34 63 71 32 35 62 33 53 64 21 61 36 19 54 42
34 53 37 33 63 32 61 1 62 54 66 21 71 36 52 20
33 21 32 61 52 34 63 54 19 36 62 37 71 35 20
2 34 33 1 32 19 63 62 37 61 20 36 44 71 6 54 22
63 33 32 23 34 2 1 19 44 62 20 22 61 53 35 71
33 43 32 61 34 62 37 71 63 54 64 42 35 36
37 32 34 35 19 33 63 20 62 36 61 71 21 66
34 20 32 63 71 33 36 6 53
34 32 33 71 19
34 32 33 42 19 61
34 62 32 63 21 35 20
34 33 1 61 32 23 63 37 53 62 36 65 40
33 34 32 19 37 63
21 63 62 33 34 37 32 53 20 71 36 24 19
34 32 63 61 37 19 35
32 34 53 33 35
61 34 32 63 35 71 37 33
32 34 19 33 35 63 21 20 61 62 53 36
34 32 53 6 36
32 33 34 54 20 53 19 63 52 43 62 61 71
34 33 19 32 62 65 35 63 37 66 36
34 32 33
32 34 71 37 33 20 53 21 63
34 32 33 37 63 21
32 34 20 63 33 50
33 34 63 32
32 34 54
53 34 32 63 71 33 61 62 36 7 20 21
2 32 62 33 34 24 71 35 53 61 63 36 37 21 96
36 21 34
35 32 34 63 19 33 1 62 28 53 20 45 56 71 3 61
34 20 32 19 71 33 27 42 62 63 61
61 32 33 34 37 36 20 42 19 63
43 34 35 32
34 32 62 33 19 63 71
33 32 62 54 20 52 34 63 19 21 71 36
34 32 21 33 20 71
34 32 63 71 54 37 62 52 19 33 35
33 32 34 63 37 36 53 24 56 19
34 54 53 32 37 20 63
33 32 34 27 40 54 63 62 37
32 3 34 20 37
32 34 1 19 53 61 62 63 65 21
34 33 23 53 52 54 32
32 34 33 61
63 34 61 32 54 46 30 58 37 52 44 23 66 53 33 62 71 20 56
32 33 36 34 62 1 71
53 37 34 32 63 61 35
21 34 33 67 53 63 32 62
19 33 1 34 32 38 37 36 61 62 63 54 53 71 21 35
34 33 32 23 36 53 61
34 32 1 62 63 37 33 36 53 92 61
34 2 32 33 53 19 21 62 54 63 64
1 34 32 24 62 36 71 33 63 19 54 61 20 37
34 1 32 62 33 71 20 53 19 21 36
32 34 53 21 20
32 37 20 19 33 53
34 50 32 36 63 38 62
61 34 58 54 62 52 32 71 24 33 63
34 21 33 32 71 20 52 54 61
19 34 62 32 21 71 33 52 53 36 54 63
33 34 32 36 20 52 54 19 21
32 34 37 33 63 20 71
54 53 34 32 33 36 19 71 1 67 61 38 62 35 6
71 34 32 54 35 52 33 61
34 63 32
53 32 34 33 62 71 19
2
34 7 61 2 32 62 63 53 64
53 32 37 34 62 21 58 61 33
62 34 36 32 71 21 33 35 19
32 34 19
32 34 33 63 20 61 36 52 37
57 21
63 34 32 42 67 37 20 33 62 53 54 61 64
32 34 63 54 19 61 62 33 43 53 35 67 21 36 37
33 36 34 32 2
65 54 34 62 33 21 32 36
32 69 34 46 37 61 21 75 53 65 63 57 52 62 71 54 33 66 28 19
57 61 42 19 52 33 53 32 62 35
32 52 34
53 34 36 32 33 19 42 62 63 35
42 34 62 1 37 71 32 56 33 35 36 61 53 20 63 54 19
61 32 37 44 62 34 63 33
34 32 37 54 23 33 35 67 62
62 53 34 54 64
34 52 32 61 54 62 63 42 36 2 56
32 63 34 37
34 32
32 61 34 63
34 32
63 56 32 37 34 54
35 36 63 34 62 32 61 19
32 34 37 53 21 71 33 61 57 54
34 33 32 71
54
71
56
66 63 71 56 61 54 67 65 64 69 53
2 63 7 20 61 66 62 53 34
74 2 34 62 71 27 64 55 67 63 54 61 33 32 1 7 37 53 76 21 36 52 42 19 65 3 96 43 44
61 32 54 71 48 59 53 34 52 33 42 67 44 2 64 37
63 34 54 61 69 71 36 37
2 62 33 34 3 7 32 6 42 54 53
34 33 55 63
19 32 34 35
34 32 61 1 54 37 52 42 35 7 36 2 19 23 71 33 53
2 34 32 36 63 54 33 71 62 61 64
61 65 53 34 32 82 56 3 33 28 19 54 1 42 57 17 63 71 55 44 36 64 52 2 20 62 67 24 66 35 76
64
63 67 54 61 42
62 63 34 44 36 27 3 67 64 32 33 55 2 42 52 61 54 65 57 19 58 71 76 53 48 74 24 56 23
33 32 34 64 19 54 52 56 36
2 32 34 61 42 36 21 44 65 58
34 27 32 71 54 19
32 34 1 65 67 74 54 36 71 64 37 58 6
44 34 32 53
2 21 32 71 34 54
35 61 62 19 34 7 64
34 32 76 42 33 63 61 64 2 54
54 65 71 61 34 32 62 67 63 53 58 64 52 19 33
61 66 63 7 74 56 65 53 62 3 34 1 54 64 42 67 71 33
61 62 34 32 63 33
34 32 37 63 2
32
1 32 34 33 19 44
34 33
20 34 32
34 33 21 71
33
61 34 21
34 62 32 33 19 61 21 63 35 48 67 53
71 21
36 34 21 71 69
2
2 33 34 71
34 52 54 67 33 53 71 63 1 61 32 7 36 20 55
63 34 32 55 33 57 54 61 20 52
71 21 2 42 34 56 32 63 19 53 3 65 54 62 64 7 61 44 33 36
32 54 34 67 63 52 71 37 33 28 62 19
34 32 61 35
34 32 33 62 52 54 42 19 53 61 36 2 7 63 71 35 55 44 74 21 64 76 22 20 38 65 26
20 33 34 62 32 2 61 54 64 63 56 53 19 26 43 35 3 21 7 44 55 52 23 57 71 42 36
53 61 71 32 52 33 36 54 34 76 67 56 62 74 85 42 44 19
61 54 56 63 68 65 55 52 7 19 62 69 64 53 57 66 32 71
34 62
32 54 42 21 34 57
32 34 54 35 33 21 3 62 63 61 36 2 19 52
32 34 53 33 54 19 31 63 42
35 34 61 32 63 20
63 19 54 32 34 7 61 20
34 33 35
61 52 63 32 55 54 34 76 44 64 56 71 19 21
34 21 1 35 32 53 48 42 63 54 33
34 61 32 63 20 54 35 53 62 36 33 44 52 19
35 38 32 34 62
55 34 32 53 33 19 20 54 35 42
62 54 32 34 36 63 2 61 53 74 7 43 1 17 20 21 66 35 67 27 71 42
35 34 63 61 32 71 7 20 53 52 33 46 19 21 64 62 54 6
32 2 1 34 62 53 71 35 19 33 54 61 63 52 7 6 23 20 37
1 62 34 42 36 32 23 35 61 63 53 7 37 33 21 54 19 22 38
32 62 63 20 19 34 71 2 54 35 66 61 36 24 33 37 53 7 67 42 46 64
34 71 63 1 32 62 35 76 52 33 19 21 37 54
34 20 53 54 32 21 19 62 33 43 61 71 37 63
19 32 71 34 36
21 34 19 71 37 32 20 33 63 62
71
19 62 34 21 71
71
2 61 34 71 63 7
2 61 65 63
71
71
20
34 32 53 19
71
19
71
69 63 64 66
2 32 61 62 34 66 53 71 52 3 44
71 65 54 33 53 67 7
59 61 32 71 67 63 56 54 62 34 69 58 65 55 64 21 77 68 66 57
71 74 54 66 52 55 75 65 62 53 67 56 61 36 32 64 63 34 76
55 34 32 54 56 76
52 54 57 53 61 34
32 34 28 61 33 54 66 37 36
61 63 66 69 71
54 32 1 62 74 19 61 34 42 73 53 55 63 33 37 43 64 52 67 36 35 44 96
1 61 32 71 52 35 54 34 7 56 6 53 64 55 87 65 69 63 42 44
2 61 3 1 32 6 35 69 54 34 36 63 52 62 53 71
32 2 35 44 34 61 38 33 71 54 37 63
1 62 35 34 32 7 2 61
34 1 35 32 6 2
1 5 35 7 32 52 6 34 42 19 61 44 63 37 56 71 54 64 67
1 44 32 2 34 37 54 63 35 33
32 34 33 20 62 19 1 63 35 54
35 32 20 63 19 34 33 21 54 62
32 34 53 62 61 33 36 20
2 32 94 1 65 63 34 44 37 62 35 61 42 6 21
34 63 65 32 61 35 53 54 19
32 34 37
34 5 35 61 1 32 6 3 71 53 56 22 36 21 63 27 52 37 44 33 62 20
71 19 32 54 34 2 1 53 20 63 61 52 37 36 62 21 56 33 26 35 44
33 62 67 54 34 32 61 63 71 64 20 53 3 21 19 52
53 1 52 37 67 59 54 33 71 26 34 62 63 32 61 65
61 71 32 52 34 54 65 58 63 19 67 33 62 53 20 64 42 76 56 28 27 74 21 37
71 19
71
65 66 54 71 21 62 69 63 42 19 34 55 32 53 59 61 67 64 52
1 34 71 61 63 32 33 19
1 32 34 33 35 20
1 32 34 35 52 58 71
54 1 34 33 19 32 61
34 32 62 63 35 20 52 33
63 37 34 33 71 32 35 52 28 65 61 36
71 1 32 54 34 36 19 37 33
32 1 5 93 71 33 21 98
33 71
71 34 32 33
34 1 32 6 61 37 35 33 21 53 62 71
73 36 1 40 35 32 62 71 34 61 65 33
53 1 37 63 71 34 54 32
34 32 21 33
34 21 33 19 37 32 24
32 37 54 36 34 62 33 71 43 19 52 21 63 53 20
71 34 64 33 32 19 37 61
35 34 21 37 32 33 61 20 19 71
34 61 54 32 21 62 33 23 27 63 19 37 53 28 71
34 32 19 33 54 36 63 71 64 44
32 34 56 71 54 33 63 38 37 21 62 66 19 61 36
32 34 1 26 62 33 20
32 38 34 19 37
32 34 61 33 52 56 6 62 43 35 36 20 63 26 74
34 32 1 33 62 19 61 21 63 20 53 28 37 71 36 54 40 38 23
32 21 34 24 64 54
53 33 62 32 34 45 35 54 71 52 61 56 63 19 21 20 36 22 42 58
71 2 19 1 34 32 54 35 21 27 53 33
32 1 34 19 33 6 56
32 19 34 71 33 21
34 33 63 32 36 54 35 20 37 19 62 53
32 54 71 37 34 63 33 19 62 21 43 61
34 61 44 32 36 52 33 54
19 32 34
33 32 34 38 36 19 21 71
32 52 34 63 33
33 19 32 34 61 36 62 35 37 54 63
32 37 34 19 33 36 62 1 63 2 71 61 20 45 21 67
21 33 34 63 32 35 2 19 37 74 86 62 64
71 33 6 63 32 34 62 37 20 54 21 61 44 42 1 19 35 53
21 34 33 32 71 23 35 53 20 63 3 19 37 44 61 62 52 54
32 34 62 63 37 33 35 19 44 2 61 21 20
62 34 53 54 7 63 55 61 32
2 61 65
62 34 33 38 61
34 32 20 62 37 3 7 19 33 35 63 36 42 21 54 71 55
34 63 36 20 32 33 21 19
19 63 34 32 33 36 37
34 32 63 62 6 33 66 53
34 33 92 21 7 54 1 71 32 19 37 63 24 23 53
34 32 21 33
34 61 33 20 32 24 21 19 54 36 62 38
32 33 71 61 34 21 6
65 2 57 62 34 63 61 3 54
33 21 20 34 37 63
34 63 1 19 32 35 33 65 71 45 53 7 52 61 55
34 32 71
32 36 52 34 37 33
71
92 1 34 71 2 32 35 62 20 19 21 55 42 53 33 36 3
53 32 19 2 52 34 33 71 62 67 21 63 61 37 54 20 36 7 66 35 74 38
32 34 61 21 19 33 71 54
71 24 34 32 33 19 6 53 42 61
34 63 33 32 52 1 19 20 38 21 53 37 97
2 71
21 32 34 62 19 63 33 67 53 52 61 42 54 22 20 71 45 28 23
55 52 54 6 64
34 32 76 62 52 53 63 23 54 38 71 36 33 19
62 21 54 63 71 2 34 53 66 52 61 33 57
54 34 32 53 27 19 65 61 71 33 21 57 62 63 7 42 20
32 19 34 20 21 40 33 37 63 36 52
34 1 32 2 6 62 33
34 61 32 35 19 62 33 53 1 21 71
62 63 52 71 2
2 32 61 52 63 34 54 37 42 36 62 74 20 7 19 33 71 95 53 35 3 43 40
32 33 53 34 1 52 54 35 62 19 63
76 34 63 61 32 36 2 33 65 1 35 54 62 21 52 37 53 20 19 71
64 2 63 34 19 36
32 19 34 55 33 7 63 37 35 61 36 65 62 42 24 71
32 34 1 19 54 7 71 63 36 21 62 20 53 61 33 35 45 52
32 61 34 35 20 62 86 36
34 32 61 63 33 35 20 36 37 71 53 19 7
34 63 61 32 37 62 71 33 20
19 34 32 33 61 62 63 42
32 36 34 19 53 63
34 56 32 63 33 67 62 54 61 20 19 57 42 53 71
61 19 34 7 33 63 37 71 32 62 52 64
34 32 64
63 34 32 33 62 19 20 53 71 54 61 38 31 35 37
34 37 32 19 53 35 33 20 61 63 62 71 1
21 34 35 32 33 1 20 19 63 53 54
86 69
71 54
34 62 32 19 63 54 36 33 37 24 61
32 34 35 19
34 33 32 63 24 36 35 21 71 38 37
21 34 71 32 33 37 54 19 36 63 67 20 62 6
34 33 32 54 37 53 71 21 19 63 23 62 36 35
6 34 1 32 33 71
63 71 34 1 32 33 53 19 62 37 21 36 20 56 52 54 35 61 64 42 7
34 1 32 63 86 33 20 71 62 21 37 36 54 64 61 23 19 35 57
36 62 52 53 71 37 34 63 65 23
54 21 34 32 33 71
33 55 56 52 58 54
35 32 19 63 21 34 20 52 42
32 26 34 61 63 20 71 33 28 36 62 21 42 54 19 64 27 52
34 71 33
34 20 37 24 63
33
32 34 35 62 71 54 20 21 36 33 43 37
2 34 33 32 35
34 36 61 62 32 20 33 21 63 19 23
71 65
34 1 32 33 21 62 19 2 71 63 24 38 40 35 54 52 61
36 62 52 34 1 61 35 32 33
53 1 34 32 63 20 71 37
32 34 37 61 33 19 62 26 20 21 67 54 7 35 52 36 3 63
32 19 71 35 34 33 61
34 32 35 63 23 33 61 7
37 1 32 34 62 54 35 20
63 32 71 54 34 21
32 35 67 63 34 61 1 19 2 37 52 44 62 33 71
54 34 62
34 62 53 40 32 71 63 54 20 21 36
54 32 34 71 33 36 61 6 22
34 33 32 21 71 53 35 19
27 61 63 34 32 19 36
62 32 34 71 36 7 33 61 63 76 37 53 20 65 19 52 74
32 34 43 21
32 34 33 37 61
37 61 52 53 63 62 1 56 32 66 35 34 19 54 71 6 33 21
1 32 6 61
34 1 52 32 61
37 1 32 34 64 61 33 19 53 71 35 63
1
1 2 71 37
32 36 35
32 71 34 19 54 35 37 33 21 62
71 37 19 34 36 21 32 33 23 62 20
33 34 20
33 35 71 34 32 52 37
71 33 34 62 32 54 21 63 19 52 36 7 61 65
36
34 33 32 19 52
32 34 37 54 62 33 63 43 21 19 71 36 53 20
32 34 71 62 52 53 57 63
71 54
52
28 7 1 32 65 63 53 52 55 62 34 21 71 19 33 38 37
2 54 55 52 58 62 61 65 21
34 71 21
71
71 63 34 33 54 32
32 1 43 34 21 71 33 53 19
35 34 54 71 32 53 61 52 21 36 64
32 34 6 37 42 52 26 61
34 71 32 35 52 53
32 19 54 44 62 71 34 1 7 53 61 2 63 52 67 55
2 54 53 56 32 34 52 7 62 71 64 63 35 87 19
1 2 61 71 53 32 62 54 40 63 19 34 7 52 38 66 35 56 67 64 37
59
55 53 71 54
54 53 63 71
71
34 19 71 62 32
54 42 21 32 37 33 34 19 71 65 63 52 20 53
34 32 71 61 33 62 63 19 24 37 64 36
53 20
32 34 62 35 36 33 53 63 21 19
32 19 21 33 36 61 52 71 53 38 34
71
34 32 36 37 33 62 53 35 71 20 22 28 61
52 59 66 71 33 53 34 63
36 21 37 32 71 34 63 33 54 61 19 62
70 68
32 55 71 20 58
19 58 52
71 36 63 53 54 32 56 21
19 21
65
34 32
35 32 19 34 63
34 32 33
34 32 37
34 32 19 33 63
34 32 35
32 34 35
62 32 34 33 63
33
34 32 33
32 34 35 20 62 19
34 32 63 19 35 33 62
86 69
34 63 32 33
32 26 34
19 34 32 35 61
34 32 20 61
32 19 34 33 61
63 34 35 33 32 19
34 32 35 61
72 54 71 83 67 61 74 62 87 63 53 59 34 52 32 65 56 7 66 38 36 19 64 42 28 21 75 69 11 33 20 68 57 58 73 35 55 6
34 26 32 54 71 52 20 33 63 21
65 61 66 71 32 52 34 54 58 63 19 67 33 21 62 53 20 64 69 42 76 55 56 28 27 59 74 37
63 61 34 20 32 56 54 62 58 53 71 52 21 37 66 33 46 30 36 44 31 23 19 24 28
23 71 38 63 53 19 34
34 21 33
71
33 34 2 71 32 52 61 63 53 19 62 20 21 42
52 54 71
63 34 61 32 2 75 62 53 54 36 71 21 33 69 56 19 52 64 6 57 66 20 37 28 27 67 59 42 74 58 65 43 44 35 7 23 55
6 1 34 32 5 63 62 35 61 20 53 65 33 66 71 44 52 19 36 67 8 64 54
5 1 64
73 82 12 61 16
69 65
2 5 6 1 32 66 75 53 61 85 62 35 64 36 63 34 71 39 65 48 93 42 7
1 61 54 7 77 34 64 52 73 63 66 42 72 56 21 2 32 33 65 53 3 74 62 68 71 55 76 59 69 57 19 67 37 44 36 85 75 20 58 84 43 45
1 65
71 35 61 1 32 34 54 19 63 52 33 37 67 65 66 6 42 21
76 75
1 63 71 32 34 55 19 57 52 42 23
54 71 63 34 37 46 32 53 66 64 69 57
71 61 62 34 63 37 54 53 52 56 33 65 64 32 44 35 36 19 42 76
2 61 34 71 63 7
71 63 34 33 54 32
71 34 55 54 56 59 52 53 28 57 58
61 54 1 92 62 66 75 33 32 34 55 64 52 71 65 67 82 69 19 63 42 53 2 56 20 73 57 87 77 38 21 27 44 36 39
34 32 35 7 1 6 5 42 2 27 63 8 54
34 1 32 33 21 62 19 2 71 63 24 38 40 35 54 52 61
71
33 34 71 53 21 37 76 54 83 52 56 32 36 42
65 55
2 62 21 66 63 71 56 54 61 67 65 34 53 52 55 58 64 33 19 69 57 7
71 70 59 52 66 74 61 32 54 67 63 56 55 75 65 62 34 69 58 53 64 36 33 68 77 76 57
71 1 38 53 57 66 65 55 56 69 59
61 63 5 1 32 34 66 74 21 62 6 3 33 67 7 43 71 52 75 76
1 83 32 19 34 35 2 61 63 37 62 53 71 92 20 54 38 65 33 44 36 42 6
34 33 39 63 61 53 54 23 32 71 62 19 35 21
71 34
54 63 56 32 55 61 62 71 42 69 58 52 37 53 66 67 33
74 32 65 34 71 69 1 61 53 55 6 76 52 57 33 64 35 63 54 62
56 61 1 62 34 32 65 53 71 20 64 66 63 54 33 19 6 21 37 69
23
71
34
37
57
34
34
71
71
71
71
33
34 20
71
2
33
71
34 71 33
34
71 21
71
34 71 21
54
33
33
32 71 34
71 57
34 32
34 33 55 63
54 34 62
71
1 32 6 61
1 71 63 34 64 61
64 2 26 62 33 32
71 63
71 64
75
35
34 32
34 33 35
66
1
71
61
33 71
33 34 71 42 32
34 19
61 62 34 32 63 33
64 2 63 34 19 36
62 2 63 61 76 34 7
32 34 43 21
2 61 65
34 35 19 6
21
62 34 33 38 61
54 66 35 71 61 44 34 21 19 67 32 55 59 33 20 63 69 56 57 53 65 42 37 52 58
35 65 71 55 62 53 19
34 54 1 33 19 32 61
71 21 2 42 34 56 32 63 19 53 3 65 54 62 64 7 61 44 33 36
32 34 35
34 71 21 53 37 32 62 36 63
71
32 61 35 34 71 37 20 62 19 33 63 64 52 36
54 52 34
34 19 71 62 32
33 34 32
2 54 63 7 20 61 66 62 53 34
34 32 1 61 54
61 34 38 32 71 36 19 33 62 53 67 37
63 34 32 33 37
1 6 52 32 33 34
32 34 20 53 54 63 62 33 26 37 19
63 9 1 5 32 19 35 8 10 6 62 61 34 93 37 48 66 76 36 44
36 62 52 34 1 61 35 32 33
42 34 33 32 37 36 71 61
1 53 32 34 63 37 33 21 43 19
35 37 71 32 64 1 61 62 2 63 34 7 33 54 21 19 6 42 53 66
32 34 71 38 21 54 37 53 20
32 34 33 62 37 36 19
64
63 32 1 34 28 71 52 19 61 57
32 71 39 34
61 65 53 34 32 82 56 3 33 28 19 54 1 42 57 17 63 71 55 44 36 64 52 2 20 62 67 24 66 35 76
33 71 21 36 32 61 34 19 37
1 32 63 6 34 74 5 2 35 44 62 8 7
20 19 32 61 34 71 35
5
20 34 32
32 36 34 19 53 63
32
32 34 37 33 63 21 35 62 36 19
34 63 71 32 35 62 33 53 64 21 61 36 19 54 42
2 32 54 62 34 53 19 52 1 63 43 61 40 21 71 37 36 6 42 56 57 67 33 64
36 34 32 62 52 63 21 37 33 24 38 61
71 1 32 54 34 36 19 37 33
32 34 37 62 20 33 35
54 34 37 42 33 71 32 21
71 47 34 32
5 1 32 8 82 71 36
34 32 33
32 62 71 52 34 54 61 53 33 40 37
32 1 33 19 34 37 71 23 35
34 1 52 32 61
32 34 35 62
37 34 32 71
63 20 42 32 33 34 53 7 71 62 19 61 54
71
2 32 34 33 94 1 65 63 44 36 37 62 35 61 42 6 71 21
34 1 5 19 32 71 53 62 35 7
32 16 71 40 34
32 34 71 20 21 19 6 33
21 34 71 32 62 33 36 63 37 61 20
34 32 33 63
43 34 35 32
34 62 32 19 63 54 36 33 37 24 61
71 34 38 63
34 32 37 33 62 20 35
1 54 32 5 2 63 34 44 52 61 19 37 6 33 53 92
2 54 53 56 32 34 52 7 62 71 64 63 35 87 19
37 63 67 32 38 61 33 71 53
71 32 37 54
53 61 71 32 52 33 36 54 34 76 67 56 62 74 85 42 44 19
33 34 32 35 37 62 71 63 39 53 21
53 71 61 32
35 32 2 1 34 53 52 66 26 54 6 20 63 21
1 34 32 24 62 36 71 33 63 19 54 61 20 37
32 34 35 19
34 57 21 1 62 63 38 54 61 42 32 71 53 33 56 35 67 86
71
34 63 62 32 35 42 21 33 19 20 44
1 2 71 32 92 6 19
32 1 43 34 21 71 33 53 19
32 2 1 42 61 34 20 33 57 19 35 37
42 63 34 19 71 52 55 32 61 59 58 62 21 54 33 35 66 53
36
2 32 62 33 34 24 71 35 53 61 63 36 37 21 96
33 66 71 19 34 32 61 1 20 6 42 63 35 65 54
32 34
32
1
32 2 42 34 35 61 66 5 53
1 42 54 53 34 61 52 44 32 2 21 28 35 71 63 65
2 32 61 52 63 34 54 37 42 36 62 74 20 7 19 33 71 95 53 35 3 43 40
1 44 5 63 32 62 7 34 2 71 61 19 20 36 64 54 35 52 39 56 23 6
71 24 34 32 33 19 6 53 42 61
33 19 32 34 61 36 62 35 37 54 63
32 53 62 63 43 34 19 26 21 71 37 33
71 21 32 34 62 54 63
1 34 32 37 62 35 21 43 33
34 71 32 61
35 32 34 2 61 1
34 32 54 33 71 63
71 86 54 34 61 66
63 34 32 55 33 57 54 61 20 52
2 65 57 62 34 63 61 3 71 54
34 32 33 2 71
21 32 34 35 62 37 63 61 33 22 36
33 32 19 20 34 38 71
34 32 35 33 53 71 21 20 37
34 63 1 32 61 71 35 33 52
34 52 54 67 33 53 71 63 1 61 32 7 36 20 55
32 34 53 33 54 19 31 63 42
76 33 63 34 2 68 1 32 62 20 71 21 64 56 61 19 35 54 23
63 71 34 1 32 33 53 19 62 37 21 36 20 56 52 54 35 61 64 42 7
34 32 54 37 71 21
71
33 32 71 34 35 20
62 32 34 33 63 36 24
34 32 33 61 36 21
71 34 19 33 32 61
34 35 32 33 74 71 36 20
44 1 71 32 35 5 34 54 6 61 19 20 42
71 54 61 57 35 53 62 37 32 33 34 52 38 36 56 66 42 58
2 54 63 1 74 53 32 35 61 6 62 42
35 32 37 34
62 19 71 32 34 63 44
34 33 1 61 32 23 63 37 62 53 36 21 65 35 20 40
1 32 2 6 35 34 44
5 32 35 1 2 6 34 93 63 54 42 19 62 33 53 61 7
34 2 32 1 33 6 71 61
35 32 34 21 71 1 7 36 61 62 19
71
1 32 34 6 71 20 35 5 36 33 61 44
6 34 1 32 33 71
34 61 33 63 71 32 62 65 36
34 35 32 33 53 37 21
34 1 32 6 61 37 35 33 21 53 62 71
37 33 32 34 19 71 21 36 54 20
1 34 37 71 36 35 32
34 32 71 33 20 35 27 62 53 61
48 1 32 34 71 35 63 53 19 42 54 33 39 40 62 86 36 65 21 61 64
63 19 54 32 34 7 61 20
34 76 64 67 32
71
1 61 32 71 7 6 66 34 73 35
32 71 34 74 52 1 19 2 63 5 36 61 54 39 53 21 33 37 35
1 42 32 61 34 63 62 64 66 35 54
2 1 63 71 6 32 34 20 37 44 42 21 61 35 33 53 19 3 52 54
32 1 34 35
61 32 71 34 54 35 1 36 44 87 53 63 66 19 21 40 37 56 20
62 53 74 36 32 21 54 34 42 71 38 19
34 2 32 33 53 19 21 62 54 63 64
32
34 32 7 62 33 36
54 32 63 34 62 33
34 1 32 62 33 71 20 53 19 21 36
71 34 54 32 33 37 35
1 71 32 6 35 34 44 64 19 37 39
5 53 61 1 32 6 63 19 34 55 2 74 33 72 54 62 35 66 71 64 36 44 42 7 56 28 94 57 65
53 1 52 37 67 59 54 33 71 26 34 62 63 32 61 65
34 32 61 71 19 63 1 33 54
34 32 19 61 33 74 52
34 35 1 32 71 37 19
67 32 75 34
37 34 32 38 71 33
33 32 42 34 19
32 34 1 19 54 7 71 63 36 21 62 20 53 61 33 35 45 52
33
32 71 63 53 34 62 33 1 52 21
61 37 34 32 53 24 38 54 62 36 33 21 63 67
34 32 2 7 19 62 1 63 61 33 35 36 53 71 20 21
71 33 36 62 34 32 54 20 61 21
53 1 34 32 63 20 71 37
54 34 33 32 61 62 63 28 19
32 34 61 2 52 71 63 37 44 54 57 1 62 3 64 66
32 34 1 3 2 33 5 73 61 6 19 71 62 42 35 48
62 63 34 44 36 27 3 67 64 32 33 55 2 42 52 61 54 65 57 19 58 71 76 53 48 74 24 56 23
33 21
2 21 32 71 34 54
1 2 6 62 32 35 19 42 34
32 34 44 54 33 6
44 34 32 53
32 34 71 37 33 20 53 21 63
5 32 34 62 33 54 77 63 36 1 42 6 44
62 6 34 63 54 32 61 7 66 65 19 8 35
34 50 32 36 63 38 62
1 2 63 34 32 53 19 71 33 35 62 20 37 7 36 61 23 6
34 52 1 32 62 19 33 36 63 61 21 24 35 54 71 37 20
34 21
33 62 34 32 63 61 19 71 21 35 37 20 53 36
32 34 35 44
32 19 21 33 36 61 52 71 53 38 34
1 71
2 34 33 1 32 19 63 62 37 61 20 36 44 71 6 54 22
34 1 36 32 27 53 63 33 54
5 32 2 34 7 61 67 62 1 6 19 3 20 35 63 33 37 54 53 71 44 52 48 42
34 71 2 33 65 63 1 35 32 19 54 69 21 52
71
35 33 32 1 42 63 34 27 54 61 95 62 53 19 71
34 61 52 1 32 2 62 54 7 74 6
32 61 6 34 63 3 1 62 39 35 19 40 36 67 37 71 33 54
32 19 71 35 34 33 61
34 1 32 2 6 62 33
32 20 6 35 62 34 63 38 21 71
53 32 19 2 52 34 33 71 62 67 21 63 61 37 54 20 36 7 66 35 74 38
32 7 62 52 1 34 54 33
63 33 32 23 34 2 1 19 44 62 20 71 22 61 53 35
32 54 34 67 63 52 71 37 33 28 62 19
33 1 34 21 32 71 36 20 19
32 34 63 37 1 61 53 19 33 54 62 36
62 54 32 34 36 63 2 61 53 74 7 43 1 17 20 21 66 35 67 27 71 42
32 71 54 34 33
32 36 52 34 37 33
1 7 2 6
1
32 1 2 5 6 34 54 71 35 44 53 33 61 63 42 37 62 7 58 45
92 1
61 33 63 56 71 32 54 52 53 34 62 26 37 36 19 83
32 52 34
32 1 52 63 37 3 64 34 53 21 71 35 33 44 62 54 61
34 71 19 39 32 42 37 21 24
34 71 33 32 21
71
32 35 36 34 44 20
1 6 34 5 32 63
2
34 63 33 62 36 32 19 20 37 21
53 1 37 63 71 34 54 32
32 33 34 20 61 35 54 21 23 19 37
71
53 37 34 32 63 61 35
2 1 5 34 32 61 35 63 66 20 8 54 6 19 33 62 76 7 53 52 44 45 64 71
34 32 19 33 36 53 35 62 63
32 34 33 21 19 71 54 36 24
1 34 20 52 32 2 19 36 33 62 53 55 63 54 21
34 63 32 35 54 20 61 33 21
1 61 32 71 52 35 54 34 7 56 6 53 64 55 87 65 69 63 42 44
63 34 54 61 69 71 36 37
34 32 35 33 37 62
32 71 34 37 62 61 63 36 20 33
2 65 33 62
34 32 20 37 54 33
32 34 20 19 42 37
34 32 63 61 37 19 35
1 34 52 5 92 35 20 6 32 2 58 63 61 71 44 64 8 96 30 56 62 7 65 54 19 37
55 52 54 6 64
34 1 32 62
2 34 33 32 35
21 63 62 33 34 37 32 53 20 71 36 24 19
4 2 71 66 32 64 52 37 69 57 56 61 54
2 1 63 32 6 71 61
71 34 57
34 63 44 32 20 23
2 33 34 71 62
62
32 26 34 61 63 20 71 33 28 36 62 21 42 54 19 64 27 52
34 32 1 61 35 27 6 66 41 42 19
21 33 19 34 32 7 71 36
21 34 71 32 33 37 54 19 36 63 67 20 62 6
1 32 34 35 52 58 71
34 32 33 63
32 34 38 59 55 21
34 32 1 62 63 37 33 36 53 92 61
32 63 34 35
61 32 54 71 48 59 53 34 52 33 42 67 44 2 64 37
1 34 32 36
19 33 1 34 32 38 37 36 61 62 63 54 53 71 21 35
32 1 34 36 63 35 19 37 33 71
32 33 36 34 62 1 71
34 71 32 35 52 53
32 34 71 62 52 53 57 63
19 1 32 36 63 35 34 6 53 71 54 61 7 42 20 33 39 44 2
37 1 32 34 64 61 33 19 53 71 35 63
28 7 1 32 65 63 53 52 55 62 34 21 71 19 33 38 37
34 71
32 54 71 37 34 63 33 19 62 21 43 61
76 34 37 54 33 57 52 55 65
2 1 32 61 34 63 44 65 62
1 62 34 42 36 32 23 35 61 63 53 7 37 33 21 54 19 22 38
63 1 34 76 32 37
71 1 7 5 61 66 93 2 44 32 65 6 63 35
1 34 32 35 44 61 71 19 2 53 42 33 65 63 54 20 62 64 67 52 21 76 37 40
63 37 34 33 71 32 35 52 28 65 61 36
33 34 32 62 63 19 37 61
35 32 19 63 21 34 20 52 42
71 34 32 54 35 52 33 61
37 34 1 20 32 71 63 2 62 19 44 54 36 21
27 33 1 32 54 52 71 44 19 34 6 37 53 20
71
34 32 67 1 37 54 61 44 71 33 42 96
34 71 21
1 34 32 2 5 61 6 52 71 33 7 54 19 36 35 63 62 20 42 53 22 44 24 64 48 65
71 2 34 32 7
2 54 52 36
5 32 35 34 1 8 6 19 20 33 53 66 2
1 35 34 32 62 61 2 6 71 33 63 54 88 65 7 53
1 34 61 32
1 35 32
1 5 34 2 12 32 61 54 42 63 16 38 7 6 44 56 67 36 35 52
1 63 32 34 92 5 61 53 33 6 71 62 35 2 54 66 44 37 19 52 20 43
33 34 32 19 20 62 53 42 35
1 35 19 37 5 32 71 20 39
33 65
34 19 53 21
32 35 1
32 1
1 44 32 2 34 37 54 63 35 33
32 54 42 21 34 57
34 2 32 33 19 36 1 44 62 53 63 71 67
32 34 62 35
1 32 34 54 63 62 61 67 6
1
34 20 53 54 32 21 19 62 33 43 61 71 37 63
32 34 35 42 62
1 3 2
54
71 33 61 34
65 19 34 53 63 61 20 32 62 2 33 36 54 71 21 52
1 71 21 36
32 1 36 71 19 63 34 62 33 21 6 56 65 37 54 53 61
34 33 32 71 21 36
34 32 21 19 33 71 36 63 35 43 37 62 95 20 54
34 32 21
58 61 71 34 32 38
21
63 34 61 55 33 54 32 36 62 52 67 43 53 71 19 66 20 64 65 23 42 7 44
71 19 62 32 53 36 34 61 33 20 37
62 40 1 35 34 71 61 52 36 54 32 6 19 33 66 56 63
20 71 37
32 2 35 44 34 61 38 33 71 54 37 63
32 1 92 54 2 61 6 35 34 53 71 62 69 33 37 63
2 61 3 1 32 6 35 69 54 34 36 63 52 62 53 71
62 34 53 32 43 54 61 19 44 71 37 63 27
34 37 32 61 19 53 57 71 33 36 64 52
5 93
58 65 53
34 32 35 63 23 33 61 7
48 32 1 35 71 5 6 39
71
32 1 35 71 40
71
35 71 1 32 5 44 34 40
34 32 33 92 21 7 54 1 71 19 37 63 24 23 64 53
32 35
34 32 61 1 54 37 52 42 35 7 36 2 19 23 71 33 53
19 35 42 74 32 37 53
35 32
76 62 71
34
1 2 6 32 5 8 34 71 63
1 6 61 73 63 33 54 32 35 34 62 53 19 57
1 32 6 37 63 61
1 42 2 6 32 74 61 5 44 7 53 34 63 71 8 33 35 20 37
1 48 7 35 32 55 71 5 61 28 54 6 8
71 33 34 62 32 54 21 63 19 52 36 7 61 65
5 1 92 7 8 42 61 32 73 6 35 40 98 54 34 93 44 66 62 94 71 39
1 5 32 6 7 35 8
32 36 35
1 32 92 19 6 42 54 59 44 34 56 61 71
32 1 53 65 61 5 37 34 36
5 32 2 6 34 1 94 56 40 63 8 39 19 53 35
52 54 57 53 61 34
54 71 57 34
71 2 34
32 34
55 34 32 54 56 76
32 21 1 34 6 53
32 19 34 20 21 40 33 37 63 36 52
34 37 6 1 71 32 23 19
36 21 34
1 53 71 32 54 52
37
34 32 63 33 71 19 21 35 36 62
1 32 34 52 61 63 3 65 56 20
34 32 71
1 3
71
32 34
1
63 35 32 34 54 53 52
32 63 34
34 61 32 35 19 71 62 33 53 1 21
1 34 32 33 21 6 56 19 36 71
61 71 7 32 63 34
32 34 33 63 54 53 71
1 2 61
1 32 34 71 35 67 44 63
32
34 32 63 2 42 53 19 62 35
53 32 34 33 62 71 19
34 32 71
71
71
34 66 61 33 32 52
33 34 63 32
1 32 34 62 61 67 5 63 54 33
34 32 35 63 33
34 5 35 61 1 32 6 3 71 53 56 22 36 21 63 27 52 37 44 33 62 20
19
54 71 32 34 36 1 35 37 19 44
53 1 67 34 32 35 6 19 52
1 92
33 34 32 21 62 37 19
32 33 34 21 53 36 35 63 71 19 62 54
53 34 32 63 71 33 61 62 36 7 20 21
54 32 52 34 71 21
34 63 32 62 37 19 33 86 53 71 61 36
2 1 71
32 21 35 34 1 19 101 62 54 71
34 32 1 97 63 36 2 62 33 61 19 35 52 20 37 65 21 71
32 7 42 34 61 62 1 37 71 21 56 63 53 33 35 36 54 52 20 44 19
2 27 34 32 1 20 53 37 44 63 19 54 61 62
1 66 6 32
1 35 32 53 37 61 36 71 6 34
1 2 61 5 72 66 63 33 32 71 62 42 34 7 76 6
1 54 2 92 66 52 34 33 32 61 20 64 42 62 71
32 34
62 34 33 1 37 53 42 71 61 32 20 63 36 19
58 32 34 36
34 61 33 20 32 24 21 19 54 36 62 38
37 1 32 34 62 54 35 20
71 32 54 1 61 33 52 34 63 2 37 27 55 44 53 21 62 20 26 95 76 19 24 65 67 7 64 56 38 35
32 20 34 65 33 62
32 28 34 33 19 53 54 35
34 19 32 33 20 36
32 2 1 34 62 53 71 35 19 33 54 61 63 52 7 6 23 20 37
19 34 62 32 21 71 33 52 53 36 54 63
34 53 32 33 20 40 19 71 36 44 62 35 21 63 37
19 63 34 32 1 6 71 37 54 20 35 33
32 34 35 21 33 19
32 54 64 61 71 34 62 37 53
34 33 21 71
34 33 32 26
32 1 8 33 5 34 93 19 85
32 34 35 63 61
32 34 19 33 35 63 37
32 34 33 19 62
32 34 35
34 32 36 71 33 7 37
34 32 62
32 35 34 19 20 74 33 71
34 62 32 33 19 61 21 63 35 48 67 53
1 36 40 32 63 62 53 34 35 37
34 32 33 37 19 63 21
34 33 32 62 37 21
19 32 1 34 2
34 54 71 32 23 42 36 19 33
2 32 6 34 61 39 35 71
34 62 35 32 53 63 71 20 33 39 61 21 19 54
71 34 32
54 34 32 53 27 19 65 61 71 33 21 57 62 63 7 42 20
32 20 6 42 63 54 34 62 1 92 19 61 35 53
1 63 32
61 34 32 33 37 62 52 36 21 53 38 19
34 32
65 62 71
32 34 33 62 37
34 32 33
34 33 37 62 54 53
54 71 32 19 63 52 34 53 69
21 32 34 33 62 63 36 71 35
32 34 37 36
71
32 56 53 71 42 52 34
34 35 62 32 71 33
71 21 20 32 63 54 34 52 22 33 53 61
32 36 37 62 21 33 34
34 53 62 36 32 21 33 63 71 19 37 61 26
34 19 71 33 54 37 32
71 32 63 19 21 34 37 42 53 33 62
32
54 34 71 33
69 63 64 66
32 34 87 1 54 61 20 71 6 33 62
34 32 37 63 2
1 34 32 61 5 65 64 63 66 71 33 35 56 20 72 6 48 19 42 52 2 53 54 76 73 62 44
1
1 2 63 33 32 34 62 37 53 6 71 7 54
32 19 34 71 33 21
32 1 39 5 3 6 33 4 34
32 37 42 34 20 71 62 54 35 33 19 61
32 2 64 71 62 36 34 94 52 61 53 19 54 74 65 35
33 34 32 19 35 21 37
1 2 34 32 71 62 33 42 63 53 61
1 32 34 6 35 95 61
32 19 54 44 62 71 34 1 7 53 61 2 63 52 67 55
34 21 1 35 32 53 48 42 63 54 33
1 2 71 37
2 32 34 53 19 63 76 71 66 33 61 42 62 36 20 54 35 22 26
34 62 32 42 19 35
53 1 63 61 65 34 32 2 54 33 62 75 37 71 52 3 19 23 6 66 28
2 35 34 1 36 32 63 61
1 5 35 7 32 52 6 34 42 19 61 44 63 53 37 76 56 71 54 64 67 57
62 34 36 32 71 21 33 35 19
35 34 54 71 32 53 61 52 21 36 64
1 32 71 20 53 34 33 61 36 56
71 34 32 33
34 1 38 32 33 62 35 53 20 19 44 92 63 61 24 71 40 37 42 21
34 32 42 37 63 33 2 71 1 61 19 35 62 66
35 61 62 19 34 7 64
32 1 34 6 55 53 52 35 63 62 36
33 32 34 63 37 36 53 24 56 19
34 52 32 61 54 62 53 63 42 36 64 2 56
34 32 33 36 63 37 61 21 20 74
36 34 35 33
32 56 33 34 63 21 36 1 20 71 54 42 35
32 34 33 20 62 19 1 63 35 54
21
32 35 1 34 71 61 20 54 36 37 53 21
73 36 1 40 35 32 62 71 34 61 65 33
34 1 35 32 6 2
1 34 71 61 63 32 33 19
33 34 71
6 56 32 1 61 34
34 63 1 32 61 53
34 56 33 32 61 35
36 62 52 53 71 37 34 63 65 23
34 32 61 35
34 20 71 35 32 33 63 65 38 62 19 36 37
63 33 34 32 37 35 19 62 20 54
34 71
32 34 36 19 35 37 75 61 62 71
32 61 73 7 35 2 1 82 34 62 33 6 5
71 32 34 35 61 65 19
34 71 63 1 32 62 35 76 52 33 19 21 37 54
34 32 71 19
35 32 33 61 71 34 19 42 92 3 1 52 20
34 33
35 38 32 34 62
62 63 53 67 34 33 54 64 32 71 20 52 35 2 61 36 56 19 37 24 74 7
34 19 71 33 32 62 63
1 62 35 34 32 7 2 61
34 32 33 43
71 19 32 54 34 2 1 53 20 63 61 52 37 36 62 21 56 33 26 35 44
33 32 34 43 62
32 19 52 53 34 37 35 21 63
54 21 34 32 33 71
63 1 62 40 34 32 54 21 19 35 36 58 38 71 52 55
35 32 20 63 19 34 33 21 54 62
33 35 32 34 20 63 61 42 37 19
62 34 52 32 2 1 54 19 63 6 7 67 61 36
32 21 35 71 67 63 34 61 1 19 2 37 52 33 44 20 62 53 54
1 2 61 71 53 32 62 54 40 63 19 34 7 52 38 66 35 56 67 64 37
1 2 66 35 34 5 56 62 32 63 44 37 54 61 65 52 92 71 33 23 6 67 64 20 48 42 3 53 19 7 86
34 54 53 32 37 20 63
1 6 32 2 71 35 39 34
32 34 28 61 33 54 66 37 36
76 34 63 61 32 36 2 33 65 1 35 54 62 21 52 37 53 20 19 71
34 32 36 19 64 53 71 62 33 37 63
32 34 67 38 53 36 71 54
32 34 20 33
1 2 34 19 33 32 71 52 35 92 6 61 63 62 44 54 20 39 64 95 66 65
34 32
55 34 32 53 33 19 20 54 35 42
34 20 32
34 32 20 19 35 33 71 37
34 19 32 61 54 37 44 33 62 35
1 35 63 56 32 71 20 37 34 61 54
38 32 36 34 20 40
32 52 34 1 19 5 2 62 6 54 35 36 66 71 20 63 61 64
34 32 35 37 33 53 42 71
5 6 1 55 32 34 35 19
35 32 34 33 1 62 20 63 19 61 2 71 21 54
33 34 32 19 37 63
61 32 34 71 63 33 53 35
34 32
32 69 34 46 37 61 21 75 53 65 63 57 52 62 71 54 33 66 28 19
34
32 61 19 63 1 34 71 53 67 54
63 32 71 54 34 21
32 34 67 61
34 33 32 63 53 21 62 19 1 37 35 36 2
34 63 20 36 32 33 21 37 19 24
71 34 33 32 19
32 33 63 34 44
32 34
32 34 53 62 61 33 36 20
32 61 34 63
32 34 53 21 20
34 45 32 19 52 35
1 35 32 61 36 34 42 62 63 33 37 2 19 23 21 6 53 46 5 65
32 34 40 35
34 32 21 33
34 32 37 71 36 61 19 21 33 87
62 21 19 32 33 34
2 1 63 35 66 32 52 7 62 54 34 61 65 33 48
1 66 32 6 21 44 61 34 35 62 71 40 33 19
2 54 1 34 37 32 7 71 65 44 36
34 32 1 53 21 33 62 20 63 19 35 44
1 32 76 2 34 65 56 19 7 52 53 54 62 6
34 53 63 1 2 7 6 61 32 64
74 2 34 62 71 27 64 55 67 63 54 61 33 32 1 7 37 53 76 21 36 52 42 19 65 3 96 43 44
19 62 34 21 71
20 19 32 34 54 33 6 62 36 61 37
34 32 36 62 63 61
2 32 34 61 42 36 21 44 65 58
32 63 34 37
33 34 53 63 37 32 62 52
1 6 63 5 2 32 34 33 71 37 7 62 35 61 44 8 20 74 54 36 53
1 32 5 64 34 6 42 37 61 65
71
1 34 71 35
21 34 32 53 33 63 62 61 40 71 37 36 27
42 1 34 33 32 36 6 61 53 35
32 54 2 1 53 21 55 71 34
5 61 1 2 34 66 64 57 32 62 53 71 54 63 37 36 33 56 6 19 52 44 35 67 24 96 87 65 21
54 65 71 61 34 32 62 67 63 53 58 64 52 19 33
20 33 34 62 32 2 61 54 64 63 56 53 19 26 43 35 3 21 7 44 55 52 23 57 71 42 36
33
32 1 6 34 63 42 61
32 34 33 19
33
32 34 33 61
2 62 33 34 3 7 32 6 42 54 53
71 33 6 63 32 34 62 37 20 54 21 61 44 42 1 19 35 53
32 34 64 63 1 2 71 61 62 7 54 33 35 36 59 19
33 63 32 34 19 36
32 34 37
37 62 32 34 19 63 33 61
34 57 32 19 33 1 62 71 37 53 63 21 61
32 33 34 54 20 53 19 63 52 43 62 61 71
32 34 37 54 62 33 63 43 21 19 71 36 53 20
34 63 61 32 19 20 62 54 33 21 35 36
1 34 61 32
32 62 36 61 33 34 71 37 53 63 2 19
32 2 34 35 63 37 61 54 33 36 71 43 19 62 23
34 19
32 92 1 34 55 33 52 54 53 65 57 71 36 56
34 20 32 19 71 33 27 42 62 63 61
1
2 1 34 71 54 32 61
33 55 56 52 58 54
4 2 1 71 52 66 58 59 54
61 32 35 33
65 1 32 20 6 54 34 36 74 52 35
37 32 34 62 35 71 61
32 34 1 65 67 74 54 36 71 64 37 58 6
34 32 62 63 35 20 52 33
34 32 19
34 32 53 6 36
54 32 62 53 63 56 34 71 42 20 55 19 35
20 32 34 61 63 35 19 62
1 61 54 19
64 68
34
34 32 63 2 38 52 61 33 65 62 1 6 66 54 37
32 71 6 35 34 19 42 20 40
32 34 22 35 33 71 61
34 61 32 33 1 37 19 63 36 53 20 35 27
54 1 33 34 52 32 63 6
53 32 34 33 63 19 71 61 21 36
71 34 63 32 54 61 36 20 52 19 6 62 23 37
1 66 56
71 32 34 62
27 61 63 34 32 19 36
65 1 32 2 34 63 58 20 61 44 54 52 35 42 7 19 53
34 61 32 63 20 54 35 53 62 36 33 44 52 19
71 54 34 52 63 59
53 54 55
34 62
34 7 61 2 32 62 63 53 64
32 34 20 36 54 71
62 34 61 32 19 7 33 53 54 63 44 35 20 36 37 71 55 52 86 64
1 2
1 52 32 34 36 21 63 71 35 33
32 33 53 34 1 52 71 19 54 35 62 63
32 34 21 63 62 19
44 32
32
34 74 1 61 32 6 54 63 19 2 20 44 53 33 7 52 28
34 62 32 7 66 42 61 19 53 35 33
34 32 37 63
53 62 32 1 63 71 34 19 20 52 2 54 61 33 21 37 38
32 34 19
43 6 2 1 34 32 35 33 65 61 20 71 38 53 92 52 54 37 63 23 7 24 21 44
34 1 6 71 32 35 37 5 19
33 34 32 20 61 62 66 63
19 34 32 33 61 62 63 42
32 34 37 53 21 71 33 61 57 54
34 33 32 71
1 6 32 3 34 2 44 54 35 95 61 63
1 32 35 2 34 37 71
33 36 34 32 2
34 33 35 32 62 21 20 71 19 63 37 54
34 21 33 32 71 20 52 54 61
61 34 21
61 75 73 66 32 6 35 63
34 32 20 62 37 3 7 19 33 35 63 36 42 21 54 71 55
39 71 32 35 21 76
61 1 32 71 19 20
32 19 34 55 33 38 7 63 37 35 61 36 65 62 42 24 20
33 71 32 43 61 34 19 62 63 52 37 53 1 64 54 21 36 42 35 7 44
32 34 67
54 32 1 62 74 19 61 34 42 73 35 53 55 63 44 37 33 6 43 64 52 67 36 96 48
71 34 32 36 61 33 62 63 19 24 37 64 53 54 56 21
32 53 33 34 42 54 63 20
32 1 5 93 71 33 21 98
32 20 34 62 33
32 34 37 1 63 71 64 33 74 54 6 62 52 20 42 44 19 35 61 56
61 1 5 71 54 56 34 32 63 6 33 37 76 93 2 42 83 35 19 8 68 62 65
34 32 71
2 7
32 34 62 35 36 33 53 63 21 19
71
34 32 62 33 19 63 71
34 19 71 32
21 33 34 63 32 35 2 19 37 74 86 62 64
32 33 5 1 34 93 2 54 63 53 19 6 62 71 35 7
62 32 34 63 3 35 54 33 36 61 20 37
34 63 1 19 32 35 33 65 71 45 53 7 52 61 55
34 32 20 37 71 21 62 19 63 36 53 7
32 34 1 53 61 36 6 71 63
71 2 19 1 34 32 54 35 21 27 53 33
34 53 37 33 63 32 61 1 62 54 66 21 71 36 52 20
34 32 54 71 42 37 61 69 22 63 58 57 62 33 97 35 36 53 28 7
32 37 54 36 34 62 33 71 43 19 52 21 63 53 20
37
34 33 37 1 32 42 7 62 20 24 35 2 19 65 61 63
34 63 32
34 1 32 37 19 54 71 33 35 61 6
62 34 32 36 35 33 21
33 44 2 34
23 34 32 56 21
63 54 32 34 35 86
1
42 61 63 34 32 6 66 38 62
34 63 6 1 62 37 33 32 43 61
34 32 33 62 52 54 42 19 53 61 36 2 7 63 71 35 55 44 74 21 64 76 22 20 38 65 26
34 33 32 63 24 36 35 21 71 38 37
34 5 42 63 61 1 52 62 20 2 74 37 53 54 32 71 33 7 35 36 19 64
32 34 20 33 19 35 6 42 44 61 71 62 36 37 53 45
34 32 37 61 33 19 62 26 20 21 67 54 7 35 52 64 36 3 63
34 32 62 61 66 44 63 35 36 54 33 19 20 71 23 53 37 21
62 34 20 32 35 63 2 6 53 19 71 1 54 36 76 33 61 65
34 32 19 1 35 61 36 63 62
34 33 32 19 52
34 61 54 32 21 62 33 23 27 63 19 37 53 28 71
19 33
34 62 53 40 32 71 63 54 20 21 36
1 19 33 62 32 36 34 30 20 52 71 63 37 53
34 32
2 1 6 95
34 71 32 6 35 1
32 1 35 62 3 54 63 61 53 34 6
32 62 34 63 20 33 19 52 1 71 2 38 54 35 66 61 36 21 53 24 37 7 67 42 46 64 97
34 54 32 53
32 1 2 44 54 61 52 34 35 62 20 42
35 32 37 1 2 34 63 54 33 20 52 62 71 36 19
21 34 53 62 32 61 33 37
34 32 33 71 19
34 32 19 33 54 36 63 71 64 44
5 6 44 34 1 32 54 61 35 66 42 73 8 62 20 71 19
34 63 65 32 61 35 53 54 19
71 19 63 34 32 33 36 37
35 34 61 32 63 20
71 37 19 34 36 21 32 33 23 62 20
54 61 53 34 32 1 63 71 20 42 7 27 52 55 21 44 2
34 20 32 62 33 38 21
32 34 20 63 33 50
32 36 62 34 35 63 71 61
35 36 63 34 62 32 61 19
34 33 32 21 71 53 35 19
6 1 32 71 53 5 33 2 63 61 54 65 34 52 62 21
32 34 2 54 1 3 71 33 20 19 26 62 42 44 52 57 23 55 61 7
63 34 32 42 67 37 20 33 62 53 54 61 64
33 21
34 61 32 36 54 65 19
34 33 32 23 36 53 61
33 34 21 53 32 19 1 63 37 54
1 61 5 6 93 10 71 8 32 35 52 33 53 42 34 55
32 34
71
32 34 56 71 54 33 63 38 37 21 62 66 19 61 36
53 32 35 34
32 71 34 19 54 35 37 33 21 62
34 32 33 42 62 35 52 63 61 67 71 54 19 20 36 6
32 52 34 39
2 61 32 34 63
33 32 53 34 71
35 32 63 1 34 61 58 6 92 20
32 53 34 67 19 52
32 34 61 63 35 36 33 20
32 2 39 35 1 34 19 20 71 63 37 21 27
53 34 36 32 33 19 42 62 63 35
32 19 34 35 36 3 33 62 71 37 20 61 63 40 54
32 63 34 66 64 35 61 62 52 54 53 19 23 21 37 39 40 33 22 71
1 32 5 71 61 20 6 54 34 62
34
71 21
3 54 33 21 34
34 32 21 33
32 34 71 61 33 52 76 62 56 6 53 64 63 23 54 43 38 35 36 20 19 26 74 37
32 63 53 1 34 6 61 35 42 19 54 33
2
34 32 21 33 20 71
32 34 71 63 33 62 61 67 21 54 24 20 19 37 56
2 7 59 32
34 62 32 52 33 37 19 54 35
32 34
32 1 52 37 2 34 61 66 21 56 54 71 42 33 62 6 63 53 19 74 35 7 57 20 65 36 43
34 32 33 64 36 37 21 53 61 56 24
32 42 34 54 19 21 62 53 36 71
61 34 32 21 62 54 33 71
62 34 1 32 63 52 19 54 33 36 53 21 6 7 35 2 37
38 52 32 71 34 62
32 34 19 63 62 33 61 54 36 20
20 33
54 42 21 32 37 33 34 71 19 65 63 52 20 53
32 34 71 37 36 33
34 33 21 36 32 38 62 63
34 37 32 63 33 19 21 61
7 34 5 1 2 32 63 61 3 54 39 42
63 34 32 62 54 53
63 56 61 52 73 74 62 71 42 1 44 34 2 72 66 85 19 33 65 53 32 11 7 54 64 21 35 20 75 23 6 57 55 67 37 58 36 69 76 43 24
71 5 1 72 68 32 46 34 35 37
33 35 34
34 3 32 35 19 1 33 55 21 36 61 62 63 71 28 20 42 56
55 34 19 24 37
32 1 34 20 61 62 19 71 53 33 36 63
6 1 32 2 61 5 71 34 93 35 44 19 72 37 33 52 36
62 63 52 54 56 76 34
1 5 6 10 66 3 53 44 32 2 8 42
21
6 1 2 44 61 55 32 54 42 35 34 71
32 34 21 23 33 38 61 24
61 34 32 63 35 71 37 33
71 37 32 33 34
53 34 32 62 63 1 33 61 54 19 43 35 67 21 36 64 37
34 33 23 53 52 54 32
71
63 67 54 61 42
63 71 64 66 61 53 1 55 33 2 67 34 62 83 54 19 74 65 32 7 36 44 57 20 42 76 35 21 52 79 48
6 53 65 33 64 63 34 32
21 32 34 62 19 63 33 67 53 52 61 42 54 22 20 71 45 28 23
34 32 1 71 35 54 63 5 33 61 19 62 20 21
19 32 34 33
34 1 6 63 32 56 33 61 76 87 44 2 42 53 19 54 35 95 55 62 20 28
1 2 71
1 5 34 32 20 54 24 33 53 62 65 61 42 73 64 71 63 2 43 27 66 21 52
32 33 1 71 19 37 34 74
1 61 69 63 58 34 33 62 54 71 56 42 52 53 19 65 64 32 75 22
1 32 34 33 19 44
35 34 63 61 32 71 7 20 53 52 33 46 19 21 64 62 54 6
62 53 32 34 63 61
1 32 63 34 33 44 66 61 21 27 35 74 62
32 53 1 45 34 38 35 33 61 71 44 37 62 63 2 52
34 32 53 19
32 52 71 34 54 37 35
32 62 52 34 33 1 20 36 54 63 61 19 23 65 7
37 63 34 32 61 33 52 53 62 1 56 66 35 19 20 71 54 38 6 31 21
1 40 71 35 32 6 61 39
54 53 63 71
1 19 71 20 32 34 63 53 61 33 21 35
2 63 8 76 67 34 54 32 61
64 34 37 33 71 32 54 56 19 42
32 71 1 34 36 6
35 32 34 33
32 34 61 21 19 33 71 54
54 53 34 32 33 36 19 71 1 67 61 38 62 35 6
1 71
92 1 34 71 2 32 35 62 20 19 21 55 42 53 33 36 3
32 20 34 19 42 33 62 67 2 64 35
34 32 61 63 33 35 20 36 37 71 53 19 7
34 1 6 2 32 54 33 71
34 32 33 21 61 71 52 63 62 22 19 42 35 44 38
55 53 71 54
1 54 32 34 53 39
32 1 34 19 33 6 56
19 32 71 34 36
32 1 34 19 54 33 21 76 2 44 37 56 35 62 36 23 20 6 63
35 1 71 34 20 32 63 62 36 37 61
21 55 37 38 33 32 34
1 32 34 71 61 63 37
34 36 74 21 71 54 19 37 33 27 62 32 63
34 35 32 56 20 71 23 21 37 61 36
34
34 63 61 32 37 62 71 33 20
33 34 2 63 61 1 62 32 35 54 53 19 36 71
34 61 32 33 62 38 36 63 37 56
35 32 71 40 39 20 6
64 61 63 34 2 32 71 35 53
71 32 1 35 34 6 39
5 93 32
32 34 40 61 3 21 54 19 37 36 62 35 71
1 5 32 71 19 34 7 36 37
1 34 54 58 61 71 52 42 23 32 55
53 33 62 32 34 45 35 54 71 52 61 56 63 19 21 20 36 22 42 58
5 6 7 1 16 32 61 8
1 33 2 5 34 71 36 32 56 35 52 53 63 61 19 20
1 21 2 34 67 62 20 32 7 33 35 66 64
5 6 1 32 7 62 19 34 63 71 39 37 33 35 46
5 33 61 93 63 32 64 34 71 19 40 20 53
1 52 33 19 61 34 20 32 44 71 35 62 36 54 63 2 53 21 37 95
1 34 6 75 5 32 53 54 7 2 74 63 61 33 35 67 44 19 37 66 65 62 52 20 39 71 36 40 64 27 42
34 21 33 19 37 32 24
1 16 5 93 35 32 40 34 19 67 71 52
34 54 32 55 62 52 33 19
1
62 34 33 21 32 19
71
33 19 34
71
71
21
36
33 32 71 34 76 35 19
34 33
34 36 32 65 37
69 71
63 33 62 34 24 21 38 37 32 19 36 54 61 67
1 32 2 34 5 52 6 35 7 71 58 66 33 93 42 37 63 53
32 34 33 42 62 21
32 34 6 37 42 52 26 61
34 32 63 33 62 71 19 1 54 36
32 34 33 63 20 61 36 52 37
32 20 34 53 61
35 34 21 37 32 33 61 20 19 71
34 1 32 63 86 33 20 71 62 21 37 36 54 64 61 23 19 35 57
71 32 34 63 19
34 71 1 20 37 36 32 42 35 53 33 19
32 34 19 71 21 33 37 54
33 32 34 64 19 54 52 56 36
21 34 19 71 37 32 20 33 63 62
61
32
36 32 54 63 42 34
1 32 33 71 34 6 63 36 74 2 5 42 61 58 19 20 65 54 53 92 44 21 62 35 52 64 7
32 34 2 67 1 35 33 71 53 66 7 65 54 62 37 21 61 36 63 20
1 32 63 92 34 6 37 56 2 71 54 74 35 36 61 33 42 20
2 32 61 62 34 66 53 71 52 3 44
33 32 19 36 34 38 62 20 53 63 21 28 37 71
32 1 61 2 64 34 42 63 22 44 53 35 37 71 65 3 77 66 36 54 7 33 20 19 52 23 27 62
34 32 44 55 54 53 21 27
32 34 71 19 42 62
36 34 21 71 69
62 32 34 71 36 7 33 61 63 76 37 53 20 65 19 52 74
33 32 62 54 20 52 34 63 19 21 71 36
55
71 19 32 36 34 33 54 7 21 52 20 38
33
53 1 54 63 34 32 62 61 28 52
34 32 63 62 6 33 66 53
66 1 61 32 20 5 35 42 34 6 2 63 54 62 33 71 19 44 55
34 20 32 63 71 33 36 6 53
34 33 19 32 62 65 35 63 37 66 36
34 27 32 71 54 19
32 34 35 6 1 3 63 64 52 61 54 56 71 53 20 42
32 61 1 34 63
20
1 35 32 71 37 6 34
32 3 34 20 37
21
1 5 6 32 61 8 34 44
32 34 35 62 71 54 20 21 36 33 43 37
34 36 61 62 32 20 33 21 63 19 23
34 33 32 54 37 53 71 21 19 63 23 62 36 35
21
34 1 69 32 21 44 62 33 47 61 7 54 59 37 71 63 36 26 56 88 66 65 35 20 52
34 61 32 53 71 19
1 32 34 6 35
34 53 32 33
34 32 36 37 33 62 53 35 71 20 22 28 61
57 61 42 19 52 33 53 32 62 35
34 33 63 32 36 54 35 20 37 19 62 53
19 58 52 71
34 32 1 33 62 19 61 21 63 20 53 28 37 71 36 54 40 38 23
34 32 33 35 28
71 34 33 19 32 53 21
32 71 34 63 26 19 33 56
54 32 34 71 33 36 61 6 22
2 1 34 32
61 32 37 44 62 34 63 33
37 32 34 56 42
66
34 32 76 42 33 63 61 64 2 54
32 34 1 26 62 33 20
32 34 53 33 35
34 54 57 20
66 32 61 35 20 1 54 33 34 6 39 37 64 36 19
1 32 34 44 63 64 33 71 54 53
37 32 34 35 19 63 20 62 36 33 61 71 21 66
19 32 34 35
32 34 71 21 33 62 1 54 19 61 37 63 36
52 7 61 54 34 67 53 22 65
5 32 35 6 1 34 71 33 19
34 71 37 32 61 33 75 42 20 45 19 46 21 64
33 21 20 34 37 63
33 21 34 32 62 71 67 54 61 23 35 63 53 20 64 3 19 37 44 52
34 32 61 33 54
32 1 34 64 36 52
32 34 54 35 33 21 3 62 63 61 36 2 19 52
34 2 32 1 33 71 37 61 62
32 33 71 61 34 21 6
63 36 32 34 62 33 53 23 20
58
19 44 34 35 32 37 36 33 71 54 61 42 62
53 32 37 34 62 21 58 61 33
34 32 36 38 62 54 53 21 35 33 20 37 52
69 56 71 54
35 32 61
34 37 32 19 53 35 33 20 61 63 62 71 1
26 34 63 33 32 21 23 37 20 35 61
32 1 66 61 34 65 42 16 52 71 11 44 19
1 2 33 34 32 19 63 36 54 44 6 35 71 53 21 42 61
61 1 62 32 19 34 21 35 20
36 21 37 32 71 34 63 33 54 61 19 62
71 61 32 21
1 32 34 71 33 21 19 54 62
62 2 32 33 36 44 34 71 37 20 63 19 1 61 35 6 54 7 24 21
35 32 34 63 19 33 1 62 28 53 20 45 56 71 3 61
33 21 32 61 52 34 63 54 19 36 62 37 71 35 20
63 32 34
63 32 34 37
34 53 32 35 44 65 61
63 34 32 61 2 62 56 35
32 34 37 33 63 20 71
34 36 33 32 19 61 37
1 32 34 35 33 54
32 34 33 37 61
56 34 32
34 32 20
21 34 33 67 53 63 32 62
53 5 71 34 65 63 32 1 64 37 62 57 35 42 54 19 33 20
1 5 8 6 32 35 2 34 42 64 44
32 37 34 19 33 36 62 1 63 2 71 61 20 45 21 67
34 32 62 33 35 21
1 32 61 6 34 35 62 53 58
33 34 32 36 20 52 54 19 21
32 34 19 33 35 63 21 20 61 62 53 36
65 54 34 62 33 21 32 36
34 37 32 33 63 35 19 62 65
1 34 32 35 52 63 21 71 33 36
64 52 34 44 32 71 19 61 35
1 32 34 19 54
36 63 32 34 62 20 33 61 71
1 32 34 92 73 63 64 61 53 54 55 71 62 19 74 76 85 35
36 19 54 32 33 34 1 2 44 21 35 63 61 6 3 37 42 66 52 71 62 64 65 20 53 76
2 1 34 32 5 63 28 35 61 6 20 83 33 62 8 37 42 22 53 52 19
61 32 33 34 37 36 20 42 19 63
2 34 32 36 63 54 33 71 62 61 64
54 1 32 34 5 71 61 63 2 56 19 6 33 52 37 67 35 64 44 3 53 75
34 35 32 52 62
33 21 34
34 61 33 32
33 32 34 27 40 54 63 62 37
34 1 71 32 36 6 33 35 7
2 1 32 35 6 65 8 71 34
32 34 62 63 37 33 35 19 44 2 61 21 20
32 34 37 19 33 53 63 36 71 35
1 5 37 54 63 19 55 44 34 64 2 20 71 32 33 35 56 93 53 62 66 61 58 52
32 34 37 36 2 62 33 65 64 19 1 53 71 54 63
32 34 54
34 32 37 54 23 33 35 67 62
62 34 32 1 21 53 35 6 2 71 33 54 44 36 43 19 63 64
2 32 63 38 34 33
32 37 20 19 33 53
35 71 32 54 62 34
34 2 1 32 63 54 62 61 71 6 64 43 44 74 52 33 35 53 92 22 95 66 55 19 57 7 67 20 58 37 56 65
32 34 1 19 53 61 62 63 65 21
34 56 32 63 33 67 62 54 61 20 19 57 42 53 71
32 62 34 19 63 33 23 42 37 20
34 54
34
34 64 32 66 53 21 63 42 61 62 37 35 54 19
35 1 61 34 32 6 44 33 67 62 36 54 52 20 42
33 35 71 34 32 52 37
1 32 37 34 33 71
33 32 34 38 36 19 21 71
34 71 67 63 32 19 62
34 32 62 61 33
33 32 34 23 27 20 36
71 56 59 34 32
32 54 20 19 34 71 33 21
1
1
34 32 71
32 5 34 6 35 1 19 21 61
34 63 62 32 37 19 33
1 5 6 8 35 71 32 53 2 19 61
34 33 39 71 23 32 36 53 37 19
65
34 33
71
33 34 32 19
34
21 34 32
