82:144:144
63:639:639
1 65 73 76 92 93:1274:-600 204 213 944 381 132
97:576:576
1:-1510:-1510
1 75:-869:-1377 508
1:-360:-360
1 38 46 63 64 65 66 67 68 72 73 74 77 78 83 88 92 93 94 95 96:1251:-29705 486 286 1660 968 3722 1665 534 5047 1343 884 1152 295 1237 116 439 3311 868 5053 1428 462
1 46 64 72 87 92 93 94 97:6432:-2364 57 378 324 1092 4574 362 1398 611
74 92 93 94 97:1939:164 584 417 175 599
1 46 65 68 69 92:-8338:-12646 57 399 1244 1993 615
36 48 64 65 74 76 92 94 95:6040:479 172 185 329 88 2600 1433 535 219
1 93:-2565:-2710 145
1 51 93:-1903:-2387 394 90
1 93 94 96:-1760:-3400 360 530 750
1 46 48 51 65 74 92 93 94 96:5911:-364 109 431 222 128 50 2049 1039 506 1741
1 46 49 63 65 72 73 74 92 93 94 95 96:7692:-400 208 304 170 119 490 336 80 3822 179 1197 583 604
1 46 48 64 65 72 73 92 93 94:10789:-360 174 38 398 578 15 444 2901 1088 5513
46 64 72 74 77 82 92 93 94 96:11007:52 171 35 34 303 418 5858 532 3015 589
1 46 48 72 73 74 92 93 94 95 96 97:17569:-360 55 43 409 423 32 4756 1812 6413 1098 1764 1124
1 46 72 73 74 92 93 94 97:4835:-300 81 179 552 98 1236 186 2162 641
1 46 47 64 73 92 93 94 95 96:6869:-600 278 177 343 18 2227 247 3461 231 487
1 3 39 65 72 74 92 94 97:10591:-360 87 670 413 134 111 6282 2627 627
1 38 48 72 73 92 93 94:4796:-1200 104 39 70 324 2867 469 2123
1 64 72 92 94:609:-360 150 221 160 438
48 74 92 93 94:1611:133 270 282 780 146
1:-300:-300
1 46 48 54 92 94 96 97:3608:-360 100 78 63 946 550 470 1761
47 48 73 74 92 93 94 96 97:9798:189 92 334 65 1667 889 3814 1294 1454
1 46 72 73 74 76 78 92 93 94 96:5122:-4048 232 228 158 156 647 521 1426 945 4274 583
1 46 47 64 67 72 73 74 75 76 92 93 94:9329:-360 224 64 1060 631 431 267 207 760 630 2183 701 2531
48 92 93 94 96:1757:48 333 71 816 489
64 92 94:614:167 318 129
48 64 73 74 92 93 94 96 97:7630:49 87 154 49 3382 128 2497 595 689
46 65 92 93 94:2668:67 146 1585 76 794
1 47 72 73 74 92 93 94 96 97 98:17279:-377 89 93 234 80 2732 2444 7865 1686 1849 584
1 3 4 46 47 48 51 63 64 65 72 73 74 75 92 93 94 96 97:30727:-350 35 79 745 97 87 219 928 140 75 1277 1472 1039 1333 3088 2477 12516 4054 1416
1 46 47 48 73 92 94:-4030:-5001 263 50 35 36 241 346
1 3 36 38 46 47 48 50 63 64 72 73 74 76 78 80 92 93 94 96 97 98:29882:-2218 30 295 618 445 288 112 356 1398 910 261 171 814 934 384 1308 7660 3229 9411 1538 1355 583
1 36 48 72 73 74 92 93 94 95 96 97:7759:-180 377 20 455 115 298 2026 446 2730 291 625 556
19 48 65 92 93 94 96 97:6802:42 105 325 1893 116 3047 672 602
72 92 93 94 97:6127:56 2476 240 1956 1399
39 42 64 65 87 92 93 94 95 96 97:9627:776 63 246 180 673 3129 288 2872 319 470 611
92 93 94 97:2251:625 411 642 573
1 48 65 92 94:233:-3075 35 285 1027 1961
1 39 46 48 73 92 93 94 96 97:5708:-1158 679 23 101 61 1113 1004 2137 554 1194
1 48 93:-1359:-1800 184 257
1 46 48 92 93 94 96 97:6371:-2935 91 393 1532 1521 2995 575 2199
94:147:147
1 46 48 65 73 92 93 94 95 96:5711:-360 216 129 269 302 1726 354 1811 235 1029
1 46 48 73 92 93 94 97:2916:-990 251 181 148 519 220 1388 1199
2 46 48 51 65 73 74 92 93 94 96:10860:23 358 46 342 83 438 101 2694 1645 3931 1199
1 46 67 92 93 94 97:4150:-360 101 507 1434 158 1095 1215
46 48 74 92 93 94:2920:134 58 28 563 99 2038
1 46 48 92 93 94:654:-720 54 188 253 445 434
1 46 48 94:-420:-720 27 59 214
1 46 48 92 93 94 97:1530:-2919 97 467 1573 574 1199 539
1 46 48 72 92 93 94:2092:-1440 52 564 209 1141 531 1035
4 46 48 73 92 93 94 96 97:7633:144 179 215 168 1252 1628 1550 1054 1443
1 46 48 72 74 92 93 94 96 98:-3975:-10913 44 295 50 51 2145 1636 1239 977 501
37 46 48 92 93 97:1488:168 39 70 390 287 534
1 46 48 74 92 93 94 96 97:4457:-720 192 75 212 1225 704 1766 499 504
1:-720:-720
1 46 48 73 92 93 94 96 97:-69674:-79637 244 317 166 2376 1283 3945 1130 502
1 93 97 98:-2980:-4469 415 520 554
1 46 47 73 74 92 93 94 96:7905:-360 222 82 123 152 2135 536 3670 1345
1 47 64 74 92 93 94 96 97:6016:-373 137 75 26 787 997 2777 1021 569
46 48 74 92 93 94:2891:97 93 99 741 199 1662
94:188:188
1 92 93 94 96 98:5336:-237 1307 566 1793 1191 716
92 95 99:1194:575 346 273
1 64 65 73 78 92 94 97:-4613:-12382 1139 1128 64 1090 960 1954 1434
1 36 48 49 50 63 68 72 73 74 75 92 93 94 98:1993:-7903 65 88 250 584 192 2316 721 651 629 1018 841 429 1554 558
38 72 82 83 92 94:9859:237 91 4156 4834 368 173
1 46 47 48 51 72 73 74 92 93 94 96 98:11137:-720 449 191 386 340 207 190 563 2692 1361 3868 1022 588
46 64 72 83 88 92:31327:65 206 303 6025 24118 610
1 82 92:-13000:-17882 4149 733
1 97:427:-468 895
46 74 92 93 94 96:4956:73 100 1684 886 1717 496
65:497:497
1 48 93 94 97:1991:-360 140 645 876 690
1 46 47 48 73 92 93 94 97:2698:-3600 217 84 631 26 1359 1716 893 1372
1 92 93:478:-360 385 453
1 46 48 51 92 93 94:1546:-720 84 81 270 613 524 694
1 46 47 48 64 74 92 93 94 97:1131:-2700 145 233 25 155 181 701 131 942 1318
1 47:-1114:-1238 124
46 48 73 74 76 92 93 94:5865:95 35 248 127 478 1242 691 2949
46 74 92 93 94:3242:254 215 851 263 1659
1 36 48 72 73 74 92 93 94 96:7968:-544 214 141 53 58 157 1661 406 5037 785
1 47 92 93 94 97:3695:-583 95 789 290 2574 530
1 46 47 72 92 93 94:1825:-960 345 38 19 203 961 1219
1 36 46 47 48 73 74 92 93 94 96:4281:-3590 196 110 32 151 123 182 1990 1492 3091 504
1 46 48 73 93 94:-390:-1960 271 213 95 378 613
1 46 48 72 73 92 93 94 97:6553:-405 111 111 108 31 1691 980 3279 647
93 94:626:508 118
1 3 37 47 48 50 72 73 74 75 92 93 94 95 98:6390:-6025 23 57 99 159 414 276 111 241 443 3568 845 5093 586 500
1 36 38 46 63 64 65 72 73 74 92 93 94 95 96 97 99:12355:-1744 233 259 267 130 91 817 45 430 139 3596 859 5529 259 478 511 456
1 46 93:-757:-900 51 92
1 46 73 92 93 94 96:6268:-300 63 75 2275 296 2559 1300
1 46 48 64 65 92 93 94:7059:-300 25 76 78 14 2351 1218 3597
46 73 92 93 94 97:5408:86 319 2426 687 1298 592
46 47 64 73 92 93 94:6372:145 177 65 235 1953 425 3372
1 46 47 64 72 73 92 93 94 96 97:9959:-300 82 36 255 35 130 2534 1139 4381 1121 546
1 8 37 38 46 48 63 65 72 73 74 77 92 93 94 95 96 98:24058:-1712 661 273 310 24 67 153 415 764 486 362 153 5797 1584 10840 533 1044 2304
46 92 94:1449:112 709 628
1 36 46 73 92 93 94 95:-16704:-22306 173 351 55 1346 277 2844 556
46 64 92 93:964:190 137 447 190
1 46 47 48 50 63 64 65 72 73 74 92 93 94 97:14957:-750 534 110 53 251 411 170 126 14 45 344 4220 1448 6598 1383
65 72 92 94 95 97:2419:43 108 442 810 472 544
47 74 93 94:958:231 102 157 468
1:-805:-805
26 54 56 63 64 65 72 74 92 94:10795:309 4578 79 1751 320 1601 657 756 250 494
94:699:699
46 72 74 92 93 94 96 97 98:7692:178 66 33 1016 171 3086 1004 764 1374
1 92 93 94 96 97:9104:-300 3552 1159 3376 731 586
48 50 64 78 92 93 94 96:6526:59 312 98 312 954 1165 2616 1010
1 4 46 48 63 64 65 73 78 92 93 94 96 97:9750:-300 16 199 283 416 262 126 101 282 1552 2076 2065 485 2187
4 48 65 73 92 93 94 95:5846:19 73 152 77 972 349 3908 296
36 72 73 74 76 92 93 94:6254:174 7 53 396 659 2262 158 2545
1 65 74 92 93 94:186:-3556 445 97 1169 201 1830
1 73 92 93 94 95 96:1848:-2773 81 1074 173 2430 389 474
1 87 92 93 94 96:2477:-387 429 727 202 1003 503
65 93 94:831:11 194 626
1 46 74 92 93 94 95 96:7531:-403 398 24 2748 798 1299 796 1871
48 72 74 92 93 94 96 97:7801:120 59 46 1259 1330 2436 1510 1041
1 2 36 37 38 46 48 64 65 72 73 74 92 93 94 96:7454:-68 58 79 26 394 53 123 627 282 114 292 467 1959 290 2244 514
48 73 93 94 96:3186:110 40 699 1655 682
1 47 48 73 74 92 93 94 95 96 97:10574:-1595 71 73 120 480 2024 2620 3413 485 948 1935
1 48 74 92 94:11:-1507 53 231 842 392
48 72 73 74 92 93 94 96:3597:54 86 71 82 865 281 1544 614
64 65 72 73 92 93 94 96:11480:339 261 239 831 2445 987 5817 561
64 65 73 92 94:4466:586 360 132 1441 1947
92 94:1829:1394 435
1 47 65 92 93 94 95 97:7034:-360 91 912 4345 254 125 1124 543
1 64 82 92 93 94 95 96:4584:-720 104 425 2763 136 861 532 483
38 46 64 65 72 73 82 87 92 93 94 95 97:17582:293 177 190 428 236 90 1250 229 8690 337 2645 2512 505
65 72 73 74 75 76 92 94 95 96 97:11120:286 307 13 121 570 2132 2414 3450 619 620 588
1 46 72 74 92 93 94:1968:-360 100 191 324 516 116 1081
1 36 46 47 92 93 94 95:5395:-360 150 91 16 3639 270 1113 476
1 47 49 64 65 74 88 92 94 95 96:10248:-360 84 318 872 288 134 206 3673 3264 1205 564
1 36 46 47 63 64 65 72 73 74 76 82 92 94 95 97:16483:-720 85 56 132 356 697 171 334 143 886 487 135 8998 2802 1413 508
46 72 73 74 76 77 88 92 93 94 95:9130:124 395 32 382 796 373 358 4233 733 1131 573
8 47 56 57 58 64 65 72 73 74 75 76 77 80 82 93 94:25117:50 77 1077 111 437 67 1984 1652 55 1046 1679 3358 3098 8767 1382 74 203
72 74 92 93 94 96:6973:10 68 3541 488 2333 533
30 46 72 73 74 84 92 94 95:10854:153 143 16 458 205 202 6620 2454 603
1 36 37 63 64 65 67 72 74 76 77 80 82 87 92:13149:-1440 323 88 1145 275 2288 3786 858 394 564 458 1444 821 384 1761
1 92 94 95:3214:-360 1917 1379 278
1 64 65 72 73 74 78 82 88 92 93 94 95 97:15551:-360 193 178 1213 309 1050 618 966 241 6602 627 3061 284 569
1 36 37 46 47 48 51 63 64 65 72 73 74 75 76 87 92 93 94 97 98:12488:-4600 317 204 387 196 167 849 184 868 1125 315 75 437 1593 1178 486 2054 1444 4197 522 490
1 67 73 82 93:208:-597 137 73 478 117
1 46 47:-855:-994 20 119
47:113:113
47:57:57
47 94:220:36 184
92 94:486:342 144
74 92 93 94 96:2271:113 459 325 744 630
1 46 48 64 67 72 73 74 92 93 94:-2318:-7592 119 82 84 412 45 55 710 1311 883 1573
38 72 74 82 92 94:15625:89 28 88 11514 3105 801
74 92 94 95:9224:61 5526 2849 788
36 38 72 82 92 94:3205:232 210 139 1752 310 562
65:275:275
36 74 92 94:4078:90 27 2322 1639
1 72 73 92 93 94 95:-2053:-8983 58 49 4209 197 1599 818
46 92 93 94 95:5371:67 2440 174 2224 466
36 72 73 74 82 92 94:13777:136 183 35 86 6804 4551 1982
74 82 92 94:4864:38 2772 1403 651
92 94:1479:1239 240
1 38 44 46 48 72 73 74 92 94 95:9892:-7479 110 1505 55 59 414 158 72 10338 4154 506
73 92 93 94:5282:48 3966 395 873
46 92 94 95:3823:139 2342 1159 183
92 94 95:4150:1849 2106 195
92 94 95:4249:3230 821 198
36 48 74 92 94 95:2035:108 86 68 1213 382 178
1 36 38 66 72 73 74 78 92 94 95:5129:-7080 116 230 6532 580 134 973 417 1761 1237 229
73 92:1010:27 983
92 94 95:2285:1866 120 299
92 94 95:1840:1172 464 204
73 82 92 94 95:5301:15 1948 1996 928 414
82:1299:1299
38 46 92 94 95:5058:277 114 3037 1465 165
92 94:4876:3150 1726
82 92 94:5373:1948 2509 916
82:1299:1299
36 46 92 94:1975:180 102 1014 679
92 94:1044:893 151
1 36 38 47 65 72 74 82 83 85 92 93 94 95:-19591:-48000 475 314 79 725 604 97 4378 14524 1228 3856 307 1612 210
72 74 92 94 95:9717:101 65 6762 1544 1245
31 36 38 42 57 72 73 74 75 82 83 92 93 94 95:35730:54 77 285 254 113 94 110 473 1384 876 8052 17720 489 4280 1469
36 38 72 73 74 80 92 94 95:23032:232 190 179 101 283 1365 14254 5456 972
80 92 94 95:11552:10517 522 227 286
1 92 94 95:-4219:-7194 2620 105 250
38 74 92 94 95:5357:368 79 3396 1163 351
47 92 94 95 96:7567:60 4792 1986 183 546
42 46 74 92 93 94 95:8971:330 150 14 5906 316 1444 811
92 94 95:8118:5366 1747 1005
83:1027:1027
92 95:1553:1321 232
57 72 83 92:6322:1040 108 3081 2093
36 92:1420:58 1362
38 92 94 95:3018:200 1941 471 406
72 92 93 94 95:6480:39 5186 190 680 385
4 92 93 94 95:10088:38 7934 335 1632 149
3 36 38 42 73 75 92 93 94 95:21544:15 77 218 506 38 565 15871 205 3486 563
72 74 92 94 95:9416:39 65 5789 2416 1107
72 92 93 94:8870:226 7280 323 1041
92 94 95:5628:4586 606 436
92 94 95:7170:5062 1200 908
72 73 92 93 94 95:6329:39 70 4436 356 724 704
2 72 92 94 95:7024:52 43 4537 1544 848
92 94:4565:4030 535
92 94:3511:2685 826
94:582:582
92 93 95:1141:847 104 190
92 94 95:1085:428 201 456
92 94 95:4847:2865 1733 249
1:-4361:-4361
1 36 38 42 72 74 92 93 94:10507:-2337 820 1160 444 1004 30 7080 231 2075
64 82 86:12312:275 2761 9276
36 38 72 73 74 76 92 93 94 95 96:16826:219 211 132 90 488 3766 8207 160 2610 436 507
1 46 72 82 83 87 88 92 95 99:51948:-2520 52 190 41101 1686 4535 217 3316 2969 402
1 46 74 82 86 87 92 94 95 99:37046:-420 61 173 14262 13977 3802 1809 124 2882 376
63 82 92 95:5413:181 4168 694 370
72 74 83:4009:183 72 3754
1 63 64 65 66 72 74 75 76 77 80 82 83 85 87 95:37270:-4146 3148 2938 4586 1678 1875 212 503 3019 1584 2767 12549 1696 1184 3394 283
82 92:4664:3960 704
42 82 86 92 95 99:8302:329 3295 3543 267 528 340
1 16 72 73 76 82 89 92 95:5539:-3906 39 107 65 1037 5247 953 1017 980
72 82 86:13493:290 3399 9804
1 76 82 83 86 87 88 92:24823:-6875 1162 24636 1771 2530 474 698 427
1 16 17 72 77 82 83 86 87 88 92 95:35636:-2982 312 16 730 27 26108 658 7543 461 739 1343 681
2 46 82 86 87 95:28130:22 97 14316 11367 1924 404
1 82:2503:-488 2991
1 26 28 31 53 54 55 56 58 64 72 74 75 76 77 79 82 83 87 88 92:51665:-3978 209 195 368 827 236 527 385 694 363 2942 195 756 620 2065 295 39001 1983 1179 1787 1016
26 29 54 56 72 74 82:2154:129 33 327 203 178 472 812
1 17 38 65 68 72 74 77 82 86 87 92 94 95:53956:-4807 9 715 3685 2639 717 360 1102 30818 11826 2538 2671 385 1298
1 4 47 63 64 65 72 74 76 77 80 82 83 85 86 87 88 89 94 99:92900:-1295 12 63 204 278 26 80 193 2682 610 1315 58311 4591 73 18884 3910 1104 1019 148 692
54 56 65 72 75 77 78 80 82 87 89 94:19891:519 202 701 2496 536 649 322 1934 8365 239 3798 130
1 17 82 83 85 86 87 88 92 94 99:95597:-2958 105 70688 3036 439 17916 4006 972 308 446 639
82 86:5576:4142 1434
82 89:2299:976 1323
82 86:4290:777 3513
1 27 57 72 82 83 86 87 92 94 95 97:90649:-9432 43 499 458 66290 1085 25231 4324 782 395 411 563
1:-4613:-4613
72 76 77:1244:203 513 528
1 48 72 73 92 93 94 98:-234:-2520 159 41 159 316 103 1016 492
1 46 48 64 73 92 93 94:-3453:-5150 169 90 156 171 413 407 291
1 42 54 93:-13337:-14502 638 321 206
1 53 58 65 72 76 77 82 92 94:14173:-600 1782 1395 1310 769 2349 1267 5481 329 91
1 46 51 73 92 93 94:2376:-443 65 247 38 125 210 2134
1 48 72 76 92 93 94:-21125:-24094 97 42 1876 84 435 435
1 46 72 73 74 82 86 87 92 93 94 95:-11638:-25976 73 30 89 339 6287 3661 1541 1128 77 826 287
1:-2922:-2922
1 82 86 92 94:2443:-5910 6632 1326 186 209
1 16 82 85:26874:-4820 312 30539 843
1 48 72 82 83 86 87 92 94:32967:-1260 19 683 28489 423 3208 248 804 353
1 63 72 74 82 86 87 92 95:8881:-10190 203 451 293 15479 1063 468 812 302
1 72 76 82 83 86 88:12228:-8902 256 473 13375 321 4705 2000
1 92 94:-2162:-3419 845 412
1 46 48 64 72 82 92 93 94 95 97:10136:-5952 53 45 174 18 10204 3440 174 834 366 780
1 82 92 93 94:-9445:-13693 2116 1572 131 429
1 16 82 83 87:18977:-3611 12 18578 3325 673
1 65 82 83 85 86 92 93 94 95:16902:-18329 1482 26551 1075 92 2116 3188 421 118 188
1 72 82 83 87 88 92 94:28383:-6505 263 18233 10968 1274 172 3769 209
1 47 72 77 82 83 92:19305:-4409 10 143 358 8380 14337 486
1 83 88:22739:-422 15492 7669
83:5809:5809
1 88:10445:-7017 17462
1 88:19924:-425 20349
92 94 95:4377:2065 1584 728
38 72 73 74 77 82 83 92 94 95:16769:218 437 78 177 437 1027 7186 5060 1283 866
1:-443:-443
1:-8410:-8410
1 37 38 46 47 48 64 65 75 82 92 93 94 98:9866:-900 225 467 176 116 80 501 1054 475 518 2914 513 3024 703
1 50 92:-6224:-7500 248 1028
46 73 78 93 94:914:129 95 327 268 95
1 50 92 93 94 96:1857:-900 411 1001 493 388 464
46 48 51 64 72 73 74 77 92 93 94 96 97:9260:156 182 341 220 270 357 145 171 1227 1211 2859 484 1637
1 63 65 68 72 73 74 76 77 92 94:-4902:-12465 330 1677 1006 859 219 339 1278 621 552 682
1 38 65 73 82 92 93 94 96:7096:-1320 270 835 50 609 4093 130 1956 473
1 64 72 92 94 97:707:-660 130 109 450 169 509
1 47 48 72 73 82 85 92 93 94 95:5463:-2217 53 75 109 140 468 291 3758 390 1938 458
1 36 46 64 82 92 94 96:5288:-1080 269 196 185 1148 2391 1647 532
1 38 46 47 48 49 64 65 72 73 74 82 92 93 94 96 97:11859:-900 292 56 65 24 366 1072 103 80 193 225 1041 4490 285 2269 476 1722
1 47 73 74 92 93 94 97:5619:-812 76 45 68 3399 316 2019 508
16 46 50 65 73 74 82 92 94 95:8078:22 123 308 694 118 70 2428 1667 2303 345
1 46 50 73 74 82 92 93 94 97:4690:-1842 25 243 102 137 954 2298 309 1939 525
1 46 47 64 65 73 74 75 76 82 92 93 94 95 96:-421:-11743 80 42 54 1000 202 236 584 761 2138 3813 398 1208 288 518
1 64 74 82 83 92 94 95:7177:-465 181 24 1933 559 3173 1256 516
1 66 82:14815:-1430 11254 4991
82 92 94 95:10621:4618 4281 684 1038
92 94 95:5617:4191 510 916
92 95:2067:1718 349
92 95:2114:1089 1025
92 94 95:5193:3925 673 595
74 94:357:119 238
73 92 93 94 95:4546:69 1777 545 1329 826
92 94 95:3539:2120 1179 240
46 47 92 93 94 95:2608:41 134 574 132 1505 222
64 92 94 95 99:5226:23 3118 871 955 259
92 94 95:4853:3718 402 733
76 92 94 95:6915:1760 3783 1231 141
38 64 72 74 76 92 94 95:7254:1158 68 180 266 1760 3178 97 547
92 94 95:5535:3902 1487 146
92 94:1653:1326 327
47 92 93 94:4278:222 2950 285 821
92 94 95 99:3590:2553 443 421 173
92 94 95:2065:1276 590 199
92 94 95:3506:2755 415 336
72 76 92 93 94 95:9599:69 1091 4627 157 3213 442
1 38 64 72 73 74 76 78 92 94 95:9145:-1676 314 207 670 252 63 1061 260 5927 1205 862
4 92:263:85 178
1 72 76 88:1060:-360 559 601 260
3 47 48 82 92 94 95:3384:30 52 67 917 744 1383 191
4 36 74 82 92 94:4437:22 64 15 1556 801 1979
92:237:237
1 50 51 73 74 82 87 92 93 94 95:8343:-837 306 214 29 481 485 923 2905 1040 2331 466
46 73 74 92 93 94:1893:207 70 49 416 503 648
1 4 65 72 77 82 83 92 93 94 95:11161:-728 19 279 158 122 374 362 4934 413 4670 558
1 5 33 54 58 63 64 65 67 72 73 74 75 77 83 88 92 93 94 96 97:19235:-720 1199 358 99 402 582 91 1101 195 1838 150 1858 641 4113 1640 284 1164 398 1891 983 968
72 76:1349:727 622
1 37 46 48 51 63 64 65 67 72 73 74 78 82 92 93 94 95 96:17765:-360 259 52 100 240 151 476 183 1028 367 45 18 272 1921 6178 359 5234 704 538
1 16 48 65 82 92 94 95 97:8034:-526 12 109 67 4391 1756 222 910 1093
1 72 73 92 94 95:15476:-243 60 39 9890 4753 977
92 94 95:1002:247 463 292
92 94:2018:1548 470
92 94 99:2552:1705 676 171
1 38 92 94 96:1710:-1780 124 2189 674 503
73 92 94 95:3688:66 2162 1156 304
92 94 95:2304:1176 929 199
92 94:1085:879 206
92 94:930:742 188
92 94 95:2056:930 974 152
92 94 95:4989:3352 1197 440
46 92 94 95:2097:92 1416 223 366
92 94 95:7688:4554 2757 377
26 63 74 82 83 86 87 92 94 95:35751:7 310 380 11993 6566 11412 897 2804 425 957
1 36 64 72 74 82 83 87 92 93 94 95 99:12459:-4299 205 75 41 172 5465 352 231 6591 106 313 2936 271
1 82 83 86 95:12542:-1084 602 1254 11426 344
1 63 72 82 83 88 92 94 95:7165:-3421 63 150 3211 929 96 4287 469 1381
1 46 48 63 76 82 83 92 93 94 95:13712:-4101 94 56 249 566 4336 3480 3513 175 559 4785
1 36 64 74 82 83 86 92 94 95 96 97 99:11622:-1080 249 124 52 1752 138 1042 4444 1879 1522 488 666 346
1 46 47 72 73 78 82 86 92 93 94 95 97 100:19031:-2930 192 234 101 53 302 2900 800 10589 262 1710 2792 1327 699
1 36 46 63 64 65 68 72 74 76 77 80 83 89 92 93 94 96:17762:-1116 143 51 743 147 352 2061 2328 2221 2293 221 2092 2116 642 957 367 1608 536
1 16 36 46 47 63 64 72 74 82 87 92 93 94 95 97 99:28721:-3082 8 243 105 551 745 330 72 485 5431 1078 11958 362 1314 8229 590 302
1 38 63 64 72 94 97:-7445:-11798 134 1144 117 1596 448 914
1 72 87:-2264:-2857 231 362
1 38 46 68 73 74 82 83 86 87 92 94 95 97:32915:-4491 275 61 1087 20 35 7798 3152 793 929 13954 2730 6015 557
74 92 94:1709:107 1094 508
1 83:14167:-10996 25163
1 64 92 93 94 96:3648:-1116 288 2413 305 1129 629
83:14932:14932
1 37 46 65 82 83 86 92 93 94 95 97:22437:-2241 193 100 395 6337 682 3297 9057 175 1277 2022 1143
92 95 96:2261:1551 192 518
48 92 94:2090:44 1588 458
1 64 72 92 94:1284:-474 104 13 1430 211
1 37 46 47 50 64 65 67 72 73 74 77 82 83 92 93 94 95 97 100:18762:-890 207 50 180 326 533 1422 618 1631 444 21 1026 1986 3412 4293 66 1685 597 516 639
38 64 92 94 95:1805:417 750 237 123 278
1 36 48 64 65 68 72 74 83 92 94:9677:-360 223 61 1591 275 1343 806 1125 2927 1392 294
83:5606:5606
1 92 94:11:-333 236 108
1 47 72 74 92:1135:-704 52 52 24 1711
1 47 72 74 92 93 94:4109:-723 60 52 164 3056 132 1368
1 46 48 64 72 92 94:2447:-390 96 22 159 25 1959 576
1 46 73 92 93 94 95:3358:-360 91 58 979 640 1670 280
1 36 38 46 47 54 56 72 82 83 88 92 93 94 95 97 100:31828:-1800 105 38 131 152 443 344 115 10222 443 803 13898 59 1740 2917 1330 888
1 63 64 65 74 75 78 93 94:3897:-360 1279 257 1299 34 573 520 143 152
2 48 63 67 93 94:2065:34 82 552 618 343 436
48 93:342:89 253
47 64 65 94:756:140 287 263 66
75:1815:1815
1 46 47 48 63 64 65 66 67 72 75 92 93 94:3632:-15135 164 121 80 1718 507 4134 5968 545 332 1995 607 221 2375
1 38 48 63 76 78 83 92 93 94:6635:-1000 328 47 281 2715 1040 1436 410 801 577
1 63 65 67:5168:-799 2658 2345 964
36 51 63 64 65 66 67 72 73 75 82 92 93 94 95:16462:169 250 1466 971 3105 1926 1669 80 46 1199 1098 955 236 2722 570
1 46 47 63 64 65 66 67 92 94:5841:-3260 81 50 559 646 2364 1642 2085 547 1127
1 38 46 55 57 63 64 65 67 76 78 83 88 92 93 94:34171:-990 281 57 35 3106 2446 467 5848 5104 1183 706 14041 105 665 100 1017
1 46 50 63 64 65 66 67 68 69 73 74 76 92 93 94 97 98:13310:-4990 45 394 427 456 4300 1328 1356 2942 1768 122 54 1696 1348 137 511 904 512
48 63 65 66 67 72 73 74 75 76 80 92 93 94:16546:80 2316 3282 2832 601 170 169 721 750 2974 805 187 80 1579
1 63 64 65 66 67 69 70 76 78 92 94:23143:-4780 1486 434 2945 4079 449 8498 2514 5584 837 203 894
66 68:7190:5564 1626
1 57:2819:-1410 4229
1 65 72 73 76:-206:-3015 209 419 143 2038
1 36 38 43 46 48 63 64 65 66 67 68 72 73 75 76 92 93 94:17707:-3775 90 298 254 52 344 4763 61 4635 1530 1592 937 363 42 856 2829 1133 889 814
1 46 47 48 51 56 63 64 65 66 67 68 69 70 72 73 74 76 77 78 80 83 84 88 92 93 94 96:53689:-6290 373 123 261 548 148 3968 2258 8344 1700 3223 2198 5140 2429 325 467 914 10184 495 529 6581 177 350 544 3183 964 4051 502
1 3 36 39 48 50 56 63 64 65 66 67 68 69 70 72 73 74 75 76 77 78 80 85 92 93 94 97:76802:-11400 9 826 561 195 408 3285 7747 3934 21610 5251 1925 7588 10024 2605 1232 188 1504 6344 2956 640 2244 2510 126 1703 594 1559 634
1 36 48 51 65 73 94:918:-904 713 92 266 569 32 150
1 36 46 48 50 63 64 65 66 67 68 69 70 72 74 75 76 78 82 83 88 92 93 94 96 97 98:75156:-8870 628 409 159 925 6473 2946 19216 9700 1706 3770 3226 2994 340 806 1705 1172 1033 3529 3420 5866 2046 589 7993 1443 840 1092
1 3 36 46 47 48 49 57 63 64 65 66 67 68 69 70 72 73 74 75 76 77 82 83 92 93 94 95 96 97:82489:-8810 81 365 349 21 281 258 1550 6591 2167 22442 5951 603 2285 4439 16013 1303 83 303 570 5290 426 1340 4198 4107 451 6735 818 1660 619
1 38 46 48 63 64 65 66 67 68 69 72 73 74 75 76 80 83 92 93 94 95 96 97:58716:-10631 616 106 104 8149 3348 10342 7706 2716 1044 5496 75 404 781 2283 4595 3123 4774 4629 240 4516 1097 994 2209
1 36 46 57 63 65 66 67 69 72 73 74 76 80 82 92 93 94 95 97 98:44338:-17597 231 51 6611 4148 9334 4248 604 4390 342 111 110 1587 3735 16143 2682 922 2855 1098 1248 1485
1 46 63 64 75 92 94:1993:-800 47 1053 93 1299 159 142
1 14 48 63 64 65 72 74 76 78 85 88 92 93 94 96:9879:-5000 150 207 1162 1318 2272 471 34 4335 300 580 508 912 285 1829 516
1 65 67 78 80:-384:-8845 528 965 1166 5802
1 48 64 65 72 73 76 82 83 92 93 94:13921:-3800 140 400 536 185 79 566 10469 966 1669 615 2096
1 64 65 67 93:3282:-1341 504 560 3494 65
1 46 48:-1947:-2056 40 69
93:80:80
1 92:767:-364 1131
1 64 66 93 94 96:3249:-360 162 2264 293 221 669
1 36 92 94:345:-385 208 125 397
72:424:424
1 37 46 48 50 72 73 74 92 93 94 95 96:9680:-1865 333 68 88 238 106 89 46 4148 546 4050 1285 548
1 76:447:-396 843
1 48 78 93 94 96:838:-677 120 393 238 150 614
1 36 46 47 48 73 74 92 93 94 95 96 97:14629:-300 238 128 64 423 153 451 4785 527 4367 1093 747 1953
1 73 74 92 94:1803:-644 70 44 1669 664
1 46 64 73 74 92 93 94 95 96:9592:-360 152 84 89 45 4937 443 3078 410 714
1 57 65 94:760:-612 293 612 467
1 47:-225:-360 135
46 73 92 95:989:177 41 597 174
1 92 94 96:3064:-171 989 1671 575
1 46 63 65 92 93 94:2735:-420 241 798 216 368 237 1295
1 63 64 67 82 92 94:2202:-1924 431 430 244 1325 707 989
1 36 47 48 65 72 73 74 75 82 88 92 93 94 97:11554:-540 173 150 145 126 530 323 489 684 602 513 2630 153 4883 693
38 46 72 74 82 92 94 95 97:6240:202 314 474 55 713 2319 395 351 1417
1 46 47 48 50 63 74 92 93 94 95 96:11625:-540 179 70 37 303 373 189 4030 1041 4302 501 1140
1 46 48 73 74 92 94 95:2749:-2185 124 143 56 100 2755 1343 413
46 63 64 72 74 80 92 94:6045:259 322 1457 27 129 836 1315 1700
1 36 48 65 72 73 74 92 93 94 97:7835:-360 73 151 92 50 47 266 1719 1127 2732 1938
65 94:614:264 350
1 38 46 72 82 88 92 93 94 96 97 98:12083:-3600 249 106 233 5951 364 3686 285 2577 1002 705 525
1 72 92 93 94 98:2641:-253 183 1677 219 329 486
46 48 51 64 92 93 94 95:4552:190 47 272 435 2385 229 590 404
1 92 94 97:282:-1346 418 507 703
1 16 49 63 74 82 92 94 97:11891:-1399 14 333 361 342 5110 4064 1097 1969
1 38 55 63 64 65 74 82 92 93 94 98:3654:-1323 274 45 381 368 420 52 1275 885 179 447 651
1 36 40 55 65 72 73 74 75 76 82 88 92 93 94 95 99:13262:-885 193 1052 142 35 104 139 304 630 831 3599 924 2527 318 2339 693 317
1 2 3 48 49 65 72 73 74 77 82 87 92 93 94 95 97:35764:-221 35 115 34 375 243 214 42 150 275 25845 476 3037 244 2055 1513 1332
1 92 94:746:-300 724 322
1 82 92 94:2956:-360 336 2019 961
92 94 95:1575:1199 177 199
1 36 74 82 92 94 95 99:6808:-360 343 201 613 3185 1893 578 355
38 47 72 73 74 76 82 83 85 87 92 93 94 95:27632:448 68 14 184 389 739 12185 80 80 764 5994 424 2172 4091
92 94:1236:1079 157
1 48 72 74 82 86 87 88 89 92 94 95:26519:-360 18 797 192 11616 2508 1750 240 331 5323 1516 2588
1 16 72 82 86 87 92 94 95:14988:-641 35 823 10382 581 748 2221 147 692
1 46 47 51 53 64 74 77 82 87 92 94 95 97:17862:-1539 38 46 536 435 347 138 49 10013 1179 4459 564 1088 509
1 38 46 65 73 74 75 76 82 83 86 92 93 95:-18490:-39418 15 42 273 92 100 1172 850 11370 392 1980 3448 414 780
1 92 94:448:-360 589 219
1 47 82 88 92 94 95 97:6599:-809 44 317 824 3256 891 897 1179
38 63 64 65 72 74 75 76 77 82 92 94 95:12066:481 1659 273 184 559 198 556 5568 255 1638 223 242 230
63 65 82 87 92 94 95 99:9756:310 310 5150 939 815 538 1125 569
1 36 38 64 65 72 76 77 82 87 92 94 95:14793:-1159 186 265 325 642 212 1338 217 3919 1177 5112 551 2008
43 74 82 86 87 92 94 95:17181:250 76 4184 2800 675 4669 2877 1650
1 42 46 77 82 83 92 94 95:11064:-325 322 38 538 2253 546 4823 796 2073
20 47 63 72 76 82 92 94 95 96 97:13226:23 161 738 657 590 3447 3431 483 2466 713 517
82 86 87 89 92 94 95:13408:7983 1956 512 391 1663 92 811
72 86 92 94 95:2364:95 1110 588 267 304
1 3 28 34 38 47 58 65 72 74 77 82 86 87 89 92 95:14111:-1488 121 687 41 200 59 212 360 718 381 976 4383 3528 257 343 2285 1048
48 55 65 67 72 74 75 76 80 82 83 88 92 94 95:18656:36 1042 83 319 2333 1569 734 574 3009 5436 165 453 1802 745 356
1 19 38 64 65 82 86 92 94 95:15410:-720 44 341 216 82 6243 5119 2517 464 1104
63 72 74 82 87 88 92 94 95 96:5000:109 189 82 916 464 101 1506 410 745 478
1 38 46 64 65 72 73 74 77 82 83 86 87 88 92 93 94 95 97:26319:-1376 958 264 47 252 472 126 715 289 4887 814 5786 909 289 8045 269 1522 1371 680
1 38 48 72 76 82 86 87 90 91 92 93 94 95 97:14763:-1080 7 36 34 570 1079 1505 661 224 605 6443 130 1295 2722 532
4 38 47 72 82 87 88 92 94 95:13873:132 332 108 324 1637 528 447 6585 194 3586
1 38 47 57 72 82 86 92 95 97 99:11649:-4710 232 72 426 194 3727 1090 6239 3428 503 448
1 82 86 92 94 95:7492:-1080 3446 1626 1883 85 1532
1 46 94:85:-360 102 343
72 74 82 86 87 89 92 95:17930:339 585 10548 862 442 358 4340 456
47 92 93 94:3052:46 1124 840 1042
76:16822:16822
69:92934:92934
75:20689:20689
1 4 18 26 29 34 46 54 55 56 57 58 59 61 63 64 65 66 67 72 73 74 75 76 77 78 82 85 92 94 97:38024:-15480 410 69 150 90 342 18 803 312 290 414 572 1339 206 4155 6297 5880 1337 2229 5974 141 1371 702 8083 3694 329 6331 207 717 148 894
82 87 95:1684:775 457 452
82 92 95:2235:940 788 507
1 42 46 48 82 86 87 89 92 94 95 99:44709:-369 901 62 47 22056 9420 1041 346 5990 266 4463 486
1 3 46 65 72 73 82 83 86 87 92 95:14659:-1485 118 90 143 40 277 5477 363 4218 222 3489 1707
82 92 93 94 97:3339:1111 255 357 981 635
1 36 64 65 82 83 92 93 94 95:8954:-360 97 333 46 540 2233 3373 261 1460 971
92 95:1820:1384 436
1 88 92 94 95:4577:-726 1071 2393 189 1650
1 47 65 82 86 87 88 89 92 95 99:7341:-730 101 276 995 1013 1098 449 360 756 2718 305
1 82 87 92 95 99:4044:-720 2028 405 217 1667 447
1 38 42 46 72 82 86 87 88 89 92 94 95:16086:-1084 65 20 88 30 3980 6389 225 466 843 1565 359 3140
1 21 36 82 86 87 89 92 95 99:11988:-1080 416 164 5057 1400 404 333 3477 1429 388
1 16 82 83 86 88 92 95:15952:-360 22 10480 623 1150 94 1554 2389
17 38 63 64 72 74 77 82 86 87 92 94 95:22954:16 17 372 80 799 255 482 9843 3420 852 5109 568 1141
1 38 63 65 72 74 82 83 85 87 92 94 95:37138:-757 149 382 245 175 279 21468 780 212 544 10696 1065 1900
76 82:1536:854 682
16 20 38 46 55 65 82 83 87 92 95:11815:67 229 11 93 49 194 7311 360 278 1384 1839
1 76 82 86 87 89 92 95:9483:-360 1224 3701 1000 530 355 2137 896
82:1987:1987
1 30 82 87 92 94 95 99:18122:-720 59 14335 1415 742 365 1575 351
1 42 49 73 82 85 86 92 93 94 95 96 99:20969:-3747 11 271 109 8760 113 2416 5617 68 1347 5008 624 372
1 38 47 64 72 73 76 80 82 87 92 94 95:32332:-2160 319 202 152 141 44 3677 11792 6687 2761 4861 1518 2338
1:-3570:-3570
1 29 65 72 74 76 77 82 87 89 92 95:2706:-34592 147 992 1264 161 4041 329 21974 2862 505 2875 2148
1 38 46 77 82 86 87 88 92 95 97 99:31181:-360 761 77 109 16461 2651 1421 455 4154 4073 542 837
1 16 36 38 47 72 82 83 86 87 89 92 95 97:37332:-1858 9 105 363 123 444 17058 385 8142 937 448 7543 2974 659
1 38 42 72 73 82 86 87 92 94 95 99:34034:-1101 281 42 531 460 18117 3548 479 5114 405 5597 561
1 38 56 64 72 74 77 82 86 87 88 92 95 97:39968:-732 133 206 281 429 176 657 19107 5624 1192 202 6515 5612 566
1 42 47 63 74 76 82 92 95 99:9420:-1471 334 83 326 277 605 3693 3827 518 1228
82 88 92:6543:5517 538 488
1 47 73 82 92 95:9771:-1006 118 110 7968 1384 1197
1:-2868:-2868
1 64 73 74:-538:-1459 510 170 241
1 46 47 64 65 74 77 82 88 92 94 95 99:15312:-1467 49 60 222 431 103 148 10179 861 2495 220 1472 539
1 63:-915:-1957 1042
1 64 65 72 82 83 87 88 89 92 95:17332:-366 363 696 420 8063 1803 540 191 1054 4099 469
38 64 72 82 92 94:3118:179 65 99 1600 895 280
1 64 72 76 82 92 95:-745:-4787 436 234 1130 1071 788 383
82 92 94 95:8656:3912 2159 92 2493
1 63 65 72 73 82 83 92 94:11758:-1164 231 299 504 115 7653 1105 2163 852
1 38 43 72 82 87 92 95 99:9596:-1461 512 441 97 4573 955 2736 1617 126
1 63 65 86 92 94 96:7071:-713 1243 1430 1652 1024 1422 1013
1 4 46 64 72 74 76 92 93 94 96 97:5682:-720 104 75 759 219 131 517 484 549 2245 682 637
48 50 51 82 92 94:2044:102 452 261 354 407 468
1 48 63 64 72 73 74 76 78 92 93 94 95:6713:-662 153 325 122 782 511 83 1277 315 886 403 2192 326
92 93 94:4016:502 1487 2027
36 64 72 73 74 92 93 94 96 97:6092:203 412 57 37 422 1096 735 1869 532 729
93 94 96 97:3150:680 506 464 1500
1 65 66 69 94:12578:-360 420 9147 3236 135
1 65 67 69 94:4266:-610 1427 1405 1945 99
1 46 47 48 49 50 65 92 93 94 97:9228:-1590 204 98 82 282 278 679 2470 1134 4474 1117
1 46 48 51 73 92 93 94:4915:-1080 105 48 213 23 1606 797 3203
92:494:494
1 37 46 48 49 50 51 92 93 94 96 98:4577:-1968 117 461 261 321 282 240 823 1319 1552 651 518
46 48 92 93 94 96:5684:100 155 2365 754 1299 1011
1 47 92 93 94 97:3192:-300 125 579 684 1394 710
1 93 94:291:-300 269 322
1 51 72 73 74 88 92 93 94 96 98:7113:-300 215 207 72 174 496 1354 122 2137 746 1890
92 94:698:394 304
1 38 64 65 76 77 82 87 92 94 95:5436:-1863 557 84 360 878 436 1244 525 2345 493 377
1 46 63 64 72 73 92 94 95:3474:-360 167 523 205 37 141 1385 1093 283
1 63 64 65 67 80:1318:-3614 523 252 712 1032 2413
1 16 38 47 48 53 56 58 64 65 66 67 72 73 74 75 76 77 78 79 82 83 92 94 95 96:69520:-14730 33 355 258 83 3416 687 640 353 901 4050 1245 1244 422 529 1673 20292 1579 262 200 25936 7385 6686 4887 627 507
1 77:0:-342 342
1 82 92 94 95 97:5362:-3200 5301 1098 179 243 1741
46 92 94:1672:113 1104 455
1 54 65 67 72 74 77 81 82:8828:-360 229 439 532 516 175 414 3921 2962
1 86:2257:-1097 3354
1 36 38 46 54 55 56 57 72 73 74 77 92 94 97:7899:-1009 312 417 54 343 706 320 794 1369 16 628 1400 1641 333 575
48 67 76 82 83 92 94 95 97:15823:175 379 2119 1357 186 4571 4044 1703 1289
74 82 83 86 92 94 95 96:18903:68 832 3595 6997 4995 1196 665 555
1 92 94 95 97:3003:-360 1663 137 396 1167
1 65 82 92 94 95:3259:-1080 289 1990 1194 239 627
1 82:3027:-1780 4807
1:-8960:-8960
29 64 65 66 69 70 75 76 77 80 88:22410:395 863 2190 1302 1776 7917 2876 1237 527 2460 867
1 46:-2018:-2098 80
1 48:-2777:-2870 93
1 38 54 63 72 73 74 77 82 86 87 88 92 93 94 95:19737:-1831 509 24 305 842 181 87 260 4039 5614 1268 482 4914 131 1607 1305
86 87 89 92:5410:3248 1039 902 221
1 16 72 74 82 92 94:5847:-360 16 179 173 3124 2171 544
1 36 38 47 65 82 86 87 89 92 94 95 99:25087:-1832 110 709 65 133 5963 6535 1695 4162 3441 777 2934 395
1 38 74 82 86 87 88 89 90 91 92 94 95:36400:-590 74 56 9351 11682 2821 331 1564 2310 889 4751 293 2868
1 36 38 47 49 72 73 74 82 86 87 89 92 94 95 97 98:26132:-2194 95 649 34 252 72 189 222 9707 4322 2658 1350 5550 844 1247 516 619
1 47 82 86 87 88 89 90 91 92 94 95 96:37639:-1080 111 11605 11809 2469 717 1841 598 561 5509 1313 1506 680
63 65 82 92 94 97:5881:278 687 2833 1179 393 511
1 82:2041:-2430 4471
1 82:22679:-884 23563
1 82:17088:-2284 19372
1 26 57 63 64 65 69 72 80:14196:-6075 496 1257 541 781 1082 1692 1631 12791
1 65 72 82:382:-4872 1084 277 3893
80:10366:10366
1 82 84 85 92 93 94 95:-42169:-46500 837 262 296 1440 144 959 393
1 29 36 38 72 74 82 86 92 94 95:22083:-1105 970 213 341 356 477 3677 10011 5061 1368 714
1 13 42 48 53 56 65 74 78 82 86 87 92 94 95:18507:-360 49 349 15 2988 2461 1437 328 707 2677 2709 2208 1779 175 985
1 46 72 82 92 94 95:7936:-720 38 332 6471 1050 228 537
46 64 83 86 92 94:9647:41 240 1759 6437 458 712
47 53 82 92 94 95:4322:55 48 1590 1429 363 837
1 72 82 83 92 93 94:12518:-405 143 1675 9528 1228 105 244
1 38 47 72 82 84 86 87 90 91 92 94 95:32409:-426 437 138 504 7322 233 8123 3637 4783 1506 3899 1092 1161
72 77 92 94:1240:173 552 113 402
1 3 26 29 38 54 56 63 65 66 72 73 74 75 76 77 80 82 86 88 90 92 94 97:90749:-8227 117 602 719 152 3020 929 1216 776 3054 3213 167 295 2464 1381 1333 2757 25176 7248 231 36569 2556 2924 2077
48 65 69 74 82 86 87 88 92 93 94 95 96:27457:16 1014 1608 110 4448 1970 986 784 5026 242 9370 1270 613
81:13227:13227
1 48 55 64 65 72 73 74 75 76 77 82 86 87 92 93 94 95 97:44358:-2359 205 263 407 163 172 25 46 678 541 516 9742 20524 6958 2697 162 1894 1041 683
1 48 64 65 74 82 94 98:2481:-1052 245 154 605 13 1547 190 779
1 16 36 38 42 47 50 56 65 72 73 74 76 82 86 87 92 94 95 96:39976:-1439 104 233 327 354 25 241 730 192 265 230 614 676 11985 10679 521 7800 3460 2490 489
1 92 93:172:-360 379 153
36 47 72 74 82 83 86 87 89 91 92 93 94 95 97:24517:129 135 31 44 1717 168 3816 596 6588 3417 4694 332 655 1662 533
1 38 47 48 64 74 82 86 87 88 89 92 93 94 95:20156:-350 137 92 14 84 92 6681 4475 1361 375 729 4062 372 1739 293
38 47 65 72 74 75 78 82 83 92 94:4662:379 151 106 571 664 566 359 814 163 531 358
1 38 63 64 65 72 76 82 86 87 89 92 94 95:30593:-1454 589 108 179 114 200 2428 5850 14877 1733 335 4037 387 1210
65 70 76 82:21355:669 3154 782 16750
1 7 26 54 56 57 63 64 65 72 73 74 76 77 82 85 92 94 96:24092:-2232 270 482 2872 261 503 355 506 4269 356 165 454 5753 251 8132 157 377 426 735
1 38 47 65 82 83 86 87 89 92 94 95 96:24435:-710 111 43 204 5474 1251 7673 1959 1490 5021 816 610 493
1 2 38 47 51 65 72 73 74 76 82 86 88 90 92 93 94 95:36490:-12693 56 314 92 1441 437 429 354 662 1550 3584 5959 183 29655 1135 679 1995 658
47 67 72 82 86 87 92 94 95:24090:78 246 54 11294 3214 2344 3715 1126 2019
1 54 72 75 84 87 88 92:5667:-42 161 1686 2730 244 232 130 526
46 57 73 74 94:1172:86 216 255 76 539
72 74 82 86 92 93 94 95 96 98:6762:98 21 1735 1008 1511 471 380 371 665 502
1 72 92 93 94 95 97 99:9817:-324 436 4284 157 1409 2979 566 310
1 36 74 92 94 95:11040:-253 534 102 6837 2688 1132
1 38 67 72 92 94 95 97:14032:-300 370 190 109 9232 1570 2261 600
72 74 94:580:220 85 275
74 82 86 87 89 92 94 95:23342:45 3457 10114 1451 1563 4387 692 1633
1 82 92 95:3744:-650 1517 977 1900
1 3 47 72 74 82 86 89 92 93 94 95 96 97 99:18301:-375 68 134 138 90 3170 3544 379 5518 369 1367 1920 564 638 777
72 82 94:1618:156 1309 153
1 82 86 89 92 94 95:16647:-677 1009 11591 1071 3119 111 423
92 93 94 95:3438:1655 207 847 729
86 87 92 95 99:2663:1483 265 308 272 335
73 82 86 92 93 94:3086:66 1446 1025 205 104 240
38 72 82 87 92 94:5863:122 162 2623 535 2114 307
38 72 92 94 95:5082:211 319 3314 1028 210
92 94:4110:3600 510
92 95:1977:1712 265
1 92 93 94:-9342:-10119 516 112 149
92 93 94:717:382 112 223
1 38 47 54 55 57 64 65 67 68 70 72 74 76 77 78 82 83 86 92 94:31929:-943 113 60 250 357 104 162 570 1199 2868 2708 988 332 1217 658 263 8886 1159 9332 897 749
69:4726:4726
1 65 74:179:-562 545 196
1 36 38 64 65 67 72 74 82 83 92 94 95 96:17926:-1072 121 354 15 1674 330 36 293 11335 1308 1594 1062 273 603
1 42 46 63 67 82 86 87 88 92 93 94 95:11372:-360 352 52 287 670 1987 2176 983 130 3663 111 194 1127
1 10 12 29 31 38 65 69 72 75 76 77 79 80:38649:-3875 8982 69 52 699 104 1563 1635 953 593 1950 4335 482 21107
1:-360:-360
1 47 63 69 72 76 78 82:3976:-12469 32 1740 2845 259 1611 864 9094
70 97:64120:60779 3341
63 65 72 74 82 92 93 94:11137:562 288 150 236 8381 1071 84 365
1 20 47 48 63 72 82 86 87 92 94 95 97 100:24450:-1521 193 31 61 359 110 14530 1208 1002 3967 73 2962 509 966
1 3 26 46 47 56 57 58 72 73 78 82 86 87 89 92 94 95 97:27971:-870 94 209 202 200 185 469 1069 266 19 309 6658 3063 1800 541 8171 116 4805 665
1 40 46 54 72 73 75 76 80 82 87 92 95:13952:-830 717 17 218 851 302 1547 2904 4886 1021 477 881 961
1 5 16 36 38 42 43 46 56 63 64 65 67 72 74 82 87 92 94 95 97 99 100:30267:-4930 278 54 468 453 807 189 75 252 156 235 6047 2166 789 184 11291 2789 4462 596 2259 525 422 700
1 65 78 92 94:18631:-1000 287 18172 1051 121
1 42 82 86 89 92 94 95 97:18973:-403 244 2899 5167 680 7444 263 1569 1110
1 9 13 27 42 47 48 67 72 80 82 87 88 92 94 95 97 99:16663:-4360 3547 842 49 745 99 186 2040 105 1646 2231 358 1222 2793 174 3552 562 872
1 63 72 75 76 77 92 95 97 99:6690:-3600 50 369 728 637 326 2377 652 530 4621
1 92 94 95 97 99 100:4573:-2000 548 443 1922 1146 1687 827
38 55 92 95 96 97 99 100 101:23392:279 55 1664 6362 611 1743 8300 1856 2522
99:1609:1609
92 94:461:351 110
1 50 63 72 73 82 87 92 93 94:5392:-814 388 1335 1054 58 1274 452 428 249 968
70 75 92:13181:5097 7915 169
1 75:184965:-60389 245354
76:17431:17431
61 77:1548:1398 150
1 26 27 28 29 31 53 54 55 56 57 58 63 64 65 67 72 74 76 77 78 80 82 87:118745:-97760 286 404 516 220 415 718 5441 2990 3519 679 3140 1067 590 735 1041 1332 839 4205 4480 174670 7669 1089 460
1 54 63 64 66 72 77 83 92 94 95 97:4137:-3220 389 592 26 1440 260 224 1696 630 282 944 874
57 63 64 72 74 75 76 80:6839:748 213 815 385 322 467 1317 2572
1 26 38 42 53 54 56 58 72 76 77 86 87 89 91 92 94 95 99:47984:-756 154 1098 755 1247 951 1148 94 283 930 834 13246 2085 5800 4904 6496 302 7975 438
1 38 42 72 82 86 87 89 92 94 95 97 99:41757:-2160 1031 656 449 1373 11075 8158 3385 5339 193 9609 1737 912
37 38 94:517:205 195 117
1 38 40 46 79 80 82 92 95 97 99 100:15364:-3534 1107 1520 29 154 4773 5681 841 1879 733 1482 699
1 36 38 42 43 46 47 54 57 58 63 64 65 72 73 74 77 79 80 82 87 91 92 94 95 97 99:54986:-2169 866 4048 2361 374 44 73 149 340 1037 460 20 339 4658 528 2119 1881 403 2004 14311 767 5469 4918 254 8069 1268 395
1 42 47 60 82 87 92 94 95 97 99 100 101:38888:-6087 1727 35 59 2091 485 3707 391 9896 1566 18524 3895 2599
1 20 38 40 43 56 73 76 80 92 94 95 97 99 100 101:39099:-8439 112 703 776 710 86 32 3340 12055 3136 290 5957 4806 11696 1346 2493
1 38 40 42 47 50 72 75 76 92 94 95 97 99 100 101:44169:-6074 1911 719 637 43 451 37 1132 9516 6111 65 9849 3754 12846 728 2444
1 63 64 65 67 72 75 76 78 80 81 85 92 94:41813:-3656 2916 718 2202 1391 32 7640 920 334 26920 1166 346 792 92
1 30 38 42 43 48 80 92 95 96 97 99 100 101:40483:-5000 100 964 10 178 33 1822 5053 5597 727 1779 23824 2169 3227
1 3 43 92 93 94 95 97 99:6503:-3000 92 418 400 80 586 3244 2213 2470
38 65 72 82 83 86 87 89 92 95:7482:131 276 249 560 2584 1894 594 352 280 562
72 74 82 83 92 95:6556:13 259 1533 2574 953 1224
1 38 77 82 86 87 92 94 95:6259:-1080 188 506 669 1169 1769 1927 209 902
38 72 76 82 86 87 89 92 94 95:9910:454 69 530 1183 3342 971 773 1007 413 1168
1 38 47 57 65 67 77 82 86 87 89 92 94 95 97 99:29335:-2000 329 48 13183 193 432 295 1836 3812 228 836 2564 743 1925 587 4324
38 47 86 92 97:3271:144 144 1244 956 783
38 72 82 86 89 92 95 97:8039:632 204 922 2661 373 1276 1423 548
1 38 54 72 74 80 92 95 97 99:5924:-4171 241 27 290 213 1780 643 4022 619 2260
1 82 92 95 99:5484:-360 1746 1495 2296 307
1 38 42 43 72 80 92 94 95 97 99 100:10890:-3279 260 246 20 178 3474 1477 199 257 1748 4528 1782
50 92 95:1400:550 450 400
1 43 95 97 99:3192:-1000 5 483 521 3183
1 38 92 95 97 99 100:-7:-5949 498 316 1317 628 2398 785
1 43 92 93 95 97 99 100:-2086:-11180 20 2185 93 1387 552 3185 1672
38 74 75 76 77 80 92 95 97 99 100:22026:1285 380 745 2824 2619 7384 2265 1315 912 1369 928
1 3 38 42 49 55 64 68 73 74 76 77 92 94 95 97 99 101:22208:-6070 295 1218 1196 254 1621 1032 2273 1678 203 6084 251 4049 1015 3206 1138 395 2370
1 46 47 49 68 72 73 92 95 99 100:8250:-4000 45 50 286 1464 493 155 1787 4254 2964 752
42 72 76 80 92 95 99 100:10487:410 175 926 5169 474 1530 1013 790
1 75 76 77 92 95 99 100:1132:-5066 1196 719 570 485 464 1886 878
1 21 38 42 47 72 74 75 76 92 95 97 99 100:256:-27402 200 200 1151 124 112 135 2617 1970 3045 9313 1410 6679 702
1 30 38 43 77 82 92 93 94 95 99 100:10735:-15680 126 683 68 303 5639 5534 343 60 7892 5103 664
1 43 47 74 87 92 94 95 97 99 100:6970:-11000 8 57 280 493 3415 667 3185 2523 6606 736
1 42 47 64 72 75 82 92 94 95 99 100:-16696:-30723 342 197 161 259 3297 6226 677 1127 191 878 672
1 26 48 54 56 64 65 67 76 77 92 94 95 99:6164:-2052 118 52 656 105 39 34 164 3005 154 666 317 1533 1373
1 40 42 47 48 76 77 92 95 99:4459:-1346 941 753 149 75 1004 160 1100 335 1288
1 47 92 94 95 96:2906:-1260 168 2390 50 952 606
1 38 76 92 95 97 99:6723:-1062 79 481 1367 1887 1124 2847
48 65 82 92 94 95:5757:40 594 465 3388 752 518
1:-3274:-3274
1 36 38 46 47 48 50 64 72 73 80 82 83 86 87 92 93 94 95 96:26680:-600 129 805 113 126 69 240 83 142 104 870 9272 318 2529 289 8031 230 2231 1181 518
1 3 30 38 46 47 63 64 65 72 74 77 82 83 87 88 92 93 94 95 96 97 100:21313:-2400 24 35 156 232 158 78 448 184 87 369 356 2746 264 500 190 10188 581 2660 1667 507 1610 673
92 94 95:1235:476 182 577
1 74 86 92 94 95 97:5405:-300 444 148 2950 629 1004 530
1 94:-1860:-1985 125
1 20 46 73 82 92 93 94 95:5033:-300 67 149 62 3041 860 248 747 159
1 47 49 54 63 64 65 72 73 74 77 82 83 87 88 92 94 95 97:16427:-964 95 250 663 600 184 1311 1159 60 87 553 3858 803 1362 939 2982 1260 711 514
1 31 38 46 48 64 65 67 70 72 73 74 76 82 83 88 92 93 94 95:19672:-300 90 265 202 212 243 328 587 2600 242 35 231 530 1424 438 601 4146 1684 4300 1814
94:332:332
48 64 72 82 83 87 92 94 95 97:6926:45 304 53 3000 363 469 608 293 1182 609
1 4 38 63 82 92 94 95:6334:-360 64 406 942 2418 2158 189 517
1 17 36 38 54 55 56 57 63 64 65 72 74 75 76 77 78 80 82 83 84 85 86 87 88 92 94:37913:-360 2563 203 263 84 563 449 129 234 617 1149 2852 1592 771 1527 4010 466 1975 4160 81 288 199 12278 559 96 810 355
1 63 64 66 69 75 77 80 81 94 97:30871:-44202 102 170 1279 2500 544 334 2466 66951 131 596
1 47 63 64 65 66 68 69 70 73 74 76 80 81 88 94:-67430:-215902 135 1812 289 1254 5150 1659 8872 10776 87 100 27577 14606 75740 109 306
1 2 48 82 92 94:-2178:-9167 108 78 5877 545 381
1:-1080:-1080
64 65 66 67 68 69 80:33375:380 2855 14999 3377 1534 1776 8454
76:984:984
69:4655:4655
1 64 65 72 92 94:1880:-858 75 818 102 818 925
1 65 72 76 93 94 95 97:3611:-720 771 151 1319 543 484 267 796
76 82 94:2040:654 1311 75
48 72 73 82 87 92 93 94 97:5661:50 389 96 1347 248 2008 214 675 634
17 36 38 74 80 82 86 87 91 92 94:34964:91 338 230 23 3878 14201 9618 2894 1679 1653 359
1 38 41 82 92 95 99 100:6229:-1887 353 503 3781 1124 1390 263 702
38 65 72 75 80 82 86 87 92 94 95:21811:229 259 469 527 755 6261 1498 780 6810 669 3554
1 36 38 46 63 64 65 75 82 86 92 94 95 99:17789:-720 233 197 50 163 166 172 623 5205 846 7361 329 2601 563
1 36 40 55 72 77 82 86 87 89 91 92 95 99:37580:-1080 423 776 12 596 469 9496 6134 459 2753 3057 6174 7160 1151
1 27 36 38 47 63 72 73 74 77 82 86 87 89 91 92 93 95:51019:-2040 106 279 1237 89 175 587 67 281 483 16269 15283 4760 5163 923 4554 436 2367
1 46 48 72 74 80 82 86 87 89 92 94 95 99:19282:-2278 93 153 288 158 5094 2830 1395 465 386 5009 975 4075 639
82:1132:1132
1 26 63 64 67 72 74 77 80 82 92 94 95 99:10988:-2424 346 355 284 267 246 25 2354 817 6784 713 538 285 398
38 47 63 72 79 82 92 94 95:9607:967 42 244 1419 328 556 3090 304 2657
1 27 38 47 79 82 83 86 92 93 94 95 97:30806:-720 28 288 65 41 13259 367 12194 2190 85 114 2319 576
1 36 38 47 82 92 94 95:3590:-720 203 722 81 610 1608 263 823
1 38 76 77 82 87 92 94 95 99:6907:-3131 212 2390 32 2546 1390 1574 108 1343 443
1 6 55 65 82 92 93 94 95:11223:-1993 250 261 163 3718 5365 190 617 2652
1 38 42 64 65 72 74 75 76 77 80 82 83 87 88 91 92 94 95:2647:-57942 1193 223 318 188 1755 28 1075 7823 1320 3111 18462 9203 6816 1084 4511 1818 240 1421
26 54 72 92 94 95:2284:90 687 14 938 291 264
1 19 30 38 47 55 72 82 87 92 94 95 97 99:7500:-1000 35 101 278 40 7 121 1844 610 2578 447 1193 591 655
1 16 26 38 46 47 54 56 72 74 77 82 83 86 89 92 94 95 96 99:32160:-360 28 39 175 132 48 208 93 266 162 1125 14866 803 2585 1205 7590 676 1412 646 461
26 28 34 38 46 53 54 55 57 63 64 67 72 74 76 77 82 86 92 95:30136:920 397 27 1105 56 1529 626 541 337 1470 250 740 3046 1085 2339 4258 1455 8246 1349 360
72:432:432
1 38 46 82 86 87 92 94 95 97:17670:-360 219 162 8178 2132 537 3306 692 2174 630
1 36 38 48 55 72 82 83 88 92 93 94 95 97:12454:-360 82 148 91 12 241 4483 223 136 4762 162 595 1243 636
1 16 38 46 47 65 74 82 83 86 88 92 93 94 95 97:20479:-798 14 158 37 106 150 296 9370 653 1693 651 5176 132 481 1817 543
1 38 72 74 82 92 94 95:1665:-1715 248 400 20 660 1010 402 640
1 42 43 47 72 82 86 87 92 93 94 95:25702:-720 307 423 104 42 9202 3198 1104 5323 112 1372 5235
1 47 48 64 74 92 93 94:-1854:-5474 99 39 167 369 1139 556 1251
74 92:553:55 498
1 48 64 65 72 73 92 93 94 96 97:5275:-1320 101 162 536 31 142 2907 240 1307 616 553
1 48 82:-12403:-14576 65 2108
1 16 82 92 95:3375:-2438 20 4222 1380 191
1 47 57 63 72 73 75 82 86 87 92 93 94 95 96 97:21374:-5606 90 328 528 119 120 441 9516 784 291 7578 181 1121 4278 486 1119
30 46 47 74 92 93 94 97:2961:33 87 55 90 685 296 1179 536
1 92 93 94 95:2456:-1113 1879 196 672 822
92:236:236
72:39:39
1 82 86 87 89:-1918:-22132 4205 13158 1051 1800
1 17 74 82 86 87 92 94 95 97:9830:-11985 186 132 5330 8167 746 4723 825 1192 514
1 46 65 82 87 92 94 95 96:5212:-2500 73 100 3268 723 1876 630 542 500
1 17 65 82 86 87 89 92 94 95 97:35530:-2211 22 397 27549 4563 464 720 2352 282 798 594
1 73 82 92 93 94:1463:-2263 195 1479 689 824 539
1 46 73 87 92 94 95 97:6725:-720 172 128 691 3762 1132 928 632
1 47 73 92 94 95 96:3969:-1440 108 43 3654 774 214 616
1 46 47 48 51 65 72 73 74 75 82 92 93 94 96 97:16707:-1530 248 88 229 250 222 119 329 285 507 720 6594 1761 5193 1140 552
1 46 64 73 92 93 94:2564:-853 103 76 65 1911 444 818
46 48 92 93 94:1331:58 36 676 70 491
1 46 48 72 74 92 93 94 95:-1938:-12251 101 32 611 101 4516 845 3747 360
1 48 64 92 93 94 96:4489:-1259 59 75 1556 1118 1961 979
1 48 72 82 92 93 94:3463:-4429 27 974 3566 1935 191 1199
1 48 63 82 92 94 97:3651:-360 134 139 834 1561 783 560
72 93:372:76 296
1 48 92 93 94:28:-871 176 392 146 185
1 46 47 48 73 74 78 92 93 94 96 97 98:8384:-1625 40 41 170 220 314 281 951 1496 3338 781 1885 492
1 48 50 92 93 94:1142:-1179 35 665 990 291 340
1 46 48 73 74 92 93 94 97:6893:-2143 230 208 26 120 1880 1435 2999 2138
1 46 47 48 51 65 92 93 94 96 97:4354:-720 56 225 269 451 78 753 487 599 1613 543
1 46 63 72 74 82 92 93 94 96 97:-182569:-194523 116 257 145 354 678 3601 1201 3352 1562 688
1 73:-3266:-3331 65
1 46 48 65 72 73 74 92 93 94 97:4267:-3366 81 114 157 127 124 72 2401 968 2514 1075
48:35:35
1 46 48 73 92 93 94 95 97:4117:-412 131 81 49 1625 887 949 266 541
1 50:-1760:-3849 2089
36 48:384:329 55
1 46 47 48 92 93 94:-2764:-5004 194 32 134 620 965 295
1 4 46 48 63 64 72 73 74 92 93 94 96 97:9684:-3765 229 172 50 249 478 357 94 77 4147 1480 2151 2591 1374
92 94:1274:959 315
1 64 74 82 83 86 89 92 93 94:20005:-14117 265 244 5012 74 26567 740 731 179 310
66:10355:10355
1 48 65 73 82 92 93 94:1486:-1055 72 679 189 426 617 418 140
1 2 86 89:19674:-8023 113 25446 2138
1:-361:-361
1:-8635:-8635
1 94 96:1036:-410 925 521
1 46 47 48 51 64 72 73 74 82 86 92 93 94 97:28617:-1140 107 84 113 361 48 514 327 75 1877 17625 2745 1989 1003 2889
92 94:1981:681 1300
50 75 92 93 94 96 98:5097:265 462 138 1396 1401 794 641
1 46 48 64 65 72 73 74 75 92 93 94 96 97 98:13017:-4878 240 502 286 137 221 84 163 445 5236 1767 3972 1972 888 1982
1 46 48 63 72 74 92 93 94 96 97:11192:-1339 319 462 203 438 272 4510 1792 2922 1019 594
1 46 48 73 74 92 93 94:5723:-1686 75 61 92 45 3448 1356 2332
1 94:-492:-1062 570
1 36 38 46 48 65 72 73 88 92 93 94 96:6833:-360 108 543 16 53 142 22 225 693 1880 376 1869 1266
1 46 92 93 94:2593:-360 91 1739 447 676
46 93:285:50 235
93 94:561:290 271
1 73 74 92 93 94 97:-3407:-6112 384 41 386 403 699 792
48 73 78 92 93 94:4411:463 100 457 1422 715 1254
1 48 74 92 93 94 97:-454:-2358 46 26 254 210 850 518
1 82:4179:-12974 17153
73 82 92 93 94 95:5182:97 582 1761 400 1782 560
1 86 92 94:9561:-2572 11598 217 318
1 64 92 93 94 95 97:-20495:-25803 98 633 509 1580 709 1779
1 92:-3496:-3942 446
1 48 93 94 96:1218:-560 115 92 522 1049
1 46 48 73 92 93 94:3159:-360 53 29 62 1126 606 1643
1 48 92 93 94 96 97:320:-3980 139 901 942 446 738 1134
94:256:256
1 36 46 48 64 74 75 92 93 94 96 97 98:2141:-7540 796 61 76 20 84 981 1728 1308 3012 558 523 534
72 92 94:838:83 585 170
47 48 74 92 93 94 96 97:3211:49 114 53 648 384 966 474 523
38 48 73 74 92 93 94:3864:374 75 15 72 1371 536 1421
1 92:-89:-360 271
1 48 94 96:331:-1080 70 693 648
1 3 4 36 46 47 48 63 64 66 72 73 74 78 82 87 92 93 94 95 97 98:-31387:-62931 35 31 586 400 54 190 40 368 1972 720 395 509 563 10106 544 5560 1563 3600 553 2808 947
1 3 4 29 36 38 42 48 63 64 65 67 68 72 74 76 77 80 82 84 86 87 89 92 94 95 97 99:17024:-37730 41 108 416 213 1522 791 94 1009 116 1642 369 942 3022 35 1865 1517 2515 18556 199 6337 1541 2930 2843 334 4899 584 314
1 82 86 87 92 95:37020:-6760 20084 20987 1381 863 465
1 16 72 82 86 87 92 95 99:18185:-420 16 246 3174 9620 988 1322 1184 2055
1 47 82 86 87 92 95:28561:-1680 92 17845 3821 2333 4166 1984
1 17 38 65 82 86 87 89 92 95 99:26776:-1020 175 179 1140 11143 4948 444 393 4636 4345 393
1 16 82 86 89 92 94 95:17817:-1680 17 7605 2160 390 5237 233 3855
1 82 86 87 92 94 95:22186:-895 6708 7032 1418 4542 72 3309
1 16 48 82 86 87 89 92 95 99:18992:-420 10 47 6518 4243 758 1260 4219 1997 360
1 38 63 64 65 72 82 86 87 89 92 94 95:24566:-8455 9 510 285 899 49 23111 1322 1285 873 3699 86 893
1 42 82 83 86 92 95 99:9798:-4704 40 4231 394 5882 1604 1894 457
1 47 82 86 87 89 92 94 95:17663:-420 72 3010 8893 468 788 1739 376 2737
1 72 92 94 95:-4741:-7420 255 1309 105 1010
1 53 58 77 82 83 86 87 89 91 92 95 97 99:46241:-3390 65 212 440 19801 61 11589 2427 1556 3686 4822 2691 1932 349
1 16 72 82 86 92:23001:-547 41 24 12559 10659 265
1 36 63 64 65 67 68 69 72 76 77:15623:-2470 78 4472 1136 5890 780 1381 1835 1099 631 791
1 63 64 65:5028:-560 2408 542 2638
1 82 86 87 89 92 95:6632:-7140 1941 7077 2309 369 1146 930
1 16 38 82 86 87 89 92 95:23058:-2495 38 285 10255 7995 444 750 4044 1742
1 16 46 82 86 87 92 95 99:29966:-1295 12 76 10413 8001 1965 4942 5552 300
1 3 38 76 77 82 86 87 89 92 95 99:36794:-1260 40 500 526 206 9645 10387 1158 1099 5607 7939 947
1 82 86 87 92 95 99:7625:-420 3058 926 461 1337 1968 295
1 2 38 56 63 64 65 66 67 68 72 74 76 80 82 86 87 92 94 95 97:35968:-11889 71 104 1997 5957 5240 6944 1787 1345 1715 1572 368 609 5136 7827 2853 660 2114 73 826 659
1 47 82 86 87 89 92 95 97 99:25448:-2016 387 8066 2706 2172 1181 2594 9623 512 223
1 38 47 55 72 82 83 86 87 89 92 94 95 100:34101:-4668 213 75 28 160 12490 395 9094 6272 399 5003 201 3731 708
1 38 47 72 82 83 86 87 89 92 94 95:41058:-1268 335 134 97 18167 791 14392 916 443 3508 227 3316
1 72 82 83 86 87 89 92 95:32427:-847 100 10925 747 7216 3334 1872 5446 3634
1 38 72 82 86 87 89 92 95 97 99:38547:-3015 979 437 20922 7367 1441 1551 4242 3634 512 477
26 54 56 72 82 92:3917:186 484 79 38 2278 852
26 77 86 92 95:3807:43 35 2802 497 430
1 4 26 36 37 38 42 49 56 63 64 67 72 76 77 79 80 82 86 87 89 92 95 97:115542:-11275 100 368 41 105 1683 29 241 1193 517 328 1076 3246 3080 3681 695 952 60198 31171 1410 4834 8882 2451 536
82:6721:6721
1 82:-10482:-10636 154
82:18278:18278
1 77 82 83 86 87 89 92 95 99:15970:-1680 598 6875 393 1591 499 820 3558 2466 850
1 48 64 65 67 72 74 82 86 87 89 92 95:-2501:-11100 28 593 341 531 242 352 2532 1090 987 335 1197 371
1 4 46 48 72 74 82 83 86 87 89 92 94 95 99:41395:-3360 50 58 63 467 199 21505 783 3232 2335 732 9710 77 5164 380
1 82 86 87 91 92 95 97 99:41209:-1688 15515 3116 1412 3554 10088 8298 634 280
1 42 72 82 83 86 89 92 94 95:20380:-1885 368 366 9618 788 4207 459 2823 178 3458
1 82 86 87 89 92 95 99:4867:-889 1480 1007 458 392 1036 1095 288
82 92 95:1646:468 215 963
1 38 72 82 83 86 87 92 94 95 99:28338:-4244 138 352 11728 6473 6656 4478 1218 185 896 458
82:8918:8918
64 80:1300:235 1065
1 36 63 64 65 66 67 68 72 75 77:16422:-8861 394 5238 1428 9011 1366 2166 2144 346 1389 1801
1 65 72 82 83 92 95 97 100:6853:-2270 518 326 3907 961 2008 260 512 631
1 76 82 92 95:14395:-554 941 11974 1753 281
64 72:468:335 133
1 63 76:1385:-1659 254 2790
1 63 65 66 72 92:1881:-3440 912 830 2039 436 1104
1 4 36 38 55 56 63 64 65 66 67 69 70 72 73 76 77:38149:-25531 75 275 525 106 450 8756 2058 15088 10346 5048 5004 9025 3765 128 2334 697
1 82 86 92:2548:-1714 578 3076 608
1 63 65 66 67 82 86 87 89 92 94 95 97:27353:-2458 856 1572 1364 490 10074 5586 227 1378 6354 291 682 937
1 38 46 48 76 82 83 86 87 88 92 94 95 97:53628:-720 207 50 12 1142 33365 1740 1131 468 1062 9918 621 3973 659
1 3 65 72 82 83 87 88 92 93 94 95:9279:-2464 71 736 211 2911 254 721 276 4550 65 573 1375
1 5 28 31 34 46 47 53 54 56 58 63 64 65 66 67 68 70 72 76 77 78 80 86 92 97:7267:-44980 277 1153 427 2709 171 65 4522 486 696 247 3911 1883 9402 2641 4772 983 2342 2136 4856 562 644 5944 357 558 503
1 82 92:608:-720 903 425
1 16 36 46 47 55 82 83 87 88 92 95:17711:-1485 5 126 64 140 18 13791 156 950 612 2558 776
1 42 82 83 92 95:8595:-720 85 3061 307 4020 1842
65 82 92:13337:574 12150 613
46 72 82 83 86 92 95:31074:4 40 9573 5628 14914 496 419
34 46 58 65 67 68 72 73 76 77 78 80 82 83 88 97:16303:69 51 730 2867 1413 1057 1098 135 665 1359 316 1167 4394 90 141 751
83:838:838
1 16 46 64 65 76 82 86 92 93 94 95 96 97:31929:-2493 3 76 336 764 1299 19143 9482 862 584 159 569 509 636
1 40 82 86 89 92 94 95:8300:-5000 689 2039 5700 4015 339 200 318
1 48 82:-6975:-7851 37 839
1 31 36 64 65 72 74 82 88 92 93 94 95 96:7289:-3263 41 197 541 290 55 56 4407 509 1837 434 1152 433 600
17 72 86 92:56053:136 43 55800 74
1 75 92 94:-2241:-4217 1009 838 129
38 63 64 73 74 76 92 94 95 97:3919:83 499 254 39 79 475 548 979 458 505
1 38 48 72 92 93 94 96:5388:-890 255 49 68 3758 162 1465 521
1 17 86 92 94 95 97 99:34541:-2262 138 22946 7813 328 3594 1044 940
92 95 99:8863:3287 5038 538
1 64 72 92 94 95:4657:-1440 54 110 4312 1188 433
92:961:961
94:201:201
1 92 95:-16045:-17581 754 782
1 92 94 95 99 100:7303:-1104 3776 397 2428 1086 720
1 92 95 99 100:7152:-1715 2948 3975 1270 674
1 2 46 48 73 82 83 92 93 94 95 96 97:9589:-953 129 86 109 53 2673 952 2331 846 1782 498 507 576
1 92 94 95 97 99:22875:-2636 6992 407 11647 3654 2811
1 92 94 95 96 97 99 100:18886:-1227 5676 197 8919 480 1153 3010 678
1 82 87 92 93 94 95:11394:-798 6519 441 3260 153 1131 688
1 92 95 97 99 100:-11796:-34027 7204 9721 1261 2578 1467
1 83 88 92 95:3274:-360 265 95 2086 1188
1 92:-51:-761 710
1 47 63 64 67 82 83 87 92 94 95 99:20684:-3414 51 431 700 1056 8758 741 702 7597 312 3186 564
1 16 47 76 82 86 87 89:72798:-4700 7 47 899 35400 37894 2497 754
1 16 72 82:7958:-2000 10 275 9673
1 16 27 38 42 47 54 56 58 63 64 65 66 72 73 74 76 77 82 86 87 92 95 97:40822:-4077 30 50 357 292 81 3407 286 1106 2317 776 819 1768 1328 168 334 2429 1298 20850 5744 502 146 278 533
72:405:405
1 82 95:3789:-1080 4234 635
1 82 91 92 94 95:2063:-1686 462 1654 1131 148 354
1 72 73 82 92 93 94 95 97:5728:-1020 188 99 2105 1674 231 1277 592 582
63 80 82 94:4660:88 3215 1263 94
1 64 76 77 82 86 87 92 94 95:16161:-600 236 593 512 2696 10945 789 479 94 417
1 3 36 38 47 63 64 65 72 73 74 76 77 78 82 83 84 85 86 87 88 89 92 93 94 95:37709:-11458 53 289 593 239 318 597 1102 1904 403 857 1947 645 345 8811 240 927 222 19998 1787 263 663 4888 281 1478 317
1 16 38 56 82 83 88 92 94 95:9113:-720 10 345 351 3664 578 218 2215 1119 1333
1 38 92 94 95 100:1809:-360 359 502 415 218 675
38 47 65 74 77 79 82 83 87 92 93 94 95 97:14568:773 130 121 93 2109 62 3744 1094 452 3766 278 1044 385 517
1 47 50 63 65 88 92 93 94 95:4309:-724 59 226 350 709 826 703 299 968 893
1 38 47 82 83 92 95:5323:-785 470 73 1149 432 3157 827
92:380:380
1 36 73 74 76 92 93 94 95 99:-3968:-10962 94 158 169 498 2515 187 2732 216 425
1 72 73 74 75 82 88 94 97 98:3697:-1084 143 30 390 724 1293 200 670 624 707
1 82 83 92 95:5862:-748 5204 471 602 333
31 38 82 87 92 94 95:8502:45 36 5089 943 2082 69 238
1 82 92:3157:-1350 4113 394
1 82:1568:-289 1857
1 38 47 82 83 92 93 95 97:3991:-1440 138 253 553 398 2670 190 712 517
1 38 46 64 73 82 92 94 95:6826:-2520 582 62 409 51 2577 4045 640 980
1 46 63 64 74 82 92 93 94 95:10464:-720 188 170 664 112 1644 5680 194 1665 867
1 3 36 38 51 74 82 83 88 92 93 94 95 97:12465:-720 68 157 259 221 17 2370 86 353 5490 200 2444 752 768
1 46 72 73 74 82 83 86 92 93 94 95:14668:-360 164 411 71 32 1695 354 739 8913 548 1600 501
38 47 64 65 72 82 92 95:4676:11 58 380 282 78 495 3140 232
1 38 48 49 64 65 67 72 74 82 83 87 92 93 94 95 96:13294:-752 632 36 739 330 1885 532 48 299 1504 366 662 4307 295 1617 321 473
1 3 26 46 48 54 68 82 87 92 94:9420:-1250 87 251 23 48 1404 942 4870 1051 1143 851
46 48:65:30 35
1 38 46 47 82 86 92 93 94 95 99:25260:-5487 20 82 32 15262 8100 5799 320 433 318 381
1 73 74 76 82 86 87 89 92 93 94 95 97:6471:-9607 112 65 683 8410 494 948 367 2074 61 119 1318 1427
1 38 46 86 92 94 95 99 100:3780:-3291 392 120 1864 1323 66 949 429 1928
1 72 92 94 95 97 99:3301:-4161 252 2771 85 2733 1158 463
1 64 65 92 95 97 100:965:-9000 136 370 4248 2065 2434 712
1 82 97:2863:-1825 3886 802
1 92 95 97 99:-5988:-13000 2301 1560 2172 979
1 92 95 97 100:802:-3000 760 1022 509 1511
1 49 65 74 92 95 97 99 101:1718:-13910 459 150 130 5672 4745 1605 1417 1450
1 92 93 94 95 97 100:7798:-1000 1370 248 326 4839 1246 769
1 47 77 82 95:-21543:-24877 63 465 2332 474
1 47 48 92 95 99 100:-1118:-10169 34 18 1751 3029 1953 2266
1 36 38 48 55 57 63 67 72 77 82 92 95 97 99 100:974:-14645 280 610 34 443 371 165 73 141 603 1474 1661 4707 1893 2506 658
1 92 94 95:-2181:-4091 425 224 1261
1 20 65 92 95 96 97 99:6730:-1891 169 302 1496 4660 513 525 956
82 83 92 94 95 99 100:20225:7895 5321 1358 122 2669 2223 637
1 46 92 94 95 97 99:2636:-8114 40 1011 164 5400 1134 3001
1 42 47 92 94 95 97 99 100:10729:-6000 638 74 2910 367 3739 2784 5364 853
1 92 95 97 99 101:7190:-2000 935 2051 517 4011 1676
1 38 92 95 97 99 100:2031:-8703 315 4330 3163 1093 1154 679
92 94 95 99:6838:2568 448 3161 661
1 92 95 99 100 101:2068:-3064 283 1763 498 1355 1233
1 92 94 95 99 100:4146:-6034 2213 66 3307 3259 1335
1 47 92 95 97 99 101:3844:-21916 102 3265 6602 1991 11192 2608
1 38 42 66 76 77 80 92 94 95 97 99 100 101:15452:-5258 368 573 3061 1086 452 4609 676 174 2660 892 2319 649 3191
1 48 50 92 94 95 97 98 99 101:2666:-17377 51 245 1355 360 4979 2991 682 7898 1482
1 92 95 97 99 100 101:13782:-1000 365 4872 1618 4608 1424 1895
1 95 97 99 100:4042:-3000 3051 1463 1804 724
95 99:2139:1600 539
1 92 95 99:1317:-2000 326 2274 717
1 42 73 76 92 95 97 99:17429:-7095 294 132 964 6379 7696 2297 6762
1 38 48 80 92 94 95 99 100:7513:-3065 341 45 1540 1629 227 2196 3346 1254
1 38 46 92 93 94 95 97 99:-7783:-12706 189 30 526 454 306 1349 1552 517
1 38 92 94 95 97 98 99:6409:-7620 501 3446 96 5525 1723 495 2243
1 46 47 74 92 94 95 97 99 100:3824:-14401 71 65 243 4225 178 4771 2326 5027 1319
1 42 64 68 77 92 94 95 99 100:4490:-10931 542 44 1154 1465 3208 416 2957 2972 2663
1 92 93 94 95 97 99 100:19931:-9960 4627 125 152 8847 2910 9781 3449
1 46 57 92 94 95 97 99:-3012:-16279 91 145 2596 111 5468 1085 3771
1 92 95 99:2246:-3030 1403 382 3491
1 92 94 95 97 99:3755:-2237 874 216 1697 1318 1887
1 4 77 92 95 97 99 100 101:13231:-4332 92 444 2931 5717 1165 5271 747 1196
1 77 92 95 99 101:1653:-3216 136 297 2260 1014 1162
1 92 95 99:1738:-5252 1191 2695 3104
1 92 94 95 97 99 101:9220:-3000 2758 114 2664 1828 3523 1333
94 95 99:2643:222 925 1496
1 46 47 50 92 94 95 97 99 100:9780:-5000 25 87 424 1710 88 3964 1175 6633 674
1 46 92 95 97 99:-649:-6116 49 969 1149 550 2750
1 40 92 95 97 99 100 101:15344:-5260 965 1779 6975 611 8218 697 1359
1 92 95 99:3715:-5000 2015 3094 3606
1 92 95 97 99:3157:-2000 1493 1001 526 2137
1 92 95:19:-1036 340 715
1 37 38 46 55 64 65 66 72 73 74 76 82 87 88 92 93 94 95 96 97:18681:-5021 78 149 180 72 680 1175 3031 2181 552 1409 2888 3937 336 1371 1653 364 1465 127 563 1491
48 74 82 83 92 94:5182:92 204 314 69 3140 1363
1 19 31 36 46 47 48 49 65 72 73 74 82 83 88 92 93 94 95 96 98:40510:-724 117 185 283 398 353 73 274 229 643 57 571 1530 16707 7896 4189 1079 4454 591 1105 500
46 50 64 82 92 93 94:6655:188 260 108 1404 759 1917 2019
1 48 57 63 64 65 72 73 74 75 76 78 83 85 87 92 93 94:15142:-690 51 307 525 510 130 1323 153 1173 1079 637 268 6399 142 366 1283 215 1271
1 2 46 47 48 64 65 72 73 74 76 92 93 94 95 96 97:20273:-1440 72 428 308 136 813 446 118 178 127 475 7900 1317 6565 281 1484 1065
48 92 93:364:79 131 154
4 92 93 94 95 97 99:4834:11 2300 589 840 295 545 254
46 47 48 64 72 73 82 92 93 94 95 96:29237:507 264 25 478 120 128 4870 8302 1296 11165 1130 952
1 46 47 48 49 64 65 72 73 74 82 83 88 92 93 94 95 96 97:22366:-720 383 172 196 294 258 270 384 195 383 1800 183 547 7364 857 6690 1012 1501 597
64 65 67 72 73 74 80 83 92 94 97:6298:400 209 393 582 50 32 1082 1530 767 634 619
1 46 48 49 65 72 73 74 82 92 93 94 95 96:21697:-540 331 124 246 320 265 252 234 3122 6111 710 8041 516 1965
36 46 47 48 64 65 72 73 74 82 92 93 94 95 96 97 98:19312:268 37 667 238 62 52 37 146 72 859 4961 1653 6759 1507 952 563 479
46 48 50 65 69 72 73 78 92 93 94 95 97 99:16245:50 45 231 309 3837 18 104 300 4721 100 4811 422 1089 208
36 46 47 73 74 75 92 93 94 95 96:11686:604 53 565 123 152 597 4280 258 4267 241 546
47 82 92 93 94:4996:165 619 1704 205 2303
1 36 46 49 64 72 73 74 75 82 92 93 94 95 96 97 98:15214:-720 206 205 242 59 225 98 86 558 565 4586 627 5943 627 811 529 567
1 65 74 82 92 94 95 99:3544:-360 683 14 558 1286 808 269 286
1 46 64 65 72 73 74 83 92 93 94 96 97:15400:-360 369 54 398 1333 59 629 169 4566 2723 4461 481 518
1 36 46 47 49 65 72 73 74 78 85 92 93 94 95 96:17566:-1080 275 118 183 314 305 246 92 127 367 181 9293 320 6005 330 490
1 2 36 46 47 48 72 73 74 82 87 92 93 94 95 96 97 98:19958:-720 32 153 672 53 58 51 303 141 2394 263 7704 658 5481 234 1218 711 552
1 74 83 92 93:6032:-1236 74 6698 326 170
1 82 92 94 97:-18150:-27989 8340 275 652 572
1 82 83 92 94 97:5581:-648 1262 1590 645 164 2568
1 92 98:46:-1302 647 701
1 46 49 73 74 92 93 94:2984:-1280 288 282 83 240 1101 726 1544
1 72 73 74 92 93 94 97:8794:-1080 73 143 43 5264 554 3184 613
1 67 68 72 73 78 92 93 94:2740:-2335 328 2277 293 100 286 751 555 485
1 37 46 48 63 64 65 67 74 75 76 82 83 92 94:17292:-21068 70 27 101 267 1362 2068 1420 307 710 1393 19829 8139 884 1783
1 46 48 63 65 67 72 73 74 92 93 94 96:11552:-420 305 56 502 248 474 105 242 129 3217 564 4663 1467
1 46 51 72 73 74 92 93 94 96:17064:-606 504 447 240 37 330 3421 2039 9453 1199
1 65 72 73 74 76 78 88 92 94 97:5757:-435 54 803 330 554 1046 380 604 392 1064 965
1 47 74 76 78 87 92 93 94 96:4085:-292 50 557 500 514 657 335 469 820 475
48 49 64 72 74 92 93 94 97 98:8392:149 315 96 78 92 2632 1462 2578 509 481
46 47 48 50 51 65 72 73 74 75 92 93 94 95 96 97:24473:183 54 370 250 792 163 308 459 247 456 5690 2314 11213 667 477 830
46 47 48 67 72 73 74 75 83 88 92 93 94 95 96 98:26547:220 130 245 95 119 197 110 628 10797 2886 3420 1332 5009 312 544 503
1 41 46 48 50 63 72 73 74 76 92 93 94 97 98:15252:-360 650 200 38 272 31 41 192 309 767 5144 904 5442 1097 525
1 47 50 72 73 74 82 92 93 94 97:12766:-2347 52 335 89 131 85 2841 3392 1111 5476 1601
4 48 51 65 72 73 74 77 92 93 94 96:9527:23 183 426 28 528 277 128 179 1392 707 4581 1075
46 48 72 73 74 92 93 94 97:10740:160 123 47 62 276 3834 1183 4397 658
1 47 93 94:12371:-181 30 45 12477
64 66 72 97:7473:438 6304 119 612
92 94:3065:223 2842
48 94:3970:60 3910
92 93 94:5134:60 52 5022
93 94:5549:109 5440
46 93 94:3834:53 206 3575
93 94:1730:151 1579
94:1190:1190
94:680:680
94:425:425
1 74 93 94:1567:-1281 20 108 2720
94:1870:1870
94:850:850
93 94:659:64 595
94:680:680
1 48 74 93 94:-4081:-6855 72 60 120 2522
1 94:2180:-200 2380
94:1360:1360
94:1970:1970
48 74 94:3877:35 72 3770
94:1682:1682
92 94:1920:390 1530
46 72 92 93 94:3426:77 13 96 83 3157
72 92 94:2785:40 365 2380
94:595:595
94:2635:2635
94:1700:1700
46 94:1151:11 1140
94:425:425
1 46 48 73 74 75 76 82 92 93 94 95 96 97:20829:-2605 292 306 288 65 932 1896 884 8856 1762 5212 758 1169 1014
94:1484:1484
1 74 76 82 92 93 94 95:5486:-1440 148 1113 821 2335 244 1921 344
46 50 73 82 83 87 92 93 94:9745:389 261 127 2708 370 386 1824 449 3231
1 46 47 48 64 65 73 92 93 94 97:6553:-1800 342 90 77 748 422 55 3156 1244 1712 507
1 46 94:-1072:-1293 76 145
4 46 47 64 65 73 74 82 92 93 94 96 97:8886:46 143 56 18 76 77 51 422 2794 385 2955 605 1258
1 2 38 46 48 72 73 92 93 94 95 97:-278241:-287444 26 213 95 206 15 107 3324 1698 1954 1032 533
47 65 92 94 96 97:3775:50 945 547 1204 520 509
48 92 93 94:2063:148 989 296 630
94:1105:1105
94:1445:1445
1 36 46 51 63 64 65 67 73 74 75 77 78 80 82 92 94 96 97:20358:-613 148 285 1203 695 909 1096 429 117 523 1203 2971 555 4071 1917 1477 812 1250 1310
1 72 73 92 93 94 95:6363:-813 133 42 3498 353 2873 277
1 47 72 92 93 94:8048:-400 173 367 4891 542 2475
1 94:-937:-1170 233
1 46 92 93 94 97:1787:-1000 85 771 242 958 731
38 46 72 92 93 94:7366:348 47 58 3790 154 2969
72:433:433
94:248:248
1 47 72 92 94 95:1023:-402 49 209 861 223 83
1 46 48 49 63 65 67 74 78 80 92 93 94 95:7047:-1111 143 68 262 352 609 327 195 355 1345 1444 308 2204 546
92 94:532:340 192
74 82 92 94 95:3445:243 1012 1546 285 359
1:-588:-588
46 47 72 76 82 92 93 94 95 99:8659:50 30 110 601 295 4932 152 1829 298 362
1 46 47 63 64 72 73 74 82 87 92 93 94 95 96 98 99:16501:-1136 55 102 354 366 356 145 15 1465 1657 6150 566 3110 1508 958 603 227
1 31 36 37 38 46 47 48 64 65 72 73 74 75 77 82 83 88 92 93 94 95 98:29058:-1672 71 628 120 251 54 973 141 1194 817 779 571 576 2710 316 3274 93 110 7689 1102 8512 259 490
1 2 36 38 46 48 50 51 64 65 72 73 74 76 82 83 92 93 94 95 97:22927:-1260 24 108 552 351 320 226 437 86 138 232 636 289 716 4323 167 7208 1042 5723 1085 524
47 63 72 73 74 77 82 92 93 94 95 96 97:23132:566 677 45 168 194 201 1730 10844 1037 6346 216 546 562
1 3 4 36 37 46 47 48 50 51 64 65 72 73 74 75 82 85 88 92 93 94 95 96 97:36943:-1091 100 34 218 82 230 204 235 761 516 255 303 434 875 365 787 1943 116 310 12293 2806 12788 762 993 624
1 36 46 47 65 67 72 73 74 76 82 83 88 92 93 94 95 96:49760:-360 329 56 159 72 115 334 72 147 1521 3300 19365 8122 8095 910 5939 1109 475
1 47 92 93 94 95:1203:-1830 133 1208 303 805 584
1 2 63 64 65 67 68 69 72 74 76 93 94:13888:-2472 37 2814 1001 1702 366 3020 2830 589 209 2967 563 262
1 65 75 76 78 92 94:3482:-360 512 1071 644 487 761 367
1 67 83 92 93 94:912:-2479 368 549 1702 145 627
46 47 48 49 67 72 92 93 94 95 96:9743:178 28 49 268 497 292 3715 818 3082 341 475
1 46 47 64 65 74 82 87 88 92 93 94 95 96 97:16488:-360 74 311 428 65 43 603 667 240 6965 803 3461 275 1081 1832
4 38 46 47 51 63 65 72 74 82 92 93 94 95 96:15336:96 446 258 220 350 45 698 389 32 459 4906 829 5510 599 499
1 36 38 46 48 49 64 72 73 74 82 87 92 93 94 95 96 97:15107:-724 89 291 83 62 306 255 24 71 174 993 320 7516 794 3035 527 605 686
1 46 47 51 63 64 72 73 74 76 82 92 93 94 96 97:25578:-360 141 308 392 320 429 574 241 194 1697 3352 6925 795 7892 569 2109
72 75 92 94:1812:443 589 361 419
46 63 92 94 99:2183:108 333 454 695 593
38 73 74 92 93 94 95:3585:229 100 437 744 58 1734 283
1 38 47 72 82 92 94 95 97:-3006:-11545 116 167 298 1974 1321 511 3581 571
1 47 93 94 96:18:-809 49 178 96 504
1 68 70 75 82 86:4060:-13235 1581 3470 902 11267 75
1 47 48 65 72 92 93 94:2040:-3019 65 54 275 87 2542 251 1785
92 94:1026:539 487
64 82 92 94 95:2982:64 425 1407 802 284
1 36 38 48 49 64 92 94 95 97:-1528:-9012 201 307 146 259 232 3170 225 629 2315
1 46 64 92 95 97:4076:-4411 67 239 3131 2586 2464
1 63 64 92 94 95:-8740:-13426 328 303 2772 94 1189
1 72 92 94:-1717:-3168 559 489 403
1 64 72:-3975:-6108 850 1283
1 36 65 92 94 95 97 99:-7732:-17246 242 903 2744 447 3423 1164 591
1 92 95 97:3310:-1004 1974 1767 573
1 47 92 94 95 97 100:-7757:-17432 48 4260 572 3590 550 655
1 38 48 64 65 92 95 97 99:-4435:-11181 350 150 742 106 3622 652 571 553
1 36 64 72 92 95 97:-31167:-38000 237 474 134 3153 1217 1618
1 36 67 73 74 92:-4597:-6229 387 474 206 109 456
1 2 38 44 48 63 64 65 72 76 77 80 92 94 95 97 99:-587:-13200 26 379 1421 45 58 150 371 99 5638 561 1000 578 175 605 1132 375
1 99:-15624:-16000 376
1 74 92 94 95 100:1531:-3150 101 1133 86 2477 884
1 19 36 38 46 47 64 65 66 72 75 76 92 94 95 97 100:-15944:-29401 141 57 135 45 128 472 452 1523 346 470 1300 3881 908 763 1276 1560
1 2 4 36 40 47 65 68 72 80 82 92 94:-83059:-109905 55 81 100 1263 39 153 943 60 1452 21630 630 440
1 36 43 47 48 50 63 65 72 74 75 77 80 92 94 97:-2554449:-2563988 178 1395 124 45 398 344 468 530 56 1298 271 1085 2456 203 688
66:1525:1525
1 80 94:-1653:-3497 1658 186
1 46 66 92 93 94:-23661:-28621 75 3203 1211 162 309
1 64 74 92 93 94 95:-2001:-6000 59 102 1750 68 1760 260
1 49 92 93 94:-1064:-3000 262 1097 190 387
1 93 94 96:-4327:-5224 115 99 683
1 94:-1752:-1992 240
1 46 63 67 72 73 76 94 95 97 99:1435:-5084 26 1045 287 196 62 1800 644 791 1019 649
1 36 46 63 72 84 92 93 94 95 97:-20152:-24629 136 119 393 450 480 775 555 556 467 546
1 38 48 51 92 93 94:1222:-2160 223 97 206 1692 136 1028
1 92 95 97 99:4155:-2387 2852 809 1658 1223
1 92 94:-52:-720 509 159
1 40 46 92 93 94 95 97:4073:-1264 1115 136 1786 239 577 819 665
1 92 93 94 95 97 99:-199:-6130 2152 94 138 1230 1059 1258
1 31 47 48 92 94 95 97 99:-10687:-15647 102 50 94 1773 1181 631 684 445
1:-43560:-43560
1:-7200:-7200
1 93:-11450:-11592 142
1:-46440:-46440
1:-13751:-13751
1:-11931:-11931
1:-1164:-1164
1 92:-69196:-69256 60
1 46 93 94 97:-8874:-10178 41 308 409 546
1:-7320:-7320
1 92 94:-11732:-12253 196 325
1 38 46 47 93 94 95 97:-7311467:-7315688 555 80 45 112 687 649 2093
1 92:-767:-1000 233
1 92 99:-83153:-84136 379 604
83:524:524
1 48 64 94:-1620:-2000 104 123 153
1 46 64 72 73 76 77 92 95 97 99 100 101:-12782:-37052 36 76 158 126 13919 397 2049 2147 723 1392 768 2479
1 47 48 49 92 95 99:-4983:-12196 68 38 557 2387 3859 304
1 47 73 92 94 96 97 100:-3716:-8575 37 117 1014 212 2142 588 749
1 46 47 48 92 94 95 97 99 100:-1582:-8859 83 187 60 2246 499 1266 539 843 1554
1 92:-3495:-4300 805
1 92 94:-12757:-13000 112 131
1 46 51 92:673:-2000 41 359 2273
1 47 92 94 95 97 99:-2136:-7253 55 1570 95 1767 561 1069
1 95 97 99 100:-4242:-10122 4263 509 414 694
73 92 95 97:1526:91 420 395 620
1 77 92 94 95 97 99 100:-6974:-24103 109 7692 375 5314 614 976 2049
1 92 95:-12894:-14686 1339 453
1 92 94:-2210:-3000 382 408
92 97:1482:756 726
1 92 95 97 99:-17212:-24465 748 214 609 5682
1 92 95:-1449:-1975 394 132
1 92 93 94 95:307:-1818 1078 153 697 197
1 92 93 94 95 98:2683:-1444 1896 272 831 606 522
1 92 93 94 95:2336:-2542 4163 208 178 329
1 46 92 93 95 99:-9512:-13320 112 2176 365 662 493
1 92:-882:-1980 1098
1 46 48 73 92 93 96:-420:-3015 15 29 39 1466 522 524
1 49 92 93 94 97:-4442:-8280 1049 499 1059 726 505
1 92 94 97:-6670:-11490 3896 411 513
1 46 48 92 94:-1067:-3240 16 11 2016 130
1 46 72 74 82 92 93 94 95:441:-4382 47 307 366 1434 1331 142 859 337
1 46 92 93 95:1101:-1866 133 1624 96 1114
1 80 92 95:-1370:-4680 2483 531 296
1 46 72 74 76 86 92 93 94 95 97:2310:-7524 118 81 55 1954 800 3054 1490 899 799 584
1 46 66 92 93 95 97 99:-414:-15663 58 5275 5358 270 1804 2096 388
1 40 48 65 80 92 95 97 99:-2619:-15502 1139 38 95 8460 1081 494 506 1070
1 47 64 92 95 97 99:-13158:-23841 73 51 3008 3551 2076 1924
1 46 47 63 81 92 94 95 97 99:-5238:-18525 187 42 1302 1276 2618 119 3444 571 3728
1 38 42 48 92 94 95 97:-4291:-8895 936 591 36 851 82 775 1333
1 46 72 74 77 92 95 97 99:2290:-3929 60 337 263 80 247 3498 1075 659
1 46 72 92 95 97:-565:-3730 139 88 1452 781 705
1 21 46 48 65 76 92 94 95 97:-5127:-13615 57 172 33 312 2239 2744 439 607 1885
1 40 46 48 51 76 92 94 95 96 97 99 101:-53861:-65286 821 30 61 249 944 2480 446 1977 543 538 629 2707
1 46 92 94 95:-5072:-10818 78 3441 601 1626
1:-1320:-1320
1 69 92:-3750:-5930 1928 252
1 77 92 94 95 97 100:-125445:-132015 119 3128 151 1409 581 1182
1 47 92:-52:-1092 146 894
1 48 77 92:1952:-2016 66 698 3204
1 92 95:-4376:-6700 2086 238
1 92 94 95:-2888:-3600 401 112 199
1 46 92 94:-2492:-3355 95 646 122
1 92 93 97:-2511:-3794 246 190 847
1 46 48 92 94:-3:-1524 101 18 882 520
1 46 47 63 73 92 94 95 97:66:-3914 18 60 284 97 1783 120 408 1210
92:923:923
1 44 70 72 92 93 94 95 97:-13580:-23740 1842 2993 83 1932 149 1468 613 1080
1 47 78 92 94 97:508:-4098 112 262 1243 695 2294
1 47 48 51 72 73 74 92 93 94 95:1282:-5557 98 212 615 98 84 65 2976 426 1410 855
1 47 64 65 92 93 94:-2017:-3694 76 208 167 483 177 566
1 3 46 47 48 92 94 95 96:3009:-5782 32 83 176 73 4666 1677 1617 467
1 46 48 92 94:-244:-960 29 126 162 399
1 92:-23968:-24353 385
1 46 92 94 95 97 99:1107:-4008 162 2237 173 1487 545 511
1:-19797:-19797
1 36 46 47 72 76 77 92 93 94 95 97:4454:-16925 159 108 36 255 4116 521 5124 121 672 8861 1406
1:-5187:-5187
1 47 64 92 93 94 95 96:-19432:-22500 38 95 1008 171 378 618 760
64:291:291
92 93 94 95:3549:1613 373 729 834
1 46 48 92 94:-7362:-8005 94 12 357 180
1 63 92 94 95:-6575:-7609 270 259 107 398
1 95:-3457:-3840 383
1 46 74 92 94 96:-2538:-4185 18 83 471 505 570
72 92 94:715:156 315 244
1 46 48 92 93 94 95 99:-2414:-7584 106 123 2241 276 895 415 1114
73 92 93 94 99:1567:75 495 174 303 520
1 65 82 92 93 94 96 97 100:-3539:-17255 1114 6872 1915 116 1784 533 592 790
1 46 92 94 95 100:-6460:-12831 61 4431 144 828 907
1 46 48 51 72 82 87 92 93 94 95 100:13517:-1980 124 52 282 49 8125 947 2355 200 1293 688 1382
96:483:483
1 46 73 92 94 96 97 98:-9592:-14496 19 145 636 446 1359 946 1353
1 46 48 64 73 74 92 93 94 95 98:-2419:-5649 36 73 103 49 143 977 160 354 508 827
1 94:-1519:-1595 76
1 46 48 51 92 93 94 96 97:-3740:-10000 58 414 1193 1103 690 1730 560 512
1 48 72 92 94 95:-7911:-10010 92 135 1013 450 409
1 46 93 94:-12128:-13900 30 366 1376
1 36 47 65 73 92 93 94:-7049:-8897 73 186 203 82 484 103 717
1 74 78 94 96:-37504:-39653 324 484 785 556
1 38 48 72 73 74 76 78 92 93 94 95 96 97:7652:-664 189 56 295 171 1086 573 299 2571 558 1124 332 535 527
92 94:6680:4954 1726
1 92 96:-981:-2072 562 529
64 92 94:3331:80 826 2425
72 73 74 92 94:3412:429 279 243 1235 1226
72 92 94:972:21 774 177
73 74 92 94 95:5217:6 200 4061 770 180
1 92 94:2150:-200 1784 566
92 94:651:309 342
1:-1015:-1015
1 47 48 72 92 93 94:1682:-1854 80 134 129 1721 749 723
74:276:276
94:273:273
93 94:505:199 306
65 72 73 76 92 94:1638:121 145 60 533 358 421
38 74 92 93 94 95:5892:195 432 2741 161 1915 448
1 36 47 48 63 64 65 72 73 80 92 93 94 95 97:-169913:-185211 90 114 110 334 292 1405 1095 98 4145 3809 523 1542 1159 582
1 47 65 92 94 95 97 99 100:-4687:-10129 88 353 1268 732 1088 508 523 882
1 36 72 74 92 95 97 99:-4682:-12474 19 211 58 3646 2550 529 779
1 47 48 87 92 94 95 97 99 100:-8779:-24756 91 34 1278 6133 310 2878 3096 1392 765
1 92 95 97 99:1632:-4202 3167 827 1175 665
1 72 92 94 95 99:-19436:-23791 178 641 410 2563 563
1 4 39 46 48 50 92 94 95:-55086:-62121 16 1484 32 38 362 3397 379 1327
1 46 92 93 94 95 99:-8440:-11803 236 1650 138 531 339 469
1 38 92 94 95 97:-6065:-10051 75 1309 800 570 1232
92 94:211:103 108
1 48 92 94 97:4390:-886 94 3484 1134 564
1 46 92 95:-230:-2625 81 1965 349
1 47 92 93 94 95:1340:-3819 175 3258 302 759 665
1 92 93 95:189:-1023 485 152 575
1 36 47 48 92 93 94 95 97:6493:-14153 570 105 110 12585 315 3165 1493 2303
1 30 46 48 92 93 94 95 96 97:1739:-13561 55 106 50 9113 860 1881 898 488 1849
1 3 4 36 82 92 94 95 96 97:285:-22791 142 58 534 10111 6066 2105 844 732 2484
92 95:754:437 317
1 38 46 47 64 82 87 92 93 94 95 97 99:-40923:-71993 166 139 28 104 16791 660 5674 359 1034 2091 3036 988
92:391:391
1 48 92 93 94:-4821:-6118 62 789 93 353
1 43 46 47 64 72 74 92 94 95 96 97 99:7244:-12709 874 94 60 341 231 184 9680 913 2897 597 2427 1655
1 47 74 92 93 94 95 97:1346:-6891 132 288 3600 245 1058 2393 521
1 31 46 92 93 94 95 100:2972:-6652 83 45 4543 235 2055 1935 728
1 92 93 94 95:234:-6150 3179 430 389 2386
1 40 48 72 73 92 94 95 97 99:3636:-8110 717 48 13 64 5870 1273 1997 1296 468
1 38 46 92 94 95:-2854:-9287 663 85 3724 496 1465
1 63 80 92 94 95 97:-8941:-19460 545 5430 2027 222 1518 777
1 92 94 97:242:-1520 982 222 558
1 92 94 95:-26181:-27297 715 78 323
1:-2533:-2533
1 46 92 94 95 97 100:-3074:-9000 23 2032 166 1636 1239 830
1 47 48 92 94 97:-3455:-10020 55 42 4129 695 1644
1 92:1175:-764 1939
1 92 94 97:-547:-4531 3198 147 639
1 47 76 92 94 95 97:-31095:-39689 176 1458 4325 1327 795 513
1 42 47 65 68 72 76 77 83 87 92 95 97:4128:-5470 830 131 330 942 299 1210 205 1009 862 600 2608 572
1 51 72 92 95 97:801:-3818 244 240 1012 1653 1470
1 65 92 94 97:231:-2012 525 908 202 608
1 65 92 93 97:-247:-5981 712 1503 162 3357
36 38 48 72 73 74 82 87 88 92 94 95:9085:145 441 199 734 34 310 2339 356 388 3320 132 687
1:-360:-360
1 46 47 92:624:-693 59 165 1093
1 46 64 72 92 93 94 95 97:732:-4078 131 335 300 1520 94 597 376 1457
1 92 93 94 95 100:-192:-2565 813 70 151 685 654
1 92:-886:-1220 334
1 2 47 92 93 94 95:-113:-2449 14 96 865 79 257 1025
1 50 73 92 95 97 99 100 101:-77228:-88968 688 156 1901 1395 4514 934 931 1221
1 46 47 48 72 74 82 92 94 95 96:9073:-3176 87 101 239 216 82 4119 4214 1220 1037 934
92 94:2983:2341 642
1 92:223:-360 583
73 82 83 92 95:3279:39 540 541 1336 823
1 36 38 47 48 64 65 68 72 73 76 77 82 83 86 87 92 94 95 96 97 99 100:33937:-6852 278 219 100 50 297 79 960 59 144 474 986 8508 812 1546 1527 13977 1295 5056 1073 588 664 2097
1 94 95 99:-1681:-4472 295 1551 945
1 47 74 92 94 95 97 99:3523:-9691 51 36 3482 293 4451 1990 2911
47 67 72 92 94 95 97:2550:59 446 45 375 519 601 505
1 47 48 65 72 73 82 92 93 94 95:6560:-1400 55 35 216 72 256 749 4307 399 344 1527
1 3 46 47 64 82 83 88 92 94 95:18995:-360 12 612 341 76 4896 377 520 9894 825 1802
1 47 72 74 82 92 93 94 95:2642:-5140 155 379 44 2113 3893 207 482 509
1 46 47 82 83 84 85 92 94 95:6921:-4043 55 52 2713 1483 344 195 5171 94 857
1 46 82 92 93 94 95 96:2050:-1605 108 615 1576 258 283 221 594
1 73 77 82 92 93 94 95:17031:-500 36 161 4028 5470 266 93 7477
1 92 94:-593:-1080 176 311
1 47 64 92 95:-463:-3352 22 36 2209 622
1 3 47 74 82 83 86 92 93 94 95 97:29550:-4165 12 153 63 11980 1678 470 13804 517 1471 3021 546
1 46 50 65 82 92 94 95:9174:-1012 153 267 162 3962 2445 1076 2121
46 82 83 92 95:5665:70 1008 1827 1744 1016
82 83 92 94 95:17262:10259 1324 4149 1276 254
1 47 82 83 92 94:3079:-1105 55 374 364 2955 436
1 82 92 94 99:2756:-1104 408 2767 284 401
1 82 83 92 94 95:5566:-1080 2973 376 2174 813 310
47 92 94 95:5514:296 4125 289 804
74 76 97:1761:77 1008 676
1 37 64 82 85 92 95:5911:-792 155 164 1685 324 3644 731
1 3 6 16 36 38 40 43 47 48 50 54 55 56 57 63 64 65 66 67 68 72 73 74 75 76 77 78 80 82 87 92 94 95 97 100:60374:-6467 43 140 39 108 338 961 1165 89 167 606 2080 410 241 1625 1564 2050 6819 1314 1460 2359 4493 526 295 1765 7226 1905 281 10009 7837 4548 1661 263 1176 597 681
1:-2564:-2564
1 82 99:980:-1091 1376 695
1 20 38 47 74 76 77 80 92 94 95 97 99 100:-13231:-41146 240 494 25 206 1014 2609 997 5045 416 5810 4463 4949 1647
92:389:389
1 86 92 95 97 100:-1476:-11749 1842 1615 2156 2890 1770
1 46 54 67 80 92 95 97 99 100 101:12826:-14461 143 582 1795 9912 2222 4576 3051 1655 1594 1757
73 74 82 92 95:6303:72 72 714 3626 1819
1 16 38 65 72 77 82 87 92 94 95:15036:-720 15 341 156 72 345 4246 686 6714 340 2841
1 38 82 92 93 95:4378:-1860 26 481 3718 67 1946
1 82 83 92 94:72:-2690 342 369 153 1898
1 76 92:-1053:-2099 743 303
1 46 82 83 87 92 93 94 95 99:6093:-1080 56 1726 289 227 2069 39 856 1298 613
1 38 42 46 47 48 72 74 76 82 83 86 92 93 94 95:24768:-6033 36 301 74 328 175 424 254 1732 6753 984 2904 12589 519 2309 1419
20 82 92 95:4750:57 1225 2115 1353
1 38 48 51 63 73 74 82 83 88 92 93 94 95 99:2859:-15140 202 46 230 754 19 116 2837 367 354 7733 919 3138 767 517
37 46 77 82 92 94 95:7568:71 56 502 2786 2748 661 744
1 46 47 82 92 94:16:-3600 165 48 832 2394 177
36 47 48 67 74 82 83 88 92 94 95 97:18385:94 43 115 149 12 3508 2276 98 8038 780 2740 532
2 38 46 47 92 94 95:4541:29 44 49 54 3492 607 266
1 47 72 73 82 92 93:4710:-580 59 59 168 3550 1205 249
1 82 83 87 92 93 98:2608:-350 535 434 508 916 82 483
16 86 92:26610:4 24500 2106
1 4 47 64 65 67 72 73 74 82 83 84 92 93 94 95 99 100:44379:-3354 64 57 569 359 294 179 12 490 28782 501 204 10252 929 2029 1798 462 752
1 82 87 92 95:3143:-742 1444 589 1164 688
1 47 55 72 74 82 92 95:2477:-437 110 141 73 38 1013 1256 283
1 57 65 72 74 82 92 94 95 97 99:8339:-1475 227 133 183 57 1540 4899 993 374 944 464
38 82 92 95:4386:195 1247 2260 684
1 42 82 87 92 93 94 95 97:13615:-720 262 4527 853 5131 67 1111 1794 590
46 92 94 95:1566:97 1043 164 262
47 83 92 93 94 95 97:3282:105 289 1717 218 216 193 544
1 64 82 92 94 95:3312:-760 57 2072 852 368 723
82:1844:1844
1 46 75 82 92 93 94 95:10125:-388 54 1569 2214 4538 328 870 940
1 72 74 82 83 86 92 93 94 95 99:11958:-1800 365 48 2171 1776 764 6372 263 507 952 540
1 42 72 74 82 83 87 92 94 95:12318:-360 9 345 20 1994 368 370 6310 664 2598
1 38 54 63 72 74 82 86 92 94 95:13501:-360 52 83 328 279 172 4723 106 5246 319 2553
92 94 95:3099:2360 128 611
1 82 92:2543:-567 761 2349
36 47 65 92 93 94 95:5296:42 41 191 3519 347 375 781
92 93 94 95:4820:3717 125 596 382
1 74 92 93 94 95:1224:-2355 405 2196 182 490 306
82 92 93 95:6829:3859 2223 120 627
1 46 48 74 93 94 96:1088:-356 44 262 54 66 183 835
38 46 64 72 92 94:4327:13 138 257 72 2571 1276
82:345:345
64 82 92 94 95 97:7698:50 1780 3633 1054 503 678
1 73 74 82 88 92 93 94 95 99:32932:-736 237 271 24224 153 5321 222 2044 784 412
1 47 83 88 92 94 99:3861:-322 59 376 173 2785 429 361
1 46 47 48 82 83 92 94 95:8871:-720 102 57 184 2306 807 4420 604 1111
82 92 94 95:4612:1119 2706 105 682
4 76 92 95:3591:13 607 2176 795
1 46 82 92 94 95:4168:-1347 80 2882 1969 367 217
1 82 92 94 95:7432:-1741 4027 4802 86 258
1:-360:-360
1 72 82 83 92 94:5124:-1490 80 1832 414 3542 746
1 3 26 29 31 38 42 46 47 53 54 56 58 63 64 65 72 73 74 75 76 77 79 80 82 86 92 94 95 97 98 99 100:20244:-32225 299 72 214 55 1597 44 153 62 160 2765 1126 2003 669 515 2818 3587 263 291 654 1548 1790 3285 6490 77 4612 3812 114 6766 3009 470 2271 878
1:-2628:-2628
1 97:-1671:-2376 705
1 76 82 87 92 95 97 99 100 101:10259:-3602 556 3798 279 1973 2257 503 528 2135 1832
1 64 72 75 77 94 97 99:1340:-1980 207 181 704 216 76 519 1417
1 63 69 72 73 80 92 94 95 97:16149:-3553 1687 8518 199 87 7133 384 243 191 1260
1 26 38 40 47 72 73 75 76 77 92 95:4869:-2000 595 450 758 109 290 29 684 2701 638 218 397
72 76 77 92 95:4343:342 2336 455 839 371
1 38 92 95:1568:-360 493 1011 424
1 31 38 46 57 65 82 87 92 94 95 97:12219:-720 133 380 52 237 360 6267 227 3059 585 1084 555
1 38 67 72 82 83 92 94:3570:-3360 368 636 983 3093 976 717 157
82 92 97:6344:3899 1811 634
1 63 64 72 75 82 87 92 94 95 97 100:43986:-3829 292 710 998 2592 23905 446 13384 180 2924 916 1468
1 19 72 76 82 83 86 92 95:8240:-390 17 21 1192 2403 1111 765 2339 782
1 47 92 94 95:-1027:-2976 35 882 766 266
1 3 47 72 82 92 93 94 95:7323:-720 6 54 12 939 4406 100 1132 1394
82 92 94 95 97:5742:513 3210 413 912 694
38 92:977:167 810
82 92 94 95 99:5238:544 2646 250 1002 796
1 47 73 74 82 92 94 95 96 97:13279:-550 66 45 35 2066 6606 768 1839 875 1529
46 74 82 87 92 93 94 95 98:16242:83 746 6917 1043 4792 208 1071 852 530
1 47 92 94:-289:-1486 68 378 751
1 3 30 36 38 46 47 48 63 64 65 67 72 73 74 76 77 79 80 82 83 92 93 94 95 96:20071:-14673 211 35 316 1958 164 125 121 3007 1151 1727 963 2542 446 662 3451 424 498 1010 4658 359 6255 189 2948 797 727
1 28 38 46 53 58 82 92 93 95:4984:-3407 19 309 45 562 95 353 4854 185 1969
1 4 36 42 46 63 64 65 72 74 77 82 83 86 87 88 92 93 94 95 97 99:31270:-5463 10 251 6 68 383 273 114 972 270 3248 8365 212 715 1264 704 14405 72 2026 2083 1017 275
1 4 38 55 64 65 72 74 77 82 92 94 95:6441:-378 131 528 192 825 145 557 175 92 1111 2067 449 547
1 38 47 77 82 86 87 88 92 94 95:22852:-1452 679 401 71 5942 1215 961 537 10286 1334 2878
1 82 87 92 94 95 99:6133:-1247 2418 539 2528 241 999 655
1 36 38 46 82 83 87 92 93 94 95:29527:-367 348 690 179 4410 90 284 15899 69 671 7254
1 3 36 38 42 47 48 65 67 72 73 76 82 83 87 92 93 94 95 97 99:27083:-1800 15 498 31 846 55 60 160 268 617 90 641 5355 366 382 14635 62 1020 2805 542 435
1 77 92 93 95 97 99:-1599:-9476 193 663 59 2637 1177 3148
1 38 73 76 82 83 85 92 94 95 97:6427:-731 505 118 531 418 815 123 2561 556 1018 513
1 3 36 38 47 54 55 63 64 65 67 72 73 74 75 76 77 78 80 82 83 85 87 88 92 93 94 95:54281:-3655 52 679 1351 70 512 817 2726 791 887 1820 9200 545 1612 1432 5887 1698 496 1973 12856 41 312 1653 762 8346 79 479 860
1 57 65 72 77 82 92 94 95:6383:-360 115 251 132 60 630 4287 544 724
1 38 47 72 74 75 76 82 83 92 94 95 96:17961:-1463 371 44 60 302 718 471 1677 89 11111 1237 2648 696
1 76 82 88 92 94 95 100:12515:-375 643 5584 1040 3532 464 675 952
1 47 72 74 82 85 87 92 94:4306:-515 52 214 141 1962 143 477 1308 524
82 92 93 94:1507:186 731 483 107
38 47 72 74 82 87 92 94 95:8094:120 136 345 42 749 253 4867 1214 368
1 36 46 47 49 72 74 82 86 87 92 94 95:20518:-2825 201 107 103 308 436 403 5691 753 1279 9833 1624 2605
1 47 48 73 74 82 86 87 92 94 95:10483:-389 65 131 96 215 2208 941 737 4664 744 1071
1 38 72 73 82 92 93 94 95 97:19542:-1080 24 44 32 5087 8915 1074 1259 3678 509
1 3 47 65 72 74 82 88 92 93 94 95 99:18751:-1125 85 210 158 15 50 3345 1077 11333 258 912 2045 388
1 47 72 74 86 92 94 95:38619:-724 197 508 45 30178 5996 2044 375
92 94 95:2927:1795 974 158
74 75 92 94:7652:107 1359 3681 2505
92 94:3116:2405 711
47 72 74 92 93 94 95:8105:172 216 171 6015 234 1003 294
46 47 92 93 94:3555:89 133 1970 194 1169
47 74 92 94:1519:78 38 1174 229
46 92 93 94 95:3377:129 2591 73 431 153
1 39 63 65 74 78 93 94:4586:-1118 1561 2175 720 362 542 152 192
1 38 65 75 80 82 92 94 95 99:7646:-759 574 451 1230 1381 361 2414 599 769 626
36 38 42 63 72 74 85 92 95:3282:223 488 133 688 109 212 360 660 409
64 65 82 92 94 95:7769:455 1355 635 4395 265 664
63 65 82 92 95:3450:248 1583 743 621 255
38 42 83 92 94 95:3397:235 342 390 1809 161 460
92 95:966:740 226
1 46 47 74 76 82 92 94 95 97 99:8549:-360 50 71 192 672 1613 3939 836 417 571 548
1 92 94 95:3651:-1320 2852 1153 966
65 92:426:254 172
1 3 36 38 46 47 54 56 57 63 72 74 75 77 82 83 92 93 94 95:41855:-840 59 184 89 102 110 88 223 276 288 1152 807 544 308 15904 360 15647 214 3072 3268
1 27 46 63 64 65 72 74 82 84 92 94 95:13460:-5760 46 182 230 1456 781 255 523 6510 202 6844 854 1337
1 36 38 63 64 65 72 74 76 80 82 83 88 92 94 95:10133:-3240 173 560 41 444 1781 36 619 4432 839 2751 260 98 823 312 204
1 63 64 65 67 74 75 76 78:7763:-1800 898 239 3246 2159 798 1385 481 357
1 4 65 73 74 82 92 94 95 96:11172:-1080 37 292 68 224 2622 6725 478 1254 552
1 46 47 57 64 65 67 72 74 76 77 82 92 94 95:13326:-1440 106 29 172 747 1489 527 255 98 2266 160 5312 2517 785 303
1 65 77 92 97:959:-360 296 79 295 649
1 46 63 65 73 76 80 82 83 92 94 95:16512:-916 96 609 1400 61 665 3153 5831 1113 3602 514 384
1 38 42 48 64 65 72 74 82 92 93 94 95:31510:-2722 412 149 24 865 842 97 105 20231 6543 118 1807 3039
1 82 92 94 95:3504:-720 555 2639 190 840
1 72 74 82 92 93 94 95:26449:-360 243 91 17125 6406 169 2047 728
1 2 46 48 64 68 82 88 92 94 95 97:8834:-360 38 409 337 202 1409 732 116 2646 1644 1075 586
38 47 50 82 92 93 94 95 96:14091:258 230 279 1421 7284 211 1658 1257 1493
1 29 47 54 72 73 82 83 92 94 95:7879:-1000 231 54 568 450 55 116 1176 4848 528 853
1 38 46 47 72 82 83 92:6981:-5291 298 99 41 208 10507 311 808
1 36 47 74 82 92 94 97:8470:-3000 509 57 422 4663 3651 676 1492
1 50 51 64 65 67 72 73 76 82 83 88 92 93 94 97:21604:-600 397 314 33 659 478 635 24 2479 8995 579 208 3552 119 3118 614
46 47 73 82 92 94:3763:111 57 70 816 1476 1233
47 73 92 94:2437:72 92 213 2060
85 92 94:3618:60 2396 1162
1 46 48 49 73 74 82 92 93 94 95 96 97:15271:-213 64 345 303 86 477 2808 3998 860 5080 456 504 503
93 94:642:125 517
36 38 48 63 65 72 73 74 75 76 77 92 93 94:11678:256 227 96 3027 598 35 48 190 737 3531 308 676 393 1556
1 46 65 72 73 74 82 88 92 93 94:11106:-1504 209 240 449 114 255 3901 243 3844 489 2866
46 48 65 73 75 82 92 93 94 95 97:8043:153 117 613 123 450 1097 2143 221 1794 685 647
46 48 63 65 73 92 93 94:6010:123 94 860 53 14 3263 533 1070
46 47 72 82 92 94 95:6101:41 101 40 1252 2110 2130 427
17 29 73 74 80 86 92 94 98:22394:6 1347 149 216 11082 7555 619 946 474
76:11927:11927
38 46 57 65 66 72 74 75 82 83 88 92 94 100:27146:225 58 267 2542 2352 395 438 766 13308 1937 412 2957 771 718
65 82 92 93 94:4236:135 435 1602 126 1938
46 74 82 92 94 97:4833:68 38 452 2763 613 899
1 46 63 64 65 67 72 74 75 82 83 86 87 92 93 94 96:25496:-425 106 481 1836 487 515 832 99 721 7610 3172 6216 778 553 184 1655 676
1 46 47 48 55 64 65 74 83 92 94 95:7337:-720 59 58 60 293 567 1873 114 3964 215 628 226
1 38 63 65 72 74 78 92 94:2873:-717 440 136 781 186 108 447 1378 114
63 73 74 94:1580:965 128 285 202
1 72 82 92 94:-3409:-7265 198 1054 2269 335
92:249:249
1 2 46 82 87 88 92 94 95:7349:-376 47 93 1645 224 128 3206 1146 1236
64 65 94 95:1112:81 131 374 526
1 49 63 64 82 92 93 94 95 97:12858:-720 317 390 250 1248 7140 180 2493 943 617
1 46 72 74 80 82 83 92 94 95:23690:-360 72 317 27 867 12446 1406 5510 1013 2392
92 94 97:1215:416 218 581
1 74:-88:-380 292
1 47 67 92:336:-720 69 395 592
92 94:1197:579 618
1 47 92 93 94:-486:-3214 188 2235 67 238
1 78:-189392:-190980 1588
29 54 63 64 65 67 68 72 74 75 76 77 78 80:31389:175 1149 2072 1284 318 974 1045 1564 260 15710 5192 452 267 927
16 36 54 65 72 76 77 80 82 92 95:7946:12 362 717 104 538 606 650 1412 2231 974 340
1 46 72 74 83 88 92:328:-1728 86 110 52 182 98 1528
1 65 72 74 76 82 87 92:10321:-1031 224 413 44 2986 4300 1599 1786
47 63 65 67 72 75 82 86 87 92 93 94 95:11553:108 434 851 555 117 478 2938 225 1201 3539 126 465 516
1 38 46 48 55 72 76 82 92 94 95 96 99:36151:-1080 12 280 60 24 63 1604 6987 20773 1894 4624 466 444
77 82 92 94 95:1645:36 910 333 152 214
1 38 47 72 82 83 88 92 94 95:3904:-4599 376 200 108 2424 184 123 3936 141 1011
1 3 17 36 38 48 65 67 82 86 87 92 93 94 95 97:25465:-507 51 18 161 1481 115 318 347 6373 6629 713 5656 330 1094 2036 650
1 42 47 82 86 87 89 92 94 95 97 99:25134:-300 356 70 3689 9850 464 1216 6056 341 1891 530 971
1 38 46 48 63 65 72 73 74 76 82 86 87 88 89 91 92 94 95 101:23320:-715 223 60 23 643 1214 431 81 362 680 1101 3674 692 109 398 3695 5684 145 3234 1586
38 82 86 92 94 95:11506:382 3715 2133 3964 192 1120
82 92:1644:911 733
63 65 67 73 82 86 92 94 95:11942:609 134 603 162 2570 2218 2509 962 2175
1 16 72 73 82 87 88 92:8281:-405 88 369 178 6012 672 99 1268
46 65 82 92 94 95:1944:36 724 657 133 93 301
1 17 63 65 74 86 89 92 94 95 97 99:3981:-360 16 104 344 9 1837 346 206 128 334 539 478
82 86 87 89 92 94 95:6000:2658 1443 267 353 775 200 304
1 16 17 36 38 47 48 49 82 86 87 92 94 95 97:23119:-360 22 38 316 228 49 67 427 9910 1367 1953 5786 99 2658 559
86 92 94:2850:741 1641 468
1 13 48 74 82 86 87 88 92 94 95 97:19916:-1440 364 13 36 7279 1075 1530 250 7118 404 2764 523
73 74 92 95:3511:205 45 2594 667
1 46 78 82 86 91 92 94 95:34195:-1080 60 691 7477 6600 6060 9559 850 3978
1 38 82 86 89 92 94 95:20032:-719 320 1051 2097 1028 12445 845 2965
87 92 93 95:7081:2401 3948 145 587
94:94:94
82 92:575:86 489
92 94 99:1139:623 274 242
92 94 97:3303:2432 190 681
1 19 38 46 48 66 68 73 75 82 92 93 94:9187:-432 100 663 48 22 1871 1520 162 1346 1004 2472 182 229
26 72 82 92 95:3017:206 381 998 1007 425
46 47 72 86 92 94 95:4774:114 34 176 734 2229 999 488
1 82 87 92 94 95:15709:-392 5045 888 6396 540 3232
1 10 12 16 30 33 36 38 40 42 46 47 56 63 64 65 68 69 70 72 73 74 76 77 78 79 82 83 88 92 93 94 95 96 100:88509:-2000 4190 180 18 78 513 682 852 1312 335 72 91 528 2435 1436 3467 5777 2038 2491 3843 196 1068 2078 544 307 615 21501 8366 1065 17468 358 3482 1890 521 712
17 36 46 82 86 87 92 94 95:27361:25 78 73 3956 8542 266 10573 704 3144
1 65 69 82 87 92 94:7858:-1150 1000 3171 3234 677 845 81
82:142:142
47 65 78 92 93 95:2877:84 167 273 1878 215 260
38 66 82 92 95 97 99:6976:30 1599 1026 2333 130 1599 259
1 3 4 28 29 36 40 47 48 53 54 58 63 64 65 66 67 72 74 75 76 77 80 82 92 94 97:84118:-1115 51 223 168 484 201 1055 45 102 1916 730 822 5068 954 3618 21244 3443 2074 136 4434 4319 3122 7564 20607 1926 252 675
1 38 42 63 64 65 70 76 77 88 92 95 97:-7221:-19353 556 573 1564 536 752 3358 2646 606 112 550 270 609
1 44:1319:-1020 2339
1 38 56 63 64 65 66 68 69 70 74 75 76 77 80 81 94:38878:-2035 1130 986 2035 1199 4133 2540 3821 1792 5469 292 845 5325 640 1243 9419 44
65 72 74 77 92:2072:435 96 22 566 953
1 64:-1465:-1845 380
82 92:1995:1183 812
1 46 47 73 82 86 87 92 94 95:13585:-384 71 93 43 1987 1610 223 7506 411 2025
1 82 86 87 92 94 95:30185:-300 14991 713 296 11128 705 2652
1 18 38 42 47 72 82 92 93 94 95 97 99:20565:-720 18 265 45 262 720 3833 10063 266 901 3376 502 1034
1 38 46 56 64 75 76 82 86 89 92 94 95 96 97:29621:-360 28 246 542 34 892 714 4928 4994 1193 12220 600 2559 489 542
1 36 38 47 65 72 82 86 92 94 95:25148:-360 309 464 182 320 360 7418 1570 11767 269 2849
1 36 38 65 67 72 74 82 87 92 94 95 100:18177:-1020 273 835 612 208 676 45 3213 467 8794 1345 2032 697
1 38 47 82 85 86 87 89 92 94 95:11741:-199 155 245 1959 67 1861 1039 338 3532 803 1941
1 38 42 46 65 72 74 82 86 92 94 95:10288:-360 282 480 232 57 85 57 2554 765 4626 253 1257
72 73 74 82 86 89 92 94 95:6611:82 29 59 841 1492 332 2434 486 856
1 37 82 86 87 92 94 95:10976:-360 119 2137 2204 444 4600 1372 460
16 38 54 55 57 72 73 74 82 92 94 95 97:8105:7 140 72 120 105 24 202 46 3473 1800 352 1236 528
74 92 95:2014:36 1496 482
16 19 38 46 82 83 86 87 92 94 95 99:20460:35 12 303 60 5625 399 1953 1306 8622 255 1606 284
1 82 92:-2129:-3400 702 569
1 17 38 82 86 92 93 94 95 99:-262437:-282360 14 500 2344 1485 10205 127 1536 3205 507
92 96:1000:513 487
26 94:345:94 251
38 92 94 95:1290:343 251 481 215
29 31 38 46 48 54 55 56 64 65 72 73 74 76 77 80 82 83 86 92 94 95 97:27096:268 818 866 71 31 219 1170 78 805 231 3401 67 888 471 1476 1164 3933 1941 3212 3442 1447 577 520
80:23566:23566
1:-360:-360
1 36 48 57 58 64 65 67 72 73 74 76 77 78 80 82 85 92 94:19019:-360 786 38 2377 214 960 431 591 1642 31 733 3871 1369 530 1227 2509 426 971 673
94:195:195
54 72 92 94 95:1434:218 360 391 208 257
74 97:889:373 516
1 65 92 94 95 96:1148:-1000 75 1044 223 312 494
1 48 65:-1777:-2248 203 268
1 46 48 65 74 92 93 94 96 97 98:6617:-632 18 96 1298 34 762 702 590 2050 1180 519
46 48 92 94 95 98:2170:102 184 726 249 375 534
48 98:1248:74 1174
1:-8262:-8262
1:-56909:-56909
1:-582:-582
1:-11054:-11054
1 45:89:-2410 2499
31:84:84
1:-1080:-1080
48:70:70
92:320:320
94:103:103
94:54:54
1 47:-946:-1000 54
97:1383:1383
1 48:-205:-240 35
1 48:-3895:-3960 65
46 94:250:70 180
1 48 68 92 97:1101:-1200 35 1163 322 781
1:-1510:-1510
47:40:40
1:-300:-300
1 50:-9352:-9610 258
1:-720:-720
1:-1765:-1765
92 93 94:883:627 149 107
1:-2000:-2000
1:-2945:-2945
1:-2478:-2478
1:-420:-420
47:106:106
1:-650:-650
1:-2317:-2317
1:-15344:-15344
1:-255:-255
1:-360:-360
1:-386:-386
1:-5242:-5242
1:-360:-360
1:-14923:-14923
1:-1097:-1097
47:84:84
1:-1254:-1254
1:-4000:-4000
92:146:146
1:-1080:-1080
1:-382:-382
1:-1102:-1102
1:-3989:-3989
1:-360:-360
1:-840:-840
92:222:222
1:-2841:-2841
1:-1807:-1807
1:-960:-960
1:-1306:-1306
1:-360:-360
1:-6300:-6300
1:-720:-720
1:-360:-360
1:-223:-223
64:82:82
1:-1500:-1500
1:-470:-470
1:-975:-975
1:-1000:-1000
1:-9848:-9848
1:-4775:-4775
1:-3000:-3000
1:-42:-42
1:-766:-766
1 92 95 99:250:-1000 367 344 539
1:-522:-522
1:-242:-242
1 48:-1056:-1091 35
48:35:35
