1:-555:-555
1 75 78:2074:-735 2400 409
1:-2680:-2680
65:242:242
1:-360:-360
92 94 95:1426:185 784 457
1 65 66 72 73 74 76 77 80 92 93 94:11435:-9123 1173 2540 503 392 44 2213 514 10770 355 333 1721
1 38 48 63 64 65 72 74 82 87 92 93 94 95 96:13976:-1664 275 38 819 508 908 486 61 2741 2526 4841 108 1560 302 467
39 63 82 92 94:7326:647 179 5000 1224 276
64 74 79 92 94 95 96:9513:140 278 6684 1057 353 539 462
82 92 93 94 95:5838:1717 2402 342 795 582
1 38 73 74 78 82 87 88 89 92 93 94 95 97:17840:-360 350 59 216 666 837 1810 534 1348 7744 170 1079 2818 569
19 36 46 72 82 87 92 94 95:12458:78 131 96 148 1084 4976 4945 525 475
1 74 82 87 92 94 95 99:11105:-480 34 846 2775 5128 320 1955 527
1 46 48 64 65 72 82 87 92 94 95:8032:-600 34 52 104 232 415 636 1545 4195 238 1181
1 74 82 87 89 92 93 94 95:9787:-360 54 1508 1318 778 4575 119 1031 764
38 42 55 63 65 72 73 74 82 87 92 94 95 99:15093:938 208 37 383 1353 121 113 102 905 1534 6793 869 1515 222
38 47 64 82 87 92 94 95:8913:364 49 120 1154 1361 4391 669 805
82 92 93 94 95:5043:230 2680 300 1294 539
1 64 92 94 95:4644:-360 101 3040 928 935
20 76 82 83 86 87 89 92 94 95:10514:176 1650 465 467 356 756 452 3597 170 2425
1 3 36 46 72 73 82 87 89 92 94 95:12020:-1020 17 287 93 473 12 1570 2873 800 5743 157 1015
1 92 93 94:1479:-660 1096 112 931
3 19 38 55 72 73 74 82 83 87 88 92 94 95 99:16582:28 104 350 210 231 156 109 1155 71 1542 166 7396 1056 3208 800
72 73 74 78 87 88 92 94 95:6220:291 111 171 347 240 767 3399 296 598
1 36 38 57 63 65 67 72 73 74 75 77 78 80 88 92 93 94 95:15135:-2580 243 1602 420 452 1552 651 1694 416 496 696 662 635 3852 180 2905 117 880 262
20 73 82 86 87 89 92 93 94 95:8473:19 34 776 412 2361 1163 3006 210 298 194
1 72 82 88 92 94 95 97 100:7612:-776 151 431 490 3776 822 1092 665 961
1 38 92 95 99 100:7453:-594 12 2724 3458 372 1481
92 95 100:7333:2830 3700 803
1 48 64 65 82 92 94:1960:-3070 37 308 891 469 2163 1162
95 97:1113:474 639
1 92 95 99:-147:-3764 1229 1675 713
92 95:1003:735 268
38 92 94 95:1750:233 751 476 290
38 65 82 86 92 94 95:6459:477 282 198 548 3324 826 804
1 38 82 92:-1881:-4645 484 505 1775
1 66 72 74 82 86 87 92:66901:-772 4951 405 249 22533 37022 2055 458
1 42 64 65 67 72 92 94 95:2327:-1138 415 513 48 369 111 1272 487 250
46 82 92 94:3402:282 32 2695 393
1 27 36 38 42 46 47 48 51 53 54 55 56 63 64 65 67 72 73 74 75 76 77 79 82 83 84 87 88 92 93 94 95 96 97:96587:-10351 109 71 656 371 231 179 302 220 493 543 712 1384 2080 1882 6572 1066 9245 1646 2181 2397 18759 8410 543 15060 203 469 2419 14267 7815 548 4188 621 543 753
92 94:516:429 87
38 48 72 74 92 94 95:6392:618 66 187 220 3823 838 640
75 92 95:1166:595 176 395
92:861:861
1:-561:-561
92 95:1957:1330 627
92 95 99:2989:865 1757 367
92 94 95:2826:2058 533 235
1 48 82 87 92 94 95:21784:-360 22 980 1730 15909 2065 1438
72 92 94 95:4095:259 3038 190 608
1 36 48 64 72 82 87 92 94 95 96 97:-10633:-25644 25 52 186 84 877 349 7664 2110 960 2052 652
1:-262:-262
1 38 46 82 87 92 94 95 99:10771:-298 559 39 6747 168 2420 360 303 473
1 38 47 64 73 74 82 83 87 92 93 94 95:11860:-360 430 149 84 132 24 1478 271 666 7535 235 905 311
46 72 82 87 88 92:3166:65 47 511 420 625 1498
1 65 72 74 92 94 95:-7907:-10864 187 184 137 1492 421 536
82 87 92 95:4934:1090 3133 458 253
1 38 46 50 65 69 74 82 87 92 93 94 95 97:21059:-1080 395 55 311 122 4200 37 1614 2136 8763 129 1990 1121 1266
1 47 48 63 72 82 92 94 95:4876:-300 73 36 29 38 86 2494 633 1787
92 94:1176:746 430
38 75 92 95:2045:187 301 1396 161
36 55 63 73 82 87 92 94 95:8451:224 296 302 93 1165 597 4512 320 942
1 38 46 64 73 82 83 86 87 89 92 93 94 97:8919:-360 284 65 239 25 372 728 821 683 978 3622 209 680 573
1 38 82 86 87 89 92 93 94 95:9159:-360 341 1559 188 642 598 4130 154 1166 741
1 6 36 38 42 43 46 48 55 57 64 65 72 73 74 75 76 77 78 82 84 87 88 92 94 95 99:33530:-720 89 305 860 490 240 58 42 154 181 336 1589 3363 505 1063 1360 2853 210 851 5633 600 1945 596 6544 2225 1628 530
1 48 63 64 72 74 77 82 87 92 93 94 95 97:21421:-3385 18 505 492 1097 186 1445 2473 1691 9846 487 2616 1513 2437
1 63 72 74 82 87 88 92 93 94 95 97:13343:-995 972 207 93 1549 710 257 7047 514 1727 692 570
73 75 92 93 94 95:6275:120 370 2673 262 2110 740
1 64 92 93 95:-904:-2230 70 765 293 198
1 47 63 64 92 93 94 95:5780:-1161 52 212 199 3683 244 2020 531
1 47 82 92 94 95 96:9186:-720 305 677 5510 2077 753 584
1 47 72 73 74 92 94:1684:-1131 319 420 122 107 1199 648
92 94:229:169 60
46 48 73 82 92 94 95 96:9332:45 62 57 283 5793 1583 921 588
1 36 48 65 74 82 87 92 93 94 95 97:13807:-360 177 274 151 80 866 242 9327 98 1734 560 658
87 92 94:1186:720 226 240
1 16 36 40 42 46 47 48 64 72 73 74 80 82 87 88 92 93 94 95 96 100:24543:-2173 12 182 808 291 33 78 75 114 13 175 302 1651 1571 1281 630 8787 1207 5563 2796 525 622
38 82 92 94 95:1530:180 256 735 74 285
1 46 48 64 92 93 94 95 99:8081:-531 295 103 355 5090 69 1361 977 362
1 36 63 64 72 74 75 84 85 92 94:4068:-404 123 341 108 552 724 342 160 133 995 994
92 94:743:451 292
92 93 94:1380:157 298 925
92 93 94:4098:1975 199 1924
92 93 94:835:527 160 148
92 93 94:4504:1931 176 2397
47 74 92 93 94 95:5651:149 10 2527 241 2411 313
47 65 92 93 94:2607:44 38 187 311 2027
92 93 94:2558:1170 110 1278
93 94 96:777:92 166 519
1 46 55 65 73 74 83 88 92 94 97:2935:-2111 56 161 171 212 284 129 358 2250 744 681
46 47 73 92 93 94:1905:23 80 29 174 323 1276
92 93 94:3165:314 161 2690
46 47 92 93 94 95:4489:132 125 713 268 2957 294
1 37 92 93 94 95:3689:-230 22 970 457 2239 231
1 46 92 93 94 97:691:-2340 40 604 240 1486 661
1 82:578:-1542 2120
1 93:-75:-200 125
72 73 92 93 94 95:1520:111 113 761 127 237 171
46 92 93 94:4120:159 1746 380 1835
1 46 73 92 93 94:-1788:-3720 41 26 254 490 1121
46 92 94:390:150 105 135
1 64 92 93 94:3933:-300 89 1737 195 2212
37 46 92 93 94 95:5395:44 140 2361 618 2080 152
1 46 92 93 94:2795:-332 88 1382 604 1053
46 74 92 94:942:49 44 464 385
1 46 74 92 93 94 95:3548:-200 72 279 1263 187 1710 237
92 93 94 95:2661:1164 199 1147 151
92 93 94 99:1289:725 101 300 163
48 92 93 94:5389:62 1104 262 3961
46 48 64 74 92 93 94:6630:171 105 52 42 1739 470 4051
73 92 93 94:544:12 307 109 116
92 94:738:299 439
46 75 92 93 94:4580:92 320 2145 287 1736
72 92 94:1124:53 536 535
93 94:731:364 367
92 93 94:2470:166 409 1895
92 94:312:173 139
92 94:505:350 155
47 74 92 93 94:8181:92 12 3383 613 4081
92 94:756:503 253
1 72 76 92 94:2639:-360 562 1884 461 92
1:-294:-294
1 92 95:571:-1696 1610 657
1 3 47 74 83 92 93 94 95 97:15704:-720 18 327 35 6992 4700 72 1892 1199 1189
1 36 47 66 72 73 74 82 83 87 88 92 93 94 95:17810:-720 397 288 1983 773 25 101 1487 843 815 101 8474 938 1929 376
1 46 47 82 83 87 92 94 95 96:11596:-360 153 294 108 5067 134 4322 1063 343 472
1 64 65 68 72 73 74 77 82 83 87 92 94:32277:-2283 108 535 1482 278 83 165 562 25787 753 3241 913 653
1 47 82 87 92 94 95:6422:-360 213 1160 558 2010 1067 1774
16 46 48 72 74 78 87 92 93 94 96 97:9032:40 22 115 833 68 388 3033 1902 188 1142 630 671
1 38 47 65 82 87 92 93 94 95 97:14191:-1195 101 45 221 3873 1406 7058 299 792 993 598
1 82 87:1803:-360 1164 999
1 65 82 92 95:1206:-1440 543 437 1200 466
1 63 64 65 67 68 69 72 74 76 80 92 93 94:11346:-1140 331 2142 420 2271 685 1196 104 331 1841 1196 1120 126 723
1 63 64 65 72 82 83 87 88 92 93 94 95 97:10692:-3475 462 66 511 487 1717 540 1692 353 5099 58 1942 598 642
1 36 46 47 73 82 83 87 92 94 95:6445:-1080 151 79 99 56 970 491 867 3438 962 412
1 64 83 92 94:5001:-360 336 832 2621 1572
1 64 86 89 92 94:3189:-2508 402 1765 406 2372 752
1 2 36 46 47 50 60 63 64 65 66 67 69 70 72 73 74 75 77 78 82 85 87 88 92 93 94 95 96 97 98:36083:-2154 43 143 137 165 1397 242 1895 2375 3953 4154 1847 1394 1932 748 570 305 1021 222 324 261 432 306 340 6232 412 4286 556 1080 858 607
1 82 92 93 94 95:4202:-360 369 2387 146 1425 235
64 72 82 87 92 94 95:13365:90 305 8873 275 1423 1691 708
1 47 92 93 94 95:2157:-720 95 1073 144 737 828
46 48 72 82 87 92 93 94 95:9211:54 125 90 1762 456 3588 942 1365 829
1 51 62 65 73 74 92 93 94 95 96:12058:-720 274 241 200 274 210 5681 1063 3367 920 548
1 82 84 85 87 92 93 94 97 98:8589:-2598 1079 18 128 4033 3490 384 1018 584 453
1 47 64 72 73 74 76 82 92 94 95:7550:-1114 166 348 18 8 20 1404 589 3388 2004 719
48 73 74 92 93 94 96:2571:35 30 64 583 457 880 522
1 48 63 92 93 94:1610:-984 116 1047 1114 72 245
1 48 72 74 92 93 94 95 96 99:4012:-637 75 276 52 1791 498 141 428 602 786
47 72 82 92 94 95:3804:142 34 538 2252 437 401
1 16 38 39 46 67 72 73 74 78 82 83 87 92 93 94 95:18095:-4109 28 12 717 75 261 148 272 68 340 1644 1040 1433 10832 942 3064 1328
1 16 48 80 82 87 92 94:-7249:-13876 11 118 1168 2480 273 1818 759
65:326:326
1 47 48 63 67 72 82 83 92 93 94 96 97 98:20183:-1040 131 202 88 79 168 11083 122 3588 896 2723 527 1151 465
1 38 64 73 92 93 94:1014:-300 33 335 27 340 135 444
1 42 46 47 48 50 51 64 65 66 72 73 74 88 92 93 94 95 96 97 98 99:30617:-720 303 153 131 497 269 321 69 410 1338 74 127 279 851 11134 2226 8224 1569 1065 651 1301 345
65 72 92 94:2681:300 72 916 1393
1 46 48 75 76 82 87 92 94 97:10414:-808 23 96 2135 666 1068 590 5203 829 612
82 92 94 95:2473:360 879 772 462
1 69 74 92 93 94 95:8925:-360 6532 36 1417 64 934 302
76 96:1980:1482 498
1 38 47 48 72 74 82 92 93 94 95 96 101:10750:-498 155 66 83 75 135 364 5154 339 2547 838 531 961
16 46 82 92 93 94 96 97:5329:10 43 479 1113 895 1579 540 670
1 46 48 92 93 94 96:5181:-429 89 355 2023 474 2158 511
1 75 92 93 96:-440:-3480 1876 405 127 632
1 46 48 50 72 74 92 93 94 95 97:7147:-300 172 35 320 55 55 1810 48 3577 264 1111
1 46 48 92 93 94:2558:-1428 50 153 2287 226 1270
1 37 48 64 72 82 92 93 94 96:6945:-375 12 131 46 78 862 1381 1648 1618 1544
36 46 48 73 92 93 94 95 96:4222:275 102 93 27 1024 610 1211 236 644
1 50 65 73 92 93 94:5920:-360 375 226 25 1526 1245 2883
1 46 47 93 94:-309:-720 93 43 128 147
37 46 83 85 88 92 93 94 95 96 97:10318:93 187 205 68 93 3888 695 1124 680 946 2339
1 82 92 93 94 97:3625:-1326 575 2345 354 1117 560
46 92 93 94:1797:48 481 601 667
1 47 73 94:-24:-500 39 24 413
48 72 73 92 94 95 96:5266:90 98 294 2516 1357 332 579
92 94 97:1462:408 488 566
1:-30276:-30276
1:-1070:-1070
1:-720:-720
1:-670:-670
47:31:31
1:-660:-660
1:-5040:-5040
1 92:-6529:-6864 335
1 94:-463:-720 257
94:249:249
1:-360:-360
1:-720:-720
1 47:-274:-300 26
1:-500:-500
1 92:-465:-720 255
1:-1800:-1800
1:-1464:-1464
1 46 47 48 64:188:-763 90 31 175 655
48 94:108:35 73
1:-1200:-1200
46 48 92 93 94:3589:42 213 2010 160 1164
1 46 48 93 94 96 97:-150:-2150 41 125 128 344 760 602
1 46 47 48 51 72 73 74 75 92 93 94 96 97 98 100:11923:-2120 861 175 425 237 282 727 234 500 2672 1294 3527 1091 741 467 810
1 83 94:-2771:-3954 988 195
1 46 48 73 92 93 94 97:977:-2135 118 290 27 792 530 740 615
1 30 46 47 48 72 74 92 93 94 96 97:2166:-2520 32 293 234 155 57 158 529 664 1360 623 581
1 46 48 63 65 72 73 74 78 92 93 94 95 97 98:7432:-2160 386 294 74 347 88 78 177 248 2047 518 2908 658 1316 453
1:-791:-791
1 46 47 48 73 75 92 93 94 96:7225:-1008 253 196 1071 319 1168 1019 591 2435 1181
1 46 47 48 64 72 73 74 75 92 93 94:7595:-1670 116 21 542 206 290 247 44 1730 2379 699 2991
1 36 46 48 65 74 92 93 94 95:4427:-320 159 383 184 168 69 999 898 1587 300
48 63 65 72 76 80 82:26638:38 83 593 137 1899 14851 9037
46 78 93 94:1962:181 713 489 579
1 46 47 48 73 92 93 94:7342:-360 324 99 331 82 2036 1247 3583
1 46 47 48 72 73 92 93 94 96 97 98:10689:-1070 947 55 228 478 295 3212 1486 3495 469 559 535
1 18 46 47 48 64 73 74 92 93 94 95 96 97:5830:-5285 64 320 40 17 96 267 218 512 2560 5062 212 491 1256
1 46 48 64 72 74 78 87 88 93 96:2314:-580 86 60 522 735 345 225 122 84 130 585
1 46 48 74 75 92 93 94:4676:-720 423 108 109 333 755 1648 2020
36 46 47 48 65 72 75 92 93 94 95 96 97:7695:85 168 38 46 375 550 720 768 277 3480 100 540 548
48 74 92 93 94:1276:71 21 496 162 526
94:178:178
1:-600:-600
1 94:41:-217 258
95:248:248
1:-261:-261
46 63 73 74 78 92 93 94 98:7280:41 41 27 28 864 1456 934 3065 824
64 65 67 72 78 92 94 98:4461:18 764 590 49 546 650 1270 574
37 47 93 94:882:111 187 346 238
47 48 72 73 74 92 93 94 96 97:13328:79 126 87 23 28 3040 836 7431 1153 525
92 93 94:1390:283 369 738
1 4 46 48 63 64 65 66 72 73 74 75 78 92 93 94 96 98:30554:-959 35 533 212 2087 348 280 1085 2859 510 1494 1085 1556 3552 3624 8881 2234 1138
1 46 47 64 72 73 74 75 92 93 94 97:3728:-1380 68 57 42 138 221 128 480 572 530 2346 526
1 46 47 64 72 73 75 92 93 94 95 96 98:5926:-2160 254 90 80 90 48 1648 1007 185 3229 496 496 463
46 47 48 72 73 74 78 92 93 94 96 100:13782:219 226 64 124 53 100 409 4495 680 6155 560 697
1 36 46 47 73 74 92 93 94 95:3354:-2051 85 238 46 120 34 1700 306 2561 315
46 48 51 64 72 73 74 92 93 94 97:16341:271 102 297 46 30 244 185 4830 1381 7899 1056
46 51 72 73 74 87 92 93 94:10425:56 309 226 55 357 430 2190 688 6114
46 48 51 65 73 92 93 94:3468:221 43 282 298 88 630 184 1722
74 92 93 94 95:2344:9 782 475 849 229
46 47 48 64 72 92 93 94 97:7904:136 56 100 225 88 2255 1365 3094 585
36 38 48 51 64 72 73 82 92 93 94 95 96:14105:13 47 25 220 204 62 124 419 4064 782 6986 326 833
48 65 92 93 94 97:2359:215 128 203 402 886 525
1 36 46 48 55 57 72 73 74 88 92 93 94 96:11694:-271 40 192 19 53 340 149 430 202 114 2749 1602 5599 476
46 48 93 94:2019:224 182 314 1299
48 92 93 94:3551:88 844 1020 1599
48 92 93 94:4066:351 348 649 2718
50 92 93 94:3028:340 1137 371 1180
92 93 94:1982:629 433 920
46 67 74 77 92 93 94 97:3673:35 560 8 60 893 596 910 611
48 92 93 94:1435:99 200 541 595
46 48 74 92 93 94:5119:52 89 62 2069 187 2660
48 92 93 94 97:3182:219 711 831 888 533
1 36 46 48 92 93 94 97:2940:-255 117 233 60 857 472 840 616
48 51 65 72 74 76 92 93 94 95 96:9246:120 299 44 238 166 809 2427 693 3560 393 497
74 94:277:68 209
1 46 72 92 93 94 95 96 97:7179:-720 121 36 2307 740 2720 269 1135 571
1 46 56 64 65 72 77 78 82 83 88 92 93 94 95 96:16352:-2162 217 393 1473 896 351 334 232 1363 1311 194 4647 1078 4831 676 518
1 6 46 47 65 72 73 74 88 92 93 94 96:9071:-1170 87 144 64 74 476 384 350 288 3786 1172 2815 601
1 47 92 93 94 95:7153:-720 91 4530 141 1720 1391
1 16 47 48 82 87 92 93 94 95 96 99:9534:-1800 51 109 126 117 612 6871 153 1871 509 531 384
1 47 48 54 82 83 87 88 92 93 94 95 96:9650:-1635 47 85 613 854 442 1011 1839 4224 193 939 531 507
1:-6500:-6500
1 46 72 92 94:-2339:-3600 65 248 350 598
1 48 54 56 65 72 92 93 94:5228:-339 130 126 218 755 109 2034 357 1838
1 3 57 63 64 65 66 67 68 69 72 73 75 78 92 94:6883:-20442 83 176 3335 3578 2457 3675 1455 6273 3613 1001 58 648 365 527 81
1 46 64 65 92 94:-19400:-20782 102 84 308 380 508
1 65:-1051:-1080 29
1 48 63 72 92 93 94 98:2770:-1516 47 383 490 1227 264 1298 577
1 94 97:-7759:-8800 415 626
1 92 93 94:1174:-360 714 222 598
1 46 48 65 72 73 92 93 94 98:4355:-400 130 154 92 12 37 663 712 2378 577
1 46 65 73 92 93 94 95:4155:-360 110 372 31 786 1223 1498 495
46 47 48 51 65 73 74 82 87 92 93 94 96 97:11687:223 180 136 285 171 38 176 202 126 2829 1245 4405 1086 585
1 46 47 48 64 65 74 82 87 92 93 94 95 96:13853:-1220 126 268 680 140 98 165 450 179 3569 2348 3942 847 2261
1 64 65 72 92 94 97:-7808:-10542 263 383 710 264 213 901
1 36 37 64 65 68 72 78 92 93 94:-1247:-4331 239 148 68 817 776 109 526 170 96 135
1 63 64 65 72 76 77 80 93:4289:-2216 875 784 1188 442 606 1230 1250 130
63 64 65 78 92 94:3134:1188 402 384 282 479 399
4 46 48 64 65 72 75 92 94:2411:82 36 157 215 25 12 487 813 584
1 48 76 92 94 99:-6449:-12880 73 2083 3330 645 300
1 46 47 63 64 72 82 87 92 93 94 95 97:15843:-3854 52 62 366 343 100 3114 7011 5308 211 1376 1196 558
1 64 74 82 86 87 89 92 93 94 95:20543:-3350 1165 148 734 12950 911 662 4139 405 358 2421
38 63 67 94:4204:524 1020 2484 176
1 64 92 94:-370:-2409 320 1570 149
1 64 82 87 92 95:2048:-327 65 226 451 1339 294
1 47 48 72 82 87 88 92 94 95 97:11268:-1953 203 57 330 1566 913 556 6545 678 1825 548
1 64 73 74 83 87 92 94 95:4009:-330 256 82 183 1998 543 350 364 563
1 82 94:1231:-758 600 1389
1 75 82 83 87 92 94:6864:-720 409 1029 2639 2120 997 390
1 36 38 64 72 74 77 82 83 87 92 94 95 97 99:20869:-1968 131 155 75 178 216 242 4780 2959 4649 6951 369 962 562 608
1 82 83 92 94 95:4446:-1737 1063 772 2867 1049 432
1 74 82 87 92 94 95 100:5046:-1542 159 302 1772 2790 366 582 617
1 83 86 89 92 94 95:4996:-1034 986 970 280 1808 674 1312
1 19 42 72 87 92 94 95:2189:-3594 122 40 159 2445 1920 166 931
1 16 77 82 87 92 94 95 97 99:14907:-2716 15 465 3085 7760 3288 420 704 1393 493
82 92 94:2515:936 1454 125
82 87 92 95:3252:924 1329 699 300
1 40 64 65 67 72 73 74 76 82 83 92 94 95 97:40333:-3548 995 113 1402 1603 2422 229 372 624 17200 13963 2467 609 1351 531
1 46 72 74 76 83 92 93 94 98:8942:-258 97 515 49 659 2250 4197 153 816 464
83:5458:5458
1 64 74 82 83 87 92 94:-7018:-12402 105 105 652 2103 1569 294 556
1 48 64 76 94:-5594:-6911 42 80 1009 186
1 46 48 63 65 72 73 74 82 83 92 93 94 95 96 97:11270:-5631 72 148 48 723 411 141 558 479 6282 3264 147 1822 924 584 1298
1 74 82 83 88 92 93 94 95:8636:-360 117 1659 2514 179 3001 206 307 1013
47 82 83 85 92 94 95:19287:46 14623 46 384 3044 853 291
1 38 41 63 72 82 85 87 92 94 95 97 99:20984:-3832 618 448 370 81 7082 359 6326 5178 1513 1083 1270 488
82 87 92 94 95 99 100:6226:727 310 2728 140 995 652 674
1 47 82 92 94 97:3684:-728 109 1290 1644 504 865
1 83 92 94 95:9317:-286 7342 1511 163 587
1 63 83:5298:-2456 542 7212
1 56 63 64 65 66 67 72 74 76 78 80 88:11444:-5689 339 960 502 869 1577 518 447 28 2701 220 8203 769
4 46 63 92 93 94 96:2577:52 235 327 629 62 779 493
46 73 78 82 92 93 94 97 98:7711:179 88 233 571 2278 399 1316 1190 1457
1 73 92 93 94 97:1926:-360 66 503 294 730 693
74 92 93 94:2348:76 1317 257 698
46 47 74 92 93 94 95 97:6056:75 85 28 1501 389 2110 439 1429
1 48 92 93:608:-360 66 820 82
7 57 64 65 72 74 78:3193:258 893 89 1091 204 367 291
36 72 74 76 82 87 88 92 93 94 95:10368:25 148 76 2317 673 492 327 5117 122 625 446
1 57 64 73 74 75 82 88 92 93 94 95:8810:-720 497 312 151 50 949 1031 468 4558 152 1080 282
46 47 65 72 73 74 78 82 92 93 94 96 98:10854:89 50 210 252 10 93 583 588 2973 964 3678 703 661
65 83 92 95:5485:334 3812 1154 185
1 38 82 83 86 87 89 92 93 94 95 96:13170:-750 292 1368 777 2137 1074 1005 4553 279 1427 530 478
1 31 36 55 64 65 82 87 92 94 95:9950:-831 280 208 13 68 134 1235 2199 4209 624 1811
1 63 64 65 67 72 74 76 88 92 94 97 98:7104:-405 311 458 216 283 581 56 593 167 1597 1030 1530 687
1 30 36 38 46 47 48 57 64 65 72 73 74 75 77 78 92 93 94 96:10463:-360 176 448 403 67 328 60 906 458 155 605 179 240 393 867 303 1799 72 2829 535
2 47 92:476:24 96 356
1 38 46 47 48 50 72 73 74 88 92 93 94 95 96:11561:-360 462 74 159 64 264 88 372 320 539 5114 533 2988 441 503
38 46 47 63 64 65 72 73 75 92 93 94 97:6851:108 106 93 577 732 160 141 282 466 2445 387 614 740
64 67 72 92 94 95 96:3413:629 262 107 969 383 547 516
1 64 65 67 68 72 75 76 94:5131:-718 274 1252 524 848 116 569 2242 24
38 46 50 65 72 74 78 82 87 92 94 95:10903:109 60 328 406 96 65 343 261 143 5723 2454 915
48 73 92 94 95 96:1841:105 35 373 457 334 537
48 92 94:1014:60 403 551
1 38 46 47 48 65 72 78 82 85 92 93 94 95:11830:-425 104 114 56 36 545 23 497 805 146 4635 293 4251 750
65 92 94 95 96:1761:397 439 128 295 502
46 48 67 82 87 92 93 94 95:12387:320 56 822 1424 1784 3730 587 2720 944
1 36 64 74 78 82 92 93 94 96:2885:-1023 373 352 242 575 681 154 82 823 626
1 36 82 83 92 94 96:9209:-360 31 637 1432 5551 743 1175
1 36 46 65 83 92 94:6466:-807 118 81 56 4560 1821 637
1 37 46 83 92 93 94 95 97:9044:-920 272 44 1783 4400 202 1886 804 573
46 92 94:1166:72 791 303
1 46 47 64 88 92 93 94 95:7104:-180 189 156 111 560 3498 855 1364 551
4 46 55 63 64 65 67 72 73 74 75 76 77 83 88 92 93 94 96 97:16787:37 113 258 82 411 895 378 1855 80 651 1362 838 613 3360 422 1866 587 1759 554 666
47 73 74 77 82 92 93 94 95:5972:161 139 16 722 426 2458 356 826 868
73 92 94 95 97:3186:82 1180 953 447 524
36 38 63 72 73 74 75 76 78 92 93 94 97:15047:76 122 711 517 30 342 3669 3400 378 3044 454 1668 636
18 36 38 47 50 54 64 65 72 73 74 75 76 77 88 92 93 94 95:9484:34 113 167 42 315 172 595 791 172 243 350 1173 873 199 215 2092 282 1422 234
47 48 73 82 92 93 94 97:8185:178 105 152 472 3378 181 1320 2399
1 3 36 46 82 92 94 95:3397:-372 38 437 173 1148 1298 382 293
65 73 92 93 94 95:3403:218 172 1645 417 719 232
1 64 74 92 94:3854:-360 75 198 2541 1400
1 4 64 92 93 94:754:-720 84 645 245 386 114
16 20 37 63 72 73 74 78 82 88 92 93 94 96 97:10304:10 78 105 373 1471 290 763 235 183 421 1829 672 2659 464 751
47 65 72 73 92 93 94 95 97:8099:316 103 20 43 2668 260 2682 807 1200
46 72 77 92 94 95:2697:55 118 272 1568 514 170
1 83 92 94 95 97:4599:-477 437 2123 1443 419 654
92 93 94:3257:2108 121 1028
92:230:230
46 64 72 74 92 94 95:5555:70 142 687 260 2731 1158 507
72 73 92 93 94:6436:28 105 4001 621 1681
36 72 74 88 92 93 94:6690:80 120 115 531 2761 84 2999
1 47 73 92 93 94 95:4058:-420 112 83 2351 448 1195 289
1 46 48 65 75 92 93 94:2841:-875 92 32 212 472 609 162 2137
92:172:172
38 46 48 73 74 83 92 93 94 95 97 98:16869:380 46 102 46 201 6168 3280 1747 3564 297 571 467
48 92 93 94 95:4314:114 1587 123 2106 384
2 46 92 93 94 95 97:4365:60 40 1838 327 1366 190 544
1 46 78 83 92 94:12269:-360 138 245 9263 711 2272
48 92 94:3870:143 2733 994
73 78 92 93 94:3733:94 339 1834 288 1178
1 47 72 73 83 92 93 94:9782:-420 53 274 167 4862 1550 1122 2174
1 78:-4312:-4695 383
1 41 46 48 55 64 65 67 72 73 74 75 77 78 80 82 83 92 93 94 95 96 97:9646:-23130 386 237 196 211 375 962 370 1765 1147 2220 2066 162 544 1946 437 126 6052 1801 9141 233 482 1917
72 74 92 94:1662:10 68 1029 555
73 92 94:3763:51 2299 1413
94:175:175
93:142:142
93:76:76
48 94:141:69 72
46 48 65 73 78 87 92 93 94 96:4336:127 115 118 149 275 565 1875 317 298 497
1 46 47 48 65 74 92 93 94 95 98:4519:-360 85 267 96 183 253 1140 316 1899 162 478
1 46 47 63 64 65 67 72 73 74 76 92 93 94 95 96 97:22379:-360 311 316 562 85 184 287 51 397 246 878 5880 1257 6955 457 2381 2492
92 93 94:2463:596 567 1300
1 30 36 47 73 74 82 83 88 92 93 94 95 96 97:25386:-720 104 185 57 35 113 594 367 641 13800 1977 5826 652 1193 562
3 4 65 72 73 74 83 92 93 94:6182:81 86 672 791 374 337 198 2300 136 1207
47 92 94:2300:74 1768 458
65 74 82 92 94:1261:114 253 75 548 271
1 38 47 63 64 65 72 73 74 75 82 83 92 93 94 95 96 97:13556:-720 365 322 1019 629 74 136 319 608 664 982 414 3517 270 3022 585 702 648
1 3 46 65 73 74 78 82 83 86 92 93 94 97 98:26911:-506 40 65 108 119 78 729 4714 52 13301 4587 641 1950 578 455
1 82 83 86:16928:-17710 8887 5742 20009
82 87:30873:29405 1468
1 48 92 93 94 95 97:3038:-280 30 1371 383 549 391 594
1 48 51 63 64 72 73 92 93 94 96 97:9466:-865 223 317 244 305 56 52 2173 253 4828 639 1241
1 82 86 87 89 92:8384:-15375 17722 3919 1097 693 328
92 94:348:176 172
1 63 70 75 76:14375:-459 1149 9955 1075 2655
46 73 92 93 94 95:7938:110 173 3491 339 3107 718
48 51:276:39 237
46 73 92 93 94 97:3582:78 53 1596 151 1177 527
1 46 48 51 92 93 94:1112:-738 35 65 504 516 595 135
73 92 93 94 98:4751:25 1721 719 1633 653
37 92 93 94:3534:91 1465 230 1748
1 46 48 64 72 73 76 83 92 93 94 95 97:17581:-360 138 135 88 26 40 2442 4058 5636 363 2656 254 2105
48 49 64 73 74 92 93 94 95:10459:68 428 106 281 42 4633 792 3723 386
92 93 94:1149:311 475 363
1 46 47 48 50 73 92 93 94 96:9129:-1964 452 58 36 298 27 3004 1448 4618 1152
48 64 72 74 92 93 94 96:5870:52 42 12 23 1577 171 3520 473
1 38 47 48 72 73 74 75 92 93 94:15192:-360 624 244 100 163 60 358 615 10232 347 2809
5 46 47 73 74 92 93 94 95 97:5819:500 87 56 45 77 2598 104 1441 258 653
1 4 46 47 48 51 63 64 67 72 73 74 92 93 94 95 96 97:22597:-1080 28 351 277 218 405 139 319 672 678 349 289 7819 656 6842 1042 1705 1888
1 46 74 92 93 94:7470:-360 115 81 4883 452 2299
38 46 48 67 72 73 92 93 94 97:9204:139 103 48 73 98 166 3536 964 3543 534
48 74 92 93 94 96 97 98:5963:36 103 1500 180 2182 755 553 654
46 48 50 73 78 92 93 94:4698:321 65 276 142 328 1721 73 1772
1 46 48 64 73 92 93 94 95 96 97:16928:-4123 232 234 113 242 8362 1776 7613 580 1244 655
1 46 72 73 75 92 93 94 96:6572:-360 44 28 99 304 3315 508 2069 565
36 50 65 73 77 92 93 94 96:5177:41 390 78 171 522 1422 766 1247 540
1 46 50 65 92 93 94:6173:-360 139 278 69 2829 522 2696
48 74 92 93 94 95 97:3864:111 90 1736 155 959 200 613
73 92 94:858:111 297 450
36 46 48 73 74 92 93 94 96 97:4614:200 104 36 183 28 482 515 1803 578 685
48 92 93 94:930:78 251 200 401
46 47 92 93 94 96 97:8121:44 282 2950 323 2370 1586 566
55 73 74 92 93 94:2829:6 160 65 1156 678 764
46 92 94:1725:150 1219 356
73 92 94 96:2259:130 994 610 525
48 73 92 93 94 95 96:8619:19 33 2839 970 4020 227 511
36 72 92 93 94 96 97:8050:164 66 2629 1049 3084 496 562
1 48:-5974:-6057 83
93 94:374:142 232
1 80 93 94:-3679:-5343 1175 177 312
92 94:296:197 99
1:-3222:-3222
1:-3993:-3993
93:80:80
93:100:100
93:180:180
94:385:385
48 72 92 93 94:1468:141 34 309 72 912
94:91:91
94:180:180
94:78:78
4 48 92 93 94:3945:41 102 1758 611 1433
94:68:68
94:78:78
1:-91:-91
93:70:70
94:84:84
94:30:30
93 94:406:180 226
48 74 93 94:433:117 25 123 168
94:150:150
93 94:289:85 204
1:-4961:-4961
1:-165:-165
93:90:90
93 94:252:154 98
1:-16475:-16475
48 94:362:95 267
93 94:386:131 255
73 94:869:158 711
94:35:35
94:72:72
74 94:200:82 118
93 94:260:129 131
48 94:180:110 70
92 94:268:118 150
1 94:-257:-433 176
1 66 72 94:-603888:-605970 1184 582 316
93 94:244:94 150
48 51 94:367:65 242 60
93:64:64
93:173:173
48:185:185
94:167:167
92 94:364:124 240
46 47 48 93 94:684:73 99 152 160 200
93:92:92
94:81:81
93:79:79
48 94:133:55 78
94:170:170
93 94:378:191 187
47 94:387:15 372
1 38 64 72 74 77 92 93 94 96 97:-3904:-12370 503 52 288 22 767 1545 302 1883 2207 897
94:86:86
1 38 46 63 72 83 92 93 94 96 97:19720:-235 119 45 615 192 9704 1391 200 2371 1756 3562
46 63 64 68 82 92 94:9445:184 641 121 749 6629 1001 120
1 36 38 47 51 73 74 75 76 83 92 93 94 95 96 97:17815:-5200 226 453 57 230 100 312 300 3543 2532 1691 1040 4802 145 5845 1739
72 92:470:162 308
1 66:160:-1050 1210
1 76:148:-9708 9856
1 65 67 69 72:2044:-240 549 235 1350 150
67:800:800
83:4037:4037
46 75 82 83 94:6991:170 2040 1865 1408 1508
36 63 65 67 83 92 94 96:7470:386 220 2100 594 1707 1667 215 581
38 72 83 92 95:3558:279 319 2258 504 198
72 82 83 92 95:7823:152 5801 926 688 256
1 82 83:6196:-440 2042 4594
1 46 76 92:1858:-720 54 2234 290
1 74:-1043:-1080 37
74 83 92 94 95:8029:29 2633 3514 1310 543
1 46 48 63 65 74 78 82 92 93 94 95 96 97:7819:-2638 158 93 226 202 22 226 842 2445 376 2566 351 634 2316
47 73 84 92:1610:59 183 256 1112
92 94:1159:971 188
1 46 48 51 65 72 73 74 76 80 82 83 86 87 89 92 93 94 95 96:32171:-6805 115 119 242 523 728 253 339 819 4903 2945 781 10677 3482 726 6163 658 4545 344 614
72 92:495:30 465
1 92 95:915:-360 1021 254
38 74 82 87 92 93 94:6836:480 65 949 746 3927 284 385
46 48 73 82 87 92 94 95:8911:100 68 133 217 648 5134 1112 1499
1 47 74 82 88 92 93 94 95:5814:-720 243 76 1315 357 2244 66 1553 680
46 72 82 87 88 92 94 95 97:10843:171 395 1258 1067 365 5118 1161 768 540
1 48 72 75 82 83 87 92 94 95:11476:-360 287 458 749 1803 2541 1214 3403 606 775
19 46 64 82 87 92 94 95:4662:31 156 89 308 364 2354 670 690
73 82 83 92 94 95:5554:118 97 351 3075 1327 586
47 73 82 87 92 94 95:5625:181 48 865 217 3129 949 236
38 42 46 47 64 65 66 72 73 74 75 76 77 82 83 88 92 94 95:14492:854 424 146 139 122 651 1118 1580 248 138 400 2005 735 1079 1563 120 1411 572 1187
1 16 42 46 53 64 67 72 73 74 77 82 87 92 93 94 95 100:22178:-4606 76 588 319 892 704 626 790 203 112 60 4142 3660 9397 155 3039 1387 634
47 73 92 94:864:59 186 468 151
1 47 48 64 72 73 74 82 87 88 92 93 94 95 96:13105:-360 166 132 76 56 184 228 943 1330 358 6300 81 2245 809 557
47 63 92:308:106 98 104
74 92 94:1179:25 209 945
1 64 92 94:3043:-360 114 897 2392
1 47 72 92 93 94:-3944:-8370 183 152 2186 71 1834
82 87 96:3086:2069 506 511
65 87 92 94 95 96:3580:120 1374 269 989 258 570
46 51 78 92 93 95 97:5621:123 258 241 2778 150 1521 550
82 87 92 93 94 95:12545:3061 351 5507 108 1983 1535
1 36 46 47 82 92 94 95:5482:-720 141 293 170 979 2606 313 1700
94:159:159
1 82 87 88 92 93 94 95 97:6887:-549 417 146 394 3297 130 753 1772 527
92 94:809:530 279
1 46 48 73 74 82 83 87 92 93 94 95:22166:-3240 58 69 38 12 2402 1078 1276 9700 493 9433 847
65 73 82 92 94:2263:645 37 459 780 342
1 46 48 64 73 74 92 93 94:971:-3967 134 260 68 36 150 1933 361 1996
1 46 48 92 94:394:-360 68 48 417 221
1 94:2553:-975 3528
1 94:-570:-720 150
1 65 68 70 92:16:-3409 581 1053 1696 95
48 93:159:71 88
63 64 65 72 73 74 92 94 96:4465:426 170 796 322 71 56 579 1291 754
63 64 65 72 92 93 94:2759:302 648 252 159 655 432 311
1 92 93 94 96 97:572:-3648 630 181 1299 678 1432
1 94:-2797:-3154 357
1:-368:-368
1 46 51 92 93 94:3031:-732 138 878 813 670 1264
1 46 48 92 93 94:3388:-587 66 194 1357 508 1850
1 47 92 93 94 98:1487:-1280 57 2018 87 91 514
48 92 94 96:1491:58 600 299 534
92:144:144
1 48 92 93 94 97:1714:-360 191 133 275 944 531
1 68 92 93 94:-1793:-4865 1284 917 186 685
73 92 93 94:3586:63 1480 342 1701
1 46 92 93 94 97:304:-1130 29 254 109 401 641
1 73 92 93 94:-629:-2374 44 799 292 610
1 46 48 65 66 92 94 98:-704:-4983 88 46 827 1440 138 802 938
1:-3751:-3751
1 94:-6431:-6874 443
1 92 94:-4287:-4807 320 200
1 70 73 74 82 92 93 94 95 96:11933:-1168 7244 145 145 49 2149 249 1551 920 649
1 65 92 94 97:1903:-496 527 352 950 570
87 92 94 98:1908:696 334 378 500
1 48 73 74 92 94:1951:-1086 35 90 17 1986 909
1 83 85:5192:-8259 13263 188
1 65 73 82 83 92 93 94 98:-5645:-13515 1111 88 2821 1343 1038 87 909 473
1 80:-31906:-37416 5510
1 92:-3505:-3921 416
1 83:-8606:-15089 6483
1 82 92 94:6309:-8515 13548 824 452
1 72 92 93 94:2059:-894 62 1231 242 1418
1 48 65 92 94 95:1625:-1904 48 866 1625 746 244
1 82 92 93 94:3645:-13310 14989 985 444 537
1 48 65 73 74 92 94 95:5209:-2415 55 151 156 62 4584 2413 203
1 48 67 74 86 92 93 94:7494:-13904 28 312 55 16873 2956 213 961
1 92 94:1186:-200 854 532
63 65 66 67 73 78 93 94:4755:403 824 1133 281 140 1189 183 602
1 48 72 74 92 93 94 98:3131:-600 111 140 21 1047 268 1634 510
1 47 92 93 94 95:-93:-2706 258 1326 316 502 211
1 73 92 94:2845:-200 153 1869 1023
1 72 92 94 95:-477:-2109 123 1045 131 333
98:489:489
1 2 38 46 63 64 66 69 72 73 75 92 93 94 97:25719:-4088 34 229 385 55 514 7500 10530 380 372 1784 3651 823 2921 629
94:111:111
48 92 93 94:3466:114 1536 244 1572
46 92 93 94 97:3000:52 1460 249 614 625
1 64 82 83 92 93 94 98:2014:-1090 29 1027 359 668 226 317 478
48 92 94 96 99:3321:101 949 1288 657 326
73 74 92 93 94:3806:80 50 2127 624 925
1 94:153:-321 474
92 94:1223:515 708
1 92 94 97:267:-720 140 155 692
46 48 72 73 92 93 94 96 98:11305:166 49 22 83 2778 2663 4478 542 524
92:367:367
46 72 74 92 93 94:1166:50 70 126 256 191 473
1 46 64 65 72 74 92 94:2014:-1264 68 312 90 649 170 1918 71
77:323:323
92:443:443
1 46 92:-1572:-2100 153 375
1 46 48 64 72 73 74 92 93 94 95:7258:-1068 270 163 255 551 32 118 3276 420 2949 292
46 48 51 72 73 74 75 92 93 94 96 97:12194:59 192 256 228 91 106 460 3091 856 5511 559 785
48 92 93 94:1629:93 249 303 984
1 46 48 64 92 93 94 95:2844:-550 167 49 197 1111 285 1252 333
46 73 92 93 94 95:6323:64 222 1609 389 3822 217
94:89:89
1 46 48 51 64 72 73 74 75 78 82 92 94 96 97 98:8492:-794 78 179 318 84 833 54 870 742 467 97 440 2534 1218 554 818
65 74 94 97:1285:272 272 164 577
1 64 72 73 75 92 93 94 98:2645:-2556 80 109 103 503 1962 497 1226 721
92 94 97 98:2208:557 598 596 457
64:150:150
1 87 92 93 94:1227:-200 365 457 176 429
46 48 92 94:2127:117 39 988 983
48 73 92 93 94:4705:119 112 930 2307 1237
1 92 93 94 95 97:1165:-256 317 78 179 219 628
1 46 48 72 73 74 92 93 94:2758:-360 51 164 26 38 28 1469 115 1227
1 46 48 73 74 92 93 94 98:-27707:-33525 44 124 9 142 1297 994 2616 592
1 46 48 64 65 73 74 92 93 94:4446:-300 142 127 87 161 29 35 1051 387 2727
48 93:111:42 69
1 48 92 93 94:3626:-432 76 1363 755 1864
1 92 93 94:2870:-235 1338 328 1439
48 92 93 94:1381:36 471 75 799
65 72 73 92 93 94:1571:136 260 203 392 296 284
1 46 48 92 93 94 96 97:6722:-970 98 69 2282 1264 2206 493 1280
1 36 37 46 48 64 72 73 74 82 84 87 92 93 94 96 97:15865:-1190 69 120 24 145 608 1477 245 123 1628 748 481 3480 871 3572 527 2937
1 19 46 47 48 64 73 82 92 93 94 96 97:16175:-7451 21 55 103 124 278 120 9133 5403 1185 3541 1548 2115
1 48 74 92 93 94 96:2352:-738 125 106 493 110 1015 1241
46 48 65 73 82 92 93 94 96 97 98:12705:119 76 234 133 688 2804 1901 3430 1497 792 1031
1 46 48 73 88 92 93 94 96 97:4138:-254 91 47 50 334 203 561 1579 713 814
94:269:269
1 48 72 92 93 94 96:4316:-455 43 132 1439 573 670 1914
94:401:401
47 74 82 85 92 93 94 96 97:11285:43 118 3134 159 3544 246 1101 1078 1862
1 46 48 72 73 82 92 93 94 96:12648:-1826 231 141 13 29 7728 1838 883 2395 1216
93 94 96 98:1600:223 356 526 495
1 31 38 48 72 74 82 83 92 93 94 95 97 98:16169:-2818 37 140 188 24 59 7791 5495 2408 505 494 555 744 547
1 92 93 94:1469:-497 701 802 463
1 46 48 63 72 73 75 92 93 94 95 96 97:8243:-464 59 90 260 253 98 779 2557 1137 1315 258 782 1119
1 47 72 73 92 93 94 95 97 98:-3574:-10034 70 342 61 1449 149 3150 162 620 457
1 47 48 64 74 85 92 93 94:9144:-1923 51 281 62 157 230 7471 187 2628
1 47 48 55 64 72 73 74 92 93 94 95 96 98:11113:-840 108 59 16 175 25 301 54 5145 417 3396 473 1172 612
1 4 46 47 48 65 72 73 74 82 83 88 92 93 94 95 97 98:20302:-369 37 91 79 51 300 49 114 35 616 215 248 11598 675 3754 225 2054 530
1 92 93 94 95 97:5359:-360 2825 212 935 795 952
1 48 64 72 73 74 75 78 87 92 93 94 95 98:16634:-2238 195 276 237 226 146 339 281 644 10230 1056 3882 848 512
1 46 47 48 72 73 74 82 87 92 93 94 95 97:19207:-771 86 78 219 70 58 244 2250 384 10246 663 4100 1031 549
1 73 92 93 94 95 96 99:5350:-360 28 2514 247 1063 137 985 736
1 47 48 65 73 74 88 92 93 94 95 97:12308:-390 200 89 215 32 108 620 8129 212 1716 627 750
38 74 78 92 93 94 95:10775:431 33 335 5320 903 3342 411
48 72 92 94 96:2119:40 95 1380 129 475
1 74 92 94 95:-2271141:-2273053 19 1306 366 221
1 48 92 94:3250:-720 36 3157 777
3 20 37 46 74 82 92 93 94 95:11771:79 1 186 74 391 482 7921 170 1710 757
1:-1661:-1661
64:488:488
94:160:160
1 46 65 70 92 94:4972:-1767 53 247 4237 966 1236
1 46 47 63 64 77 92 93 94 95:6020:-456 120 42 147 441 242 3156 164 1843 321
48 72 92 93 94:1270:117 41 217 435 460
1 46 48 64 65 72 92 93 94 95:4757:-1440 88 34 307 583 462 2211 558 1405 549
1 63 64 65 72 74 75 84 92 93 94:4826:-2445 378 1214 1070 613 137 1484 335 871 368 801
1 64 72 92 93 94 96 97:4221:-2209 462 157 2262 281 2131 519 618
83:54:54
57 63 69 70 76:27519:346 541 9572 13387 3673
1 48 74 79 92 94:1909:-10260 83 76 9981 662 1367
48 73 93 94:662:40 114 293 215
46 93 94:788:146 412 230
1 2 64 65 66 68 73 74 92 93 94 95:4334:-5468 29 179 240 1356 2121 62 54 2975 860 1459 467
1 64 65 92 93 94 95:2459:-350 22 643 644 230 985 285
64 72 93 94 97:1890:417 350 210 243 670
1 92 93 94:-1963:-3556 689 134 770
1 64 72 85 92 93 94 98:8378:-1258 134 80 1953 4164 540 2312 453
92 93 94 96:3774:2481 108 599 586
73 85 92 94:3696:39 2337 505 815
1 36 46 48 63 64 72 73 74 82 83 85 92 93 94 95 97:-47561:-78075 357 106 170 112 400 145 632 368 18090 59 1194 1838 1088 3296 339 2320
1 48 64 72 74 92 93 94 96 97 98:18194:-375 458 212 79 380 3558 1171 5866 3580 2691 574
1 46 48 64 73 74 92 93 94 96 97:4560:-392 36 70 105 246 174 915 363 1238 1036 769
83:14968:14968
1 47 48 64 65 73 74 92 93 94:5149:-347 130 168 99 348 189 244 1162 1881 1275
46 72 74 82 92 93 94:8952:123 47 54 5177 1831 519 1201
1 36 47 48 64 73 74 92 93 94 96:9340:-740 16 85 153 65 208 269 2630 1054 4455 1145
74 92 93 94 97:2909:104 336 259 566 1644
46 48 63 64 65 72 73 74 92 93 94 97 98:15387:210 133 134 57 18 82 355 122 6216 1627 5005 956 472
48 74 92 93 94:2646:41 68 290 334 1913
48 64 92 93 94:2297:54 142 755 430 916
1 48 74 92 93 94 97:5263:-360 431 176 1649 232 2331 804
1 48 92 93 94:2264:-360 212 793 102 1517
48 74 92 93 94 96:4026:57 15 1143 430 1883 498
92 93 94:1646:558 585 503
46 48 63 74 92 93 94:3165:120 105 450 9 184 1261 1036
1 72 73 82 92 94:3890:-371 457 43 416 1747 1598
1 48 73 76 92 93 94 97:3795:-1800 114 56 1537 1419 415 1373 681
1 47 48 72 74 82 92 93 94 95:11846:-606 82 15 338 174 709 6816 785 3175 358
1 20 73 87 92 93 94:12747:-360 93 199 430 7058 376 4951
1 92 93 94:1937:-355 738 567 987
1 46 47 48 63 64 72 73 74 82 87 92 94 95 97:6746:-950 84 52 52 187 34 503 112 270 1503 315 1871 1421 768 524
1 37 46 48 64 65 67 72 76 82 92 93 94 95:17166:-720 96 85 392 69 231 769 196 705 999 8348 1688 4012 296
3 48 72 73 74 76 92 94 96:4352:36 80 561 59 143 876 1111 742 744
1 64 65 72 73 92 93 94 95 96 97:20113:-720 348 232 485 136 4903 1186 9688 505 1426 1924
48 92 93 94:2023:63 1120 137 703
92:202:202
1 36 39 46 72 74 76 92 93 94 96 98:11075:-1020 154 1147 56 638 156 3496 1735 785 1619 1842 467
1 92:111:-215 326
1 46 47 48 63 64 65 72 73 74 75 76 78 82 88 92 93 94 96 98:-14390:-49501 201 217 173 920 533 243 1125 436 1957 2002 3206 274 139 509 8633 2502 10178 1345 518
50 72 73 74 92 93 94 95 97:5645:274 28 465 98 1691 158 1666 474 791
46 48 72 73 74 92 93 94 96 97 98:10666:320 357 299 129 321 3094 1690 2661 601 598 596
48 73 92 93 94 97:6905:92 47 2155 774 3205 632
1 46 48 65 72 73 74 75 87 92 93 94 95 96 97:39425:-360 447 292 173 1017 213 451 340 548 13724 3123 15606 543 1120 2188
46 72 73 74 92 93 94 96:11306:139 2198 420 385 2448 267 4663 786
1 36 46 47 72 74 82 92 93 94 95 96 97 98:18648:-360 136 446 132 397 231 401 8089 690 6210 194 595 694 793
46 47 48 64 65 72 73 74 92 93 94 96:16363:84 122 95 168 140 365 47 245 8308 838 4505 1446
92 94:712:122 590
94:243:243
4 46 55 72 73 92 93 94 97:4440:76 131 126 73 50 1965 467 633 919
1 3 73 92 93 94 97:9531:-220 20 130 4129 418 3661 1393
47 92 94:341:41 232 68
36 46 47 72 73 74 82 92 93 94 96 97:11151:84 344 81 369 343 148 943 3513 695 3331 607 693
1 48 50 73 74 92 93 94 96 97 98:5776:-720 52 371 137 217 997 744 2275 524 581 598
65 72 73 92 93 94 95:6115:381 27 269 2482 802 1672 482
46 47 48 92 93 94 97:4786:58 56 110 1368 570 2049 575
46 92 93 94 95:3796:60 1595 404 1590 147
1 94:211:-204 415
1 46 72 92 93 94 95 98:9838:-2159 47 75 2432 1594 6651 627 571
1 48 65 92 93 94:1660:-2408 51 185 298 577 2957
1 48 92 94:198:-242 55 124 261
1 48 64 92 94:1430:-307 54 106 425 1152
94:778:778
1 65 72 73 92 93 94 95 97:7449:-655 178 95 279 2935 747 2710 520 640
1 92 93 94 97 100:-37183:-41081 134 660 1155 1322 627
82 88:10529:10433 96
46 48 74 83 92 93 94:10830:88 161 18 6736 1512 751 1564
38 46 48 50 64 68 73 74 77 92 93 94 96:12684:880 127 137 352 321 724 14 310 404 4205 730 2863 1617
1 46 73 92 93 94:1758:-316 52 19 1138 397 468
1 48 92 93 94 96 98:6288:-360 68 1853 802 2366 982 577
46 47 48 72 92 93 94:3123:51 125 237 74 829 654 1153
1:-267:-267
1 72 92 94:192:-892 80 867 137
97:966:966
1 82 94:4876:-6677 11476 77
1 48 73 74 82 85 92 93 94:3770:-2316 44 78 29 365 2710 927 900 1033
1 46 48 72 73 92 93 94 97:2527:-3256 66 207 48 160 1996 150 2068 1088
36 48 73 74 85 92 94 96 97 98:7892:90 113 154 29 2710 502 972 1558 744 1020
1 48 82 92 93 94 96 97:11857:-560 85 4849 3736 833 931 1038 945
92 94:700:508 192
1 20 48 50 73 82 92 93 94:6311:-680 5 178 538 21 2006 1949 414 1880
1 48 64 83 92 93 94 95 96:4223:-3853 66 119 1902 1057 917 3371 135 509
1 46 48 92 93 94 96 97:-25572:-31463 30 50 550 103 1135 1490 2533
1 83 94:-5167:-12431 6654 610
94:346:346
1 46 47 48 74 92 93 94:673:-210 67 92 55 38 269 80 282
1 46 47 92 94:-2767:-3800 265 172 351 245
72 73 92 94 95:2838:134 21 1665 761 257
46 47 72 92 94:4492:217 109 429 1592 2145
92:323:323
46 47 48 73 92 94 95:7946:275 98 79 31 5818 1474 171
46 47 72 92 94:4264:266 61 71 2342 1524
46 92 94:2147:226 1551 370
1 46 47 92 94 95:4168:-222 720 246 2286 956 182
1 46 47 73 92 93 94 95 97:823:-2384 61 78 138 1949 50 212 155 564
1 46 47 92 94 95:2027:-216 41 113 1292 593 204
92 94:278:164 114
72 92 93 94:1474:111 537 116 710
1 92 94:2473:-489 2085 877
46 92 93 94:2348:79 910 186 1173
1 74 92 94:-40997:-42266 24 368 877
1 46 47 92 93 94:2341:-210 39 111 731 202 1468
1 30 48 72 73 74 92 93 94 95 97:5237:-420 18 152 36 50 67 2318 493 1621 207 695
1 48 72 92 93 94:2147:-1060 214 21 2316 90 566
1 46 48 64 92 93 94 97:4204:-501 94 209 78 1969 508 1260 587
1 48 92 93 94:973:-414 248 226 241 672
1 48 73 92 93 94:1510:-406 40 36 1054 293 493
1 48 92 93 94:2675:-2126 228 2271 936 1366
1 48 73 74 92 93 94 97:-26443:-30779 147 133 36 1990 510 982 538
1 93:-5976:-6116 140
94:104:104
1 93:-1849:-1918 69
1 94:-1843:-1970 127
1 93:-1281:-1333 52
1 92:225:-158 383
1:-4736:-4736
1 92 94:-6407:-6894 224 263
1 93:-8860:-8945 85
1:-373:-373
1 48 84:-8337:-9124 60 727
1:-636:-636
1 48 94:-7594:-7799 30 175
1:-4979:-4979
1:-544:-544
92:382:382
1:-290000:-290000
1:-290000:-290000
72:176:176
1:-360:-360
1:-400:-400
1:-360:-360
1:-9000:-9000
92:513:513
1:-1407:-1407
1:-380:-380
1:-2090:-2090
1:-1800:-1800
1:-5450:-5450
1:-416:-416
1 72 94:-17869:-18000 28 103
1:-735:-735
1 74:-507:-726 219
1:-817:-817
1:-1815:-1815
1:-300:-300
1:-1796:-1796
1:-312:-312
1:-420:-420
1:-722:-722
1:-1132:-1132
1:-1153:-1153
1:-390:-390
1:-1096:-1096
1:-1010:-1010
1 92:-8317:-8702 385
1:-1050:-1050
1:-1440:-1440
1:-360:-360
1:-785:-785
92:258:258
1:-360:-360
1:-374:-374
92:170:170
1:-360:-360
1:-1972:-1972
1:-360:-360
1:-418:-418
1:-705:-705
1:-360:-360
1:-1095:-1095
1:-360:-360
1:-181:-181
1:-360:-360
1:-360:-360
1 46 48 92:-658:-1139 53 91 337
64 97:851:185 666
1:-360:-360
1:-360:-360
1:-360:-360
46:36:36
1:-514:-514
1:-360:-360
1:-720:-720
1:-371:-371
1:-360:-360
1:-158:-158
1:-4704:-4704
1:-360:-360
1:-720:-720
1:-470:-470
1:-1123:-1123
95:364:364
1:-360:-360
1:-360:-360
1:-360:-360
1:-720:-720
1:-357:-357
1:-360:-360
1:-1004:-1004
1:-360:-360
1:-369:-369
1:-16196:-16196
1:-924:-924
1:-540:-540
1 31:-610:-639 29
1:-2010:-2010
1:-7194:-7194
1 96:-1423:-2218 795
1:-403:-403
1:-3375:-3375
1:-360:-360
1:-360:-360
1:-507:-507
48 93:884:78 806
1:-1035:-1035
1:-360:-360
1:-390:-390
1:-360:-360
1:-570:-570
1:-360:-360
1 48:-1108:-1119 11
1:-1096:-1096
1:-360:-360
1:-2313:-2313
1:-1809:-1809
92 94:690:319 371
1:-2520:-2520
1 93:-308:-373 65
1:-375:-375
1:-6067:-6067
1:-754:-754
1:-1034:-1034
1:-522:-522
1:-200:-200
1:-723:-723
1:-1763:-1763
1:-200:-200
1:-18370:-18370
46 65:145:99 46
93:123:123
1:-720:-720
1:-800:-800
1:-720:-720
74 93:268:27 241
76:686:686
1:-324:-324
1:-696:-696
1:-465:-465
1 64:-1296:-1425 129
1:-2160:-2160
1:-1897:-1897
1:-4058:-4058
96:480:480
1:-3215:-3215
1:-1080:-1080
1:-720:-720
1 94:-278:-360 82
1:-1440:-1440
93 97:675:134 541
1:-360:-360
1:-4161:-4161
1 47:-7742:-7800 58
73 93 98:883:23 343 517
1:-360:-360
1 94:-12627:-12877 250
1:-200:-200
1:-800:-800
1:-520:-520
1 94:-553:-750 197
1 92 93:-32311:-32710 274 125
1:-818:-818
1:-61356:-61356
1:-258:-258
1:-1017:-1017
1:-607:-607
1 48 72 73 74 75 78 93 94 96:3217:-316 82 19 251 291 322 253 362 1486 467
1 65 73 74 77 92 93 94:-2479:-7300 79 157 103 788 583 641 2470
46 92 93 94 95:6723:224 386 1102 4834 177
47 48 73 92 93 94:6732:62 453 43 1053 1401 3720
46 47 48 73 74 92 93 94:6928:170 216 33 31 13 527 2507 3431
46 48 50 92 93 94:8431:85 60 268 964 1916 5138
73 92 93 94:7982:48 2090 1517 4327
37 48 92 93 94 98:2953:51 144 690 582 914 572
46 93 94:1415:424 590 401
1 3 74 92 93 94 95:-94:-1504 9 96 253 171 478 403
94:100:100
1 46 48 65 72 73 74 92 93 94:7000:-130 577 35 40 316 448 213 1470 551 3480
46 47 48 73 74 92 93 94:4405:670 99 201 40 49 225 1027 2094
48:39:39
1 46 48 64 74 85 92 93 94 97:3899:-3600 264 150 80 71 42 2185 1222 2677 808
47 92 93 94:3342:157 461 537 2187
1 92:-5956:-6295 339
48:105:105
94:192:192
93 94:285:200 85
74 92 94:1006:67 101 838
1:-402:-402
93:59:59
93:139:139
92 94:1064:654 410
1 46 48 51 64 65 73 74 88 92 93 94 95:11305:-819 467 298 332 256 197 269 97 319 3118 501 5952 318
1 37 48 65 73 74:-546:-1570 135 73 402 140 274
36 46 47 48 64 72 75 92 93 94 95 96 97:16663:343 626 135 337 232 179 455 5982 1561 4657 898 660 598
1 46 48 74 75 83 88 92 93 94 97:7039:-506 149 45 180 1704 151 149 1857 187 1529 1594
1 46 47 48 64 72 74 78 92 93 94 95:-27705:-37619 135 50 123 78 108 12 330 3276 1445 4132 225
1 92 94:-3900:-4680 512 268
48 72 73 75 92 94 96:4147:110 55 98 1276 1075 1038 495
46 73 74 92 94 95 97:4865:43 27 37 925 2769 306 758
1 4 46 47 64 72 73 74 75 76 92 93 94 96 97 98:19157:-1417 18 289 313 35 221 169 430 1454 916 4922 431 9012 1169 638 557
46 48 72 74 75 92 94 96:5102:261 194 9 88 919 793 1149 1689
88 92 93 94:2794:250 952 345 1247
73 92 93 94:2450:42 1089 425 894
48 50 92 93 94:2909:138 369 933 391 1078
73 74 76 92 94 97:5638:52 59 1115 2560 1306 546
48 73 92 94 97:2545:23 267 860 766 629
92 93 94 97:2615:326 955 612 722
73 74 94:644:56 51 537
47 75 92 93 94 96:3606:444 471 427 100 1693 471
46 92 94 95:3072:126 930 1775 241
46 73 92 94 96:3575:264 28 1072 1741 470
1 46 48 51 65 72 73 75 77 92 93 94 96:11548:-600 704 302 427 111 35 86 613 961 1507 1849 5012 541
73 74 78 92 94:1789:65 164 722 413 425
1 46 47 48 72 74 75 92 93 94 97:9179:-1500 693 243 343 91 54 569 1143 2096 4881 566
51 72 73 92 94:1750:236 145 48 343 978
1 46 47 48 75 92 93 94:5555:-300 212 223 250 398 1138 961 2673
1 46 47 48 74 92 93 94:3766:-1275 270 229 45 52 382 909 3154
1:-300:-300
94:279:279
46 48 63 64 72 73 74 92 93 94:5035:79 184 146 285 339 367 15 908 560 2152
48 73 92 93 94:1840:151 121 435 722 411
46 47 48 73 74 92 93 94 96:4868:284 54 35 23 96 1215 1229 1416 516
1 93:-233:-300 67
46 47 50 72 73 93 94:1626:55 35 467 13 116 133 807
48 50 67 73 74 78 92 93 94:6078:26 274 495 67 194 392 1678 95 2857
46 50 72 73 92 94:3977:663 426 116 176 1152 1444
46 47 50 73 74 92 94 98:3675:231 100 318 16 54 702 1466 788
46 48 72 74 92 93 94:7373:348 535 74 33 781 1735 3867
46 92 94:1338:27 658 653
38 46 47 73 92 94:2705:165 322 296 269 746 907
74 94:321:66 255
46 47 73 78 92 94 95 97:6526:229 118 9 356 2594 2249 433 538
1 46 48 50 51 65 72 73 74 92 93 94 95 96 97 98:14953:-3300 321 52 442 512 900 92 227 287 5703 1053 5500 333 1269 1071 491
1 46 74 92 93 94 95 97:10121:-1126 204 380 6134 404 3400 200 525
1 46 92 94:1531:-300 80 423 1328
1 46 64 72 73 92 94:2608:-1200 60 243 120 47 1196 2142
47 51 72 74 92 93 94 95 96:7104:27 294 457 49 1914 525 2618 215 1005
1 46 72 73 74 76 78 84 92 93 94 96 97:6582:-1200 120 262 142 142 1857 710 257 1585 655 1032 468 552
1 48 64 82 87 88 92 95 97:14785:-2552 37 36 6062 4332 1290 3828 1186 566
1 47 80 82 92 94 95:2128:-7313 209 1547 3408 2944 616 717
1 82 87 92 100:2255:-1410 880 728 1462 595
92 93 94 96:4642:1868 170 1609 995
1 26 48 54 56 63 64 65 67 72 76:-9779:-20514 373 195 1409 400 2856 678 1513 632 1958 721
1 72 76 82 87 92:6562:-1920 292 1174 5752 287 977
1 46 65 70 92 93 94 97:3812:-363 52 125 2036 1099 67 190 606
1 47 64 72 73 74 92 93 94 96 100:12593:-400 154 89 540 110 39 4144 301 5794 1058 764
47 51 73 92 93 94 96:3771:250 286 110 1170 417 961 577
1 66 75 76 92 93 94:5705:-36 967 608 1024 2163 157 822
46 94:179:56 123
46 65 72 74 78 92 93 94 97:8702:143 790 288 166 654 2357 292 3374 638
48 92 93 94:1845:107 623 824 291
92 94 97:1773:572 676 525
1 63 65 66 67 72 73 74 75 92 93 94 96:-10405:-23028 3138 2865 1441 676 122 42 30 423 701 224 1218 1743
1 46 63 92 94 96:652:-1317 90 569 152 580 578
1 47 72 82 87 92 94 95 97:6296:-425 47 62 1622 1395 1565 798 619 613
92 94 95:708:127 224 357
47 63 64 74 92 94 96:4038:136 329 473 282 855 1464 499
48 92:512:50 462
73 92 93 94:2015:67 565 473 910
46 64:206:52 154
1 73 92 94:-1928:-4024 37 190 1869
1 46 63 65 67 72 73 74 82 92 93 94:7415:-6868 168 363 485 1059 230 258 401 5164 2710 411 3034
48 64 73 92 93 94 96 97:5842:123 150 13 253 1536 1365 1609 793
46 72 74 77 92 93 94 96 97:7364:136 351 228 31 1900 634 2989 469 626
1 46 47 48 64 65 72 73 74 78 92 93 94 96 97 98:14365:-885 622 266 15 117 193 537 75 75 278 4387 621 5914 1039 646 465
1 38 46 47 50 51 64 65 72 73 74 76 78 92 93 94 95 96:25131:-395 249 452 268 314 633 135 168 926 601 528 2668 270 5917 1931 9693 264 509
46 47 51 73 74 92 93 94 98:9317:196 263 230 141 251 2449 2290 3043 454
1 46 47 48 55 72 73 75 92 93 94 96:12143:-300 445 390 54 34 63 81 1143 3994 889 4683 667
48 63 64 73 92 94 96:7164:94 62 54 61 2740 3650 503
48 72 92 93 94:2365:55 32 1001 454 823
46 47 48 73 92 93 94 95:4942:231 146 254 32 416 152 3581 130
1 48 92 93 94 98:3046:-298 176 1270 563 877 458
1 46 64 65 73 74 92 93 94 95 96 98:14423:-1494 159 1167 447 423 111 2171 1087 7061 447 1044 1800
47 64 73 94 96:1809:167 251 174 515 702
1 36 46 48 55 63 64 65 68 70 72 73 74 75 77 78 92 93 94 95 96 97 100:31919:-975 130 725 382 273 803 803 1441 1091 2573 1102 1018 1442 633 327 308 6053 2025 9096 774 489 566 840
47 67 74 92 93 94:2887:104 93 93 400 225 1972
1 46 47 48 51 64 65 72 73 74 92 93 94 96 97:11155:-344 316 71 306 232 120 300 272 17 217 2906 1506 4049 618 569
48 64 92 93 94 99:2638:160 50 537 87 1500 304
1 46 48 51 72 73 74 92 93 94:4971:-592 333 87 373 70 191 31 1281 847 2350
1 6 46 47 48 63 64 65 72 73 74 75 92 93 94 96 97:14324:-244 118 402 203 107 663 722 923 324 262 77 1224 3281 468 3996 1248 550
49 72 92 93 94:3056:401 19 771 601 1264
1 93 94:606:-251 512 345
46 72 73 76 92 93 94 96:8678:43 177 14 3693 1554 272 1489 1436
1 46 48 82 87 92 93 94:7226:-1080 312 122 969 554 1674 1733 2942
1 46 48 51 64 73 74 83 92 93 94 96 98:5959:-440 123 141 300 93 21 206 58 1702 678 1339 1228 510
1 46 47 48 50 72 92 93 94 95 96:6414:-1520 374 205 31 282 120 1352 1059 3705 310 496
1 92 94:414:-531 774 171
1 48 92 93 94 95 97:7778:-423 60 3579 745 2748 511 558
1 48 92 93:454:-382 59 578 199
1 36 48 73 74 92 93 94 96 97:10789:-752 33 164 28 71 3199 459 5398 1594 595
48 51 65 75 92 93 94 95:6373:42 417 364 410 3024 475 1410 231
93 94:1034:853 181
46 92 94 95:2127:336 1132 378 281
1 37 72 92 93 94 97:4581:-954 284 191 1624 1250 1647 539
1 46 47 64 67 72 73 74 76 83 92 94 96:15723:-720 307 77 233 352 39 718 133 3920 3570 2362 2504 2228
74 92 97:861:50 216 595
92 93 94:1147:642 93 412
72 92 93 94 96:8301:20 3803 549 3442 487
46 72 73 75 92 94 96 98:7378:60 156 30 1196 2220 2657 601 458
64 92 93 94 96:7502:121 3201 258 3450 472
64 75 92 94:2604:327 1125 928 224
72 93 94:464:9 222 233
1:-2514:-2514
1 38 46 48 50 64 65 72 73 74 78 92 93 94 96 97:5598:-2818 128 36 205 384 155 134 54 27 16 281 1307 359 2713 1535 1082
93:750:750
46 92 94 95:2779:107 1373 952 347
92 93 94 96:1867:310 125 946 486
92 94:2023:1050 973
1 2 80 93 94 96:6433:-3438 52 8996 101 146 576
48 73 92:441:171 125 145
1 4 65 67 72 73 74 92 93 94 96 97 98:9083:-2171 36 231 250 46 34 70 2223 900 3764 522 2642 536
1 38 47 64 72 73 74 92 93 94 96 97 98:7547:-420 199 290 120 43 28 132 3660 741 1203 464 532 555
92 94:691:285 406
47 74 92 94 95 96:6928:186 64 3588 2373 250 467
65 73 92 93 94 96 97:5929:175 73 2323 650 1644 483 581
1 46 48 64 74 92 93 94 96 97:7389:-319 121 44 33 279 3145 395 2093 475 1123
46 92 94 95:3310:50 1699 1273 288
46 63 92 93 94 96:5261:109 135 972 221 3295 529
46 92 93 94 95:1356:35 400 341 145 435
1 4 46 47 72 74 92 93 94 95 96 100:9260:-720 27 78 245 427 60 2191 456 4109 726 1026 635
92 93 94:1896:1550 180 166
1 47 67 74 76 92 93 94 96 97 98:12560:-360 205 824 23 3250 2524 154 4382 474 610 474
1 46 48 64 72 73 74 82 92 93 94 95 96 98:14182:-1234 121 43 17 9 102 112 444 3826 2358 5422 322 1594 1046
48 93:110:45 65
46 48 93 94:559:84 59 138 278
83 92 93 94:3213:2521 183 163 346
1 16 36 38 39 46 48 49 54 55 56 57 62 63 64 65 66 68 69 70 72 73 74 75 76 77 78 79 80 82 87 88 92 93 94 96 97 98:81791:-4489 86 277 334 1433 383 346 402 131 322 190 794 224 558 624 4067 7512 683 1230 1858 10433 1186 3576 2941 2338 4919 434 1652 10744 7273 401 820 3514 2511 10380 567 565 572
1 46 47 48 65 74 92 94 96:6673:-395 109 528 30 285 16 2220 3003 877
93:145:145
1 46 47 51 65 72 74 77 78 82 93 94 96:5878:-5940 56 250 522 244 821 336 382 303 5405 487 1210 1802
1:-831:-831
46 47 74 87 92 94:5663:188 59 11 412 1975 3018
1 46 47 72 73 74 92 93 94:5142:-130 78 56 27 46 148 1157 440 3320
92 94 97 100:3086:795 774 764 753
75 83 92 93 94 96:18966:689 16479 750 25 347 676
36 46 48 56 64 72 74 76 85 92 93 94 95:10846:153 157 184 865 533 36 92 1782 1408 3199 270 1780 387
1 4 46 47 63 64 72 73 85 92 93 94 95 96:8241:-360 41 155 298 172 114 153 21 1467 2726 586 2020 240 608
1 30 42 46 47 48 51 63 66 69 73 74 86 92 93 94 95 96 100:26130:-536 30 229 232 66 129 303 75 1240 1261 102 464 4439 8897 759 5302 654 1824 660
74 75:2913:1668 1245
64 73 74 75 94:2251:360 33 454 460 944
48 64 69 72 83 92 94:12572:58 42 2431 14 8640 793 594
2 36 46 47 72 73 74 92 93 94 95 96:22113:24 646 217 129 613 162 163 8021 1113 9964 534 527
1 4 36 38 46 48 64 65 66 72 73 74 75 76 77 78 84 92 93 94 95 96 97 98 100:45396:-2900 21 192 223 246 203 1115 1614 3389 6357 655 1168 2343 2792 748 1940 789 7137 2933 9610 357 2648 585 601 630
63 72 78 92 93 94 95 96 97 98:9371:171 148 890 3720 223 1723 419 1074 538 465
47 50 65 73 82 92 93 94 98:3843:90 321 360 151 67 421 688 1242 503
64 97:704:152 552
1 72 73 75 76 92 93 94 95:4597:-900 263 106 406 686 1892 511 1100 533
1 65 74 92 93 94 95:3160:-360 168 170 1500 259 1202 221
28 53 63 64 65 73 74 77 92 93 94 95 96:7565:28 316 354 316 706 57 256 136 1578 591 2352 345 530
36 46 63 64 65 67 72 74 76 82 83 87 92 93 94 95 96 97:20256:284 46 123 60 884 292 35 136 3158 1105 181 413 5257 370 4453 1016 650 1793
1 46 47 64 72 74 92 93 94 95:18163:-360 89 135 420 266 93 8915 1201 6881 523
4 19 40 46 48 64 65 72 73 74 82 84 87 92 93 94 95 96 97:23291:90 18 878 107 393 232 56 669 355 57 518 307 1569 8470 1599 6242 511 626 594
1 46 48 64 65 72 73 74 78 87 92 93 94 96 97:16994:-360 503 59 73 884 259 206 124 654 941 3606 979 7849 463 754
46 48 65 72 73 74 76 77 92 93 94 97:8343:242 60 376 56 150 559 698 330 2970 550 1809 543
46 48 63 72 73 74 92 93 94 95 98:4619:148 48 40 491 110 90 1400 70 1202 551 469
36 39 72 73 74 77 92 93 94 95 96 97:8646:139 571 184 43 38 276 3007 133 2396 243 1048 568
1 76 82 92 93 94:9549:-720 600 1923 1657 2175 3914
47 65 94:569:49 378 142
1 46 47 48 64 65 74 82 87 92 93 94:5576:-1408 61 74 186 159 508 168 830 256 2060 326 2356
1 94:-555:-760 205
42 46 47 64 72 73 74 85 92 93 94 95:9826:655 250 102 90 533 21 60 1350 3218 1048 2219 280
1 3 4 36 37 46 48 50 51 63 64 65 66 67 72 73 74 75 76 77 78 80 82 83 85 87 88 92 93 94 96 97 98:94694:-3648 81 37 300 119 677 494 528 231 2567 3633 4303 2137 546 3313 1323 1929 1223 6822 181 574 3124 323 32835 62 319 554 3830 2678 17526 3506 1373 1194
1 46 64 73 74 85 92 93 94 95 97:19517:-360 653 75 51 45 116 7962 2999 6993 385 598
2 46 48 50 72 73 74 82 87 92 93 94 95:17014:46 487 32 274 50 84 39 176 523 7217 1082 6740 264
1 46 47 48 50 51 72 74 92 93 94 95:12783:-360 54 25 25 279 413 218 148 6079 897 4791 214
46 47 48 50 64 72 73 74 78 92 93 94 95 97:5958:220 128 13 308 29 143 357 148 984 1506 587 746 247 542
46 48 63 65 72 73 74 75 78 82 87 92 93 94 95 97:13551:170 132 420 2326 951 324 613 370 368 914 423 2149 570 2916 352 553
1 46 48 64 65 72 73 74 76 92 93 94 95 96:5848:-2456 51 35 312 402 37 210 80 737 3106 253 2062 516 503
1 46 47 48 65 73 75 82 83 92 93 94:13054:-720 273 100 143 149 211 485 358 379 6278 1017 4381
1 46 48 65 68 72 73 92 93 94 96 97:13195:-767 160 30 145 1608 123 122 6304 744 2883 1207 636
1 63 64 65 67 68:2286:-3772 878 967 1247 454 2512
1 46 64 83 92 93 94:2584:-2880 22 121 2254 1791 428 848
93 94:168:65 103
1 36 92 93 94:1784:-1207 226 1465 234 1066
1 50 64 72 73 74 92 93 94:2167:-720 262 123 40 128 14 1009 251 1060
1 3 36 38 46 48 63 64 65 72 73 74 75 82 87 92 93 94 95 97 99:19639:-719 42 245 246 432 59 40 249 695 1214 501 527 428 1510 863 6310 740 4390 605 607 655
48 51 73 92 93 94 97:3253:40 271 76 666 225 1313 662
1 65:-875:-1073 198
1 38 46 50 65 72 73 74 92 93 94 95:12542:-720 579 158 567 481 49 427 77 4671 832 4466 955
36 48 50 64 67 72 73 74 82 88 92 93 94 95 97:7932:301 57 357 265 423 231 185 156 418 171 1397 723 2430 283 535
48 57 73 92 93 94 96:1580:50 289 19 243 225 275 479
83 92 94 95:4031:321 2628 892 190
46 47 73 74 92 93 94 97:6977:341 267 38 87 1619 368 3725 532
47 48 65 72 73 77 83 88 92 93 94 95 96:10340:249 49 220 183 100 9 470 543 4241 773 2669 219 615
36 72 92 93 94 95 97:9214:190 127 3769 105 3376 875 772
3 46 50 63 64 65 72 73 74 82 83 87 88 92 93 94 95 96 97 99:25976:23 168 380 256 101 1369 383 151 98 575 262 1207 170 9313 635 6407 1505 499 1931 543
4 38 46 50 72 73 74 82 87 92 93 94 95:9509:23 335 158 309 581 38 232 765 146 2962 458 3122 380
39 46 47 63 64 72 73 74 75 78 92 94 97:7520:701 80 105 909 28 24 125 88 300 279 1888 2470 523
64 65 72 73 74 83 92 93 94 95 100:9349:219 173 611 450 230 172 1658 1897 2999 284 656
1 72 73 92 93 94:2467:-480 531 43 335 570 1468
73 92 93 94:3312:75 1124 728 1385
4 37 46 48 64 72 73 74 87 92 93 94 96:12050:98 56 59 293 155 339 234 312 280 4435 1224 4060 505
1 47 48 72 92 93 94 96:5280:-341 326 82 38 962 1182 2046 985
46 92 93 94:1705:63 443 148 1051
47 48 73 92 93 94:3210:150 262 43 553 933 1269
18 46 47 67 72 82 92 93 94 96:7058:92 59 107 282 499 355 2809 98 2278 479
46 48 64 72 73 74 92 94 96:7261:238 323 150 44 94 31 2684 3106 591
1 46 47 48 74 92 93 94 96 97:7858:-619 568 122 61 20 1330 677 4097 970 632
3 48 51 64 92 93 94 96 100:11711:60 121 644 97 3816 891 4960 515 607
1 46 48 65 92 93 94 96 98:5126:-613 48 178 126 2005 220 2140 504 518
47 48 64 72 74 92 93 94 96 98:10064:350 34 83 71 87 2890 1489 3040 1436 584
92 94 96 97:3230:1294 526 756 654
46 51 72 73 74 92 93 94 98:4624:206 384 34 26 83 210 264 2768 649
1:-418:-418
1 46 48 64 72 73 74 83 88 92 93 94 96 97:16687:-360 1036 219 413 107 137 338 65 248 5101 1692 6133 509 1049
46 72 74 92 93 94 96 98:5816:316 60 60 232 828 3052 565 703
1 46 48 72 92 93 94 96:5776:-442 90 83 359 1578 967 2644 497
36 48 92 93 94:4982:132 274 1059 941 2576
1 48 65 92 93 94:-9502:-13713 46 168 1213 1011 1773
46 47 49 51 64 65 72 73 74 92 93 94 96:13349:453 30 339 288 161 258 311 776 347 2785 1483 5081 1037
46 47 48 72 73 74 78 92 93 94 95 96 98:17409:399 474 394 45 59 103 417 4375 902 7786 440 1437 578
51 72 73 74 92 93 94 97:5431:413 110 86 47 2012 502 1706 555
47 72 73 74 92 93 94 95 97:11811:77 70 102 215 3638 399 6440 192 678
46 47 48 51 64 73 74 92 93 94 96 97:16213:49 105 114 548 165 79 28 3149 1782 4660 2438 3096
96:2578:2578
46 48 73 74 92 93 94 95:3897:249 125 102 133 1858 316 746 368
46 73 92 93 94 96:4089:59 47 315 356 2208 1104
73 94 96:2965:131 2344 490
1 46 47 87 92 93 94:4666:-360 66 210 963 1186 241 2360
1 48 92 93 94:5323:-1128 308 2487 925 2731
78 92 93 94:5557:360 1790 513 2894
48 72 73 75 92 93 94:9073:115 12 76 3664 2048 846 2312
1 93:-2503:-2829 326
72 73 74 92 94 96:2802:81 94 63 223 1382 959
1 50 92 94:1123:-1412 387 509 1639
75 92 93 94:6125:303 2775 271 2776
1 2 36 37 38 46 47 48 49 64 72 73 74 82 92 93 94 95 96 97 98:29030:-11743 41 727 320 365 415 269 140 357 245 1263 616 753 1348 12551 1261 15680 774 1581 1555 512
46 50 74 92 93 94:2355:195 289 20 676 431 744
1 3 4 36 37 46 47 48 64 65 72 73 74 77 78 87 92 93 94 95 96:37633:-540 26 54 358 128 558 343 47 62 348 1719 942 188 15 310 384 11119 1288 16492 1160 2632
1 46 48 50 64 65 72 73 74 77 78 88 92 93 94 95 96:21310:-720 371 52 302 469 266 33 350 691 523 310 362 8297 1327 7923 288 466
1 47 64 65 73 74 92 93 94 95 96 97:18493:-360 270 94 548 214 50 4638 2036 7481 720 2033 769
46 48 65 71 72 73 74 76 78 92 93 94 95 97:8176:188 147 648 46 14 293 257 672 341 2033 367 2389 154 627
1 46 64 92 93 94 96:4541:-725 51 60 2096 283 1252 1524
46 48 65 72 73 74 75 92 93 94 96 98:9455:464 163 116 69 251 147 333 1331 1161 4416 514 490
1 92 97:-14:-720 183 523
1 65 75 92 93 94 95:3286:-180 163 387 1180 314 891 531
1 47 65 72 74 92 93 94 96 100:7272:-180 123 232 15 120 2912 682 2097 535 736
47 50 74:839:226 327 286
48 92 94 96:3023:202 1241 1084 496
1 92 93 94:3231:-404 1251 532 1852
46 72 92 93 94:3388:182 47 1668 171 1320
73 74 92 94 95:1686:72 100 188 1038 288
46 47 72 92 94 95 97:4265:151 343 33 707 1548 936 547
46 47 48 50 72 74 92 93 94 96 97:11202:197 192 149 441 82 55 2330 1002 5322 490 942
46 48 64 92 93 94 97 98:6371:266 148 83 1134 359 2531 1266 584
1 46 47 48 64 73 74 82 87 92 93 94 96 98:11784:-180 217 532 138 85 60 202 327 401 1670 659 6161 1038 474
46 47 48 72 73 74 76 92 94:4458:69 336 156 32 96 69 812 1613 1275
36 46 48 63 65 73 92 93 94:5704:154 85 151 534 78 12 1445 647 2598
3 36 47 73 74 92 93 94 96 97:7991:28 17 107 194 23 2019 1655 2795 615 538
92 93 94 98:1957:663 232 594 468
2 46 48 73 83 92 93 94:5889:32 36 73 60 39 1835 701 3113
1:-2880:-2880
1 48 92 93 94 95 96 97:-7599:-13562 61 715 1083 2117 328 1132 527
1 38 46 48 50 51 63 64 72 73 74 76 92 93 94 96 97:13623:-377 78 166 627 288 721 202 305 504 117 433 715 1792 930 6026 558 538
94:448:448
73 74 92 93 94:2444:46 58 756 226 1358
93 94:566:95 471
92 93 94:1189:347 309 533
2 48 92 94:2315:7 80 1305 923
48 74 92 93 94:2377:74 23 919 268 1093
73 92 93 97:1483:238 447 216 582
92:79:79
94:160:160
1 57 92 94:2452:-462 1036 1124 754
47 72 73 74 76 92 93 94 95 96 97:9411:277 31 180 31 879 1836 1200 2570 298 1462 647
1 64 72 74 92 94:4350:-340 776 85 107 1199 2523
46 51 73 74 92 93 94 96:8342:153 246 121 10 3665 234 3451 462
1 46 48 64 65 72 73 74 92 93 94 96 97 100:17101:-2218 66 87 230 301 330 377 350 5659 1430 5933 2364 1466 726
92 93 94:800:413 119 268
65 92 94 95 96 97:3626:165 506 1583 265 576 531
48 65 74 92 93 94:4905:41 80 37 2401 292 2054
1 47 50 74 92 94 96:3957:-360 201 329 19 1529 1771 468
46 47 48 50 72 73 74 92 93 94 96 97 98:13186:286 116 125 534 23 109 198 4033 1181 4551 954 624 452
46 47 48 57 63 64 72 73 74 75 88 92 93 94 95 96 97:17892:169 553 705 354 180 302 94 324 568 289 279 3987 708 7218 908 472 782
47 74 83 92 93 94 96 97:5003:411 210 269 1319 444 1266 473 611
19 92 93 94 96:3227:31 725 252 1696 523
37 47 48 49 64 73 74 82 92 93 94 95 96:14992:312 615 43 509 31 113 113 518 3618 1725 6628 305 462
1 2 36 46 47 48 63 64 72 73 74 75 76 78 87 88 92 93 94 95 96 97:33279:-378 35 224 907 172 227 545 530 1532 985 1443 1201 605 3063 410 249 4933 2610 9926 779 2029 1252
1 46 47 48 65 72 73 74 88 92 93 94 95 96 98:20750:-360 874 406 46 616 43 487 89 474 4667 721 11163 394 517 613
92 94:1199:740 459
1 47 48 73 74 92 93 94 97:12441:-465 106 198 31 41 6994 935 3825 776
1 37 51 63 65 72 74 92 93 94 96 97:16181:-380 25 421 242 486 40 160 4635 1080 7898 1051 523
46 47 48 64 65 73 74 92 93 94 95 96 97 98:10035:546 341 227 32 174 398 72 2884 1130 2303 304 529 617 478
1 74 92 94:959:-279 186 449 603
1 46 48 73 74 92 93 94:5202:-612 213 74 198 33 1665 1188 2443
1 46 47 48 63 64 65 72 73 74 75 92 93 94 96 97:16813:-1230 120 167 310 1670 795 1306 38 72 588 620 1770 2802 6078 1121 586
73 93 94 96:2036:120 242 1192 482
46 47 48 74 93 94 96:5902:164 117 324 8 2940 1871 478
94:94:94
46 47 48 73 93 94:4368:97 179 159 67 3297 569
1 46 47 48 73 93 94:4371:-136 206 129 273 46 1910 1943
46 47 64 73 92 93 94 98:7215:239 505 119 49 1745 693 3281 584
46 47 48 74 92 93 94:5965:84 128 58 306 119 2691 2579
93 94:1173:704 469
93 94:680:459 221
1 94:-6107:-6420 313
3 4 43 46 47 48 64 72 73 74 82 92 93 94 95 96 97:13277:16 34 69 104 132 145 70 92 281 296 977 3241 811 4806 332 1128 743
92 94:3057:1309 1748
1 46 73 74 92 93 94 96 97:9701:-510 189 36 155 1617 1372 4392 1642 808
1 46 48 73 92 93 94:1530:-886 93 79 69 301 771 1103
1 46 47 48 78 82 92 93 94 97:7637:-617 75 57 104 2555 555 789 1791 1805 523
46 72 92 93 94:2009:179 93 781 368 588
46 64 92 93 94 96 97:4231:60 339 552 615 957 1066 642
50 73 74 93 94:1211:270 56 150 284 451
1 39 48 50 73 74 92 93 94:6511:-1112 534 105 410 252 69 1088 1318 3847
1 92 93 94 98:2843:-480 1513 262 753 795
46 73 74 78 92 93 94 97:4887:173 80 103 257 577 102 2587 1008
47 65 73 74 92 94 98:3901:207 245 184 35 424 1660 1146
1 48 72 73 74 92 93 94 95:5930:-303 75 117 44 133 1552 698 3305 309
92 93 94 96:2247:180 658 626 783
46 48 92 93 94 96:2438:42 205 536 284 620 751
92 93 94 96:2405:900 188 846 471
48 74 92 93 94:2632:193 95 1485 699 160
1 46 74 92 93 94 96:1260:-801 200 46 387 93 618 717
63 74 92 93 94 97:3968:145 27 371 549 2319 557
1 30 36 46 65 73 74 92 93 94 96:5104:-480 15 129 49 42 92 36 1735 1227 1675 584
73 74 92 93 94:4060:15 63 2859 154 969
1 38 64 72 73 74 92 93 94 96 97:-451539:-458432 322 208 142 70 12 1749 715 2449 532 694
96 98:1445:532 913
94 98:1088:585 503
94:313:313
73 74 92 93 94:1082:27 213 292 98 452
1 48 64 72 73 74 92 93 94:-1887537:-1890157 198 453 100 106 20 247 1146 350
74 92 94:1538:171 625 742
1:-8500:-8500
1 46 92 93 94:1689:-540 56 96 408 1669
1:-25142:-25142
1:-3617:-3617
1 3 46 47 65 72 73 74 92 93 94 95 96 97 98:13954:-1121 24 295 59 140 700 280 587 2355 2160 4253 280 590 2881 471
1 93 97:-864:-1619 93 662
92 93 94 97:1353:360 161 285 547
1 73 74 92 93 94 95 98:3577:-666 162 157 775 317 1945 331 556
1 46 73 92 93 94 96:2736:-412 224 44 204 261 1484 931
92 94:1687:1131 556
94:533:533
72 94:350:175 175
48 72 73 74 92 94:1406:58 60 101 80 402 705
73 94:310:35 275
94:203:203
73 93 94:1295:58 1053 184
47 92 93 94:1949:176 227 550 996
46 72 92 93 94:2225:47 108 380 690 1000
73 92 93 94:2367:30 757 93 1487
74 92 93 94:1218:178 281 162 597
38 74 92 93 94:1443:247 138 708 193 157
2 3 46 72 73 74 92 93 94:7532:49 23 154 84 133 187 3471 813 2618
1 2 3 46 48 72 73 74 75 92 93 94 95 96 97 98:18818:-1437 49 11 68 312 19 283 33 468 5790 2144 8001 362 482 1154 1079
1 46 48 73 92 93 94 96:5372:-622 91 209 214 1098 481 3223 678
1 46 48 92 93 94:1996:-358 50 57 1015 301 931
36 92 94:791:21 225 545
1 92 93:911:-363 1013 261
47 48 72 73 74 92 93 94 96 97 98:12369:156 250 302 218 408 1837 1689 4976 1027 536 970
47 48 72 73 74 92 93 94:5218:45 170 43 162 61 567 1193 2977
72 92 93 94:2782:44 943 279 1516
46 47 48 73 74 92 93 94:2568:89 341 547 43 127 404 304 713
47 72 74 92 93 94:3024:213 214 101 1172 204 1120
36 47 73 74 92 93 94:2306:153 55 53 20 446 501 1078
1:-1532000:-1532000
1 68:820:-300 1120
46 48 92 93 94 96:3928:46 49 382 1418 1560 473
1 73 74 94 97 100:-4389:-6000 10 100 163 610 728
1 36 46 73 92 93 94:-2980:-10812 120 58 485 3054 539 3576
1 3 46 48 72 73 92 93 94 95 98:-1393:-6372 22 76 56 64 57 1081 1333 1328 376 586
1 46 47 72 73 92 93 94 95:8180:-360 47 203 310 120 3555 430 3729 146
46 73 92 93 94:3281:82 42 1041 185 1931
46 98:586:125 461
1 94:-7639:-7988 349
1 46 48 74 75 88 92 93 94 96 97 98:13933:-720 54 217 230 774 350 1698 2997 4926 1429 1490 488
1 31 37 46 48 92 93 94 97:6082:-300 27 111 214 197 1402 1335 1760 1336
1:-6177:-6177
1 48 93:-585:-788 97 106
46 72 73 74 92 93 94 96:2354:191 121 39 60 189 126 895 733
1 46 73 74 92 93 94 96 97:5980:-700 132 23 36 81 1133 4112 587 576
93 94 98:1369:421 183 765
48 50 72 92 93 94 96:7734:96 361 32 1405 1094 4281 465
1 48 51 65 72 74 92 93 94 96:8872:-525 129 337 205 252 110 1218 1232 5311 603
1 92 93 94 96:157:-2100 352 1014 355 536
74 92 93 94:1195:27 97 625 446
1 46 48 72 92 93 94:3093:-1860 30 184 62 1627 1819 1231
1 37 46 48 65 72 74 92 93 94:4062:-1050 174 54 378 186 118 27 395 1094 2686
1 46 64 76 93 94:7396:-525 261 144 1270 2600 3646
1 46 48 74 92 93 94:5608:-525 58 274 165 712 1257 3667
1 72 73 74 92 93 94 97:7426:-525 622 10 451 1468 1572 3191 637
1 47 72 92 93 94 97:5660:-1050 113 169 1644 1470 2782 532
1 46 48 63 72 73 74 92 93 94 96 97 98:12896:-464 143 354 182 226 154 56 2440 2020 4231 2361 707 486
1:-5000:-5000
1 48 92 93 94 96 97:7554:-525 42 1392 733 2520 1276 2116
1 46 47 48 92 93 94 96:4160:-394 23 152 45 1168 349 1687 1130
1 48 73 74 92 93 94 96 98:6547:-131 82 207 61 1104 1036 2220 489 1479
73 93 94:311:115 137 59
46 48 64 67 72 73 74 75 85 92 93 94 95 96 97:11938:108 85 357 268 652 484 544 713 60 1282 456 3863 349 2018 699
1:-151:-151
1 94:81:-171 252
1 69:-3069525:-3077922 8397
76:6909:6909
1 66:-248343:-250785 2442
1 77 80 82 83:68576:-3378 421 1905 56267 13361
1 82:47797:-2770 50567
1:-10351:-10351
1:-17919:-17919
1:-300:-300
1 82:-209679:-209729 50
1:-1496:-1496
1:-1080:-1080
1:-360:-360
1:-300:-300
48:12:12
92 93 94:930:428 338 164
1 48 72 92 93:555:-375 48 16 453 413
48:35:35
93:325:325
78 94:455:289 166
92:331:331
46 92 94:251:41 151 59
48:50:50
1:-1080:-1080
73:125:125
1 94:-450:-639 189
1:-195762:-195762
46:60:60
1:-207:-207
1 92:-563:-1039 476
1:-1200:-1200
1:-890:-890
1:-35271:-35271
1:-465:-465
1:-744:-744
1:-360:-360
1:-360:-360
92:87:87
1:-1080:-1080
1:-720:-720
1:-360:-360
1:-762:-762
1:-532:-532
1:-9892:-9892
1:-2906:-2906
1:-660:-660
1:-360:-360
93:262:262
1:-5624:-5624
1 63:-607:-720 113
1:-360:-360
1:-363:-363
