1:-15125:-15125
1 47 65 66 67 68 69 72 73 74 75 76 92 93 94:-33299:-50462 42 547 5502 2070 1951 2188 680 160 106 623 1737 121 331 1105
46:107:107
1 72:-9267:-9603 336
63 66 70:9331:1583 1975 5773
1 38 66 67 76:-175638:-188163 545 6812 4451 717
1 46 48 65 66 72 74 76 92 94:2755:-6396 37 88 172 5392 58 27 749 1904 724
1 38 63 65 66 67 68 70 74 92:-62647:-85515 154 2725 1572 2470 1277 3724 10475 325 146
1 76:-12796:-16951 4155
1 70:-37517:-46801 9284
1 63 66:8419:-2973 1970 9422
1 46 92 93 94 97:1451:-360 59 311 603 264 574
1 69 72 73 92 94 96:-20435:-24210 1900 42 68 359 836 570
1 46 65 69 74 92 93 94 97:2288:-5022 70 1981 2022 5 570 403 1718 541
1 46 47 65 72 73 74 92 93 94:-14013:-20424 191 200 1814 39 41 196 1663 446 1821
1 36 46 65 66 73 74 92 93 94 95 96:10641:-280 97 93 949 7027 22 29 842 337 736 241 548
4 92:612:22 590
1 39 47 63 64 69 72 74 92 94:2087:-10720 588 175 736 189 7383 288 110 1899 1439
1 46 47 48 63 64 65 72 73 74 75 92 93 94 96:13701:-360 189 54 78 637 292 180 755 101 408 364 3294 572 4474 2663
37 46 48 63 64 65 67 72 73 92 93 94 95 96 97:15078:248 336 47 1095 905 2498 631 252 55 2593 230 3098 531 473 2086
1 39 46 48 63 65 74 92 93 94 96 97:8541:-4308 1541 37 58 1335 2073 122 568 660 3244 971 2240
1 4 46 50 64 92 93 94:-20092:-25496 36 55 353 129 2043 749 2039
1 46 65 92 93 94 97 98:-646:-8192 167 1403 2217 213 1808 1284 454
1 47 48 65 92 93 94:-4140:-6809 135 56 218 731 266 1263
1:-3484:-3484
1 46 72 73 74 75 92 94 97:4093:-720 179 271 221 104 523 2239 568 708
1 93 94:-2801:-3260 74 385
1 36 47 48 65 66 72 73 74 78 92 93 94 96 97 98:9877:-781 111 330 172 355 2417 88 138 71 271 1078 146 1635 2476 918 452
1 48 63 92 93 94 96:-2125:-3715 61 150 280 395 146 558
1:-1260:-1260
1 47 48 72 94 96:-6229:-7480 147 175 132 137 660
48:35:35
1 92 93 94 97:3261:-881 558 334 670 2580
1 5 36 64 73 74 82 92 93 94 96 97:-26451:-31627 592 76 115 172 16 1461 234 494 900 572 544
46 48 63 73 74 92 93 94 96 97:5860:47 74 1250 79 57 1142 907 1296 461 547
1:-726:-726
1 48 92 93:-1640:-2726 20 995 71
1 47 48 72 92 93 94 96 98:4946:-742 108 86 442 1450 565 1059 1078 900
92:276:276
48 92:251:80 171
94:931:931
47 67 76:2138:72 1266 800
1 36 65 92 94 97:1724:-900 186 838 696 313 591
1:-117887:-117887
92 94:1617:652 965
74 92 94 97:2061:27 516 217 1301
48 92 94:935:40 496 399
1 3 36 38 46 47 48 56 63 64 65 67 72 73 74 75 76 78 82 92 93 94:29593:-1080 16 207 629 439 128 58 195 1150 1049 2160 4433 3448 364 1912 1164 1382 360 381 3878 471 6849
1 46 48 54 56 63 64 65 67 72 73 74 77 78 88 92 93 94 95 96 97:19516:-885 267 129 307 81 312 2281 2091 650 1414 469 1661 165 670 258 2729 161 5228 202 736 590
36 46 47 51 64 65 72 73 74 78 92 93 94 96 97:24315:205 713 644 274 101 358 255 41 47 1563 5631 160 12638 1129 556
1 46 47 64 65 72 78 83 88 92 94:-2485:-16109 304 112 498 2245 63 258 75 703 4072 5294
36 38 46 64 65 72 87 92 93 94:12319:235 231 204 347 600 711 1080 5713 230 2968
1 46 65 72 73 74 78 88 92 93 94:8747:-824 45 205 451 272 21 327 639 1841 896 4874
36 46 47 63 65 73 74 92 93 94 96:11745:116 551 116 1025 1043 52 72 3013 231 4549 977
46 47 48 65 72 73 74 75 92 93 94:13027:443 123 47 1550 328 227 328 354 2543 888 6196
1 46 47 64 65 72 73 74 77 78 87 88 92 93 94 96 97:19593:-360 129 294 357 219 3909 137 1573 304 1160 1079 350 1741 262 7088 815 536
46 47 65 74 75 92 94:4860:253 54 148 67 1094 567 2677
2 46 47 63 64 65 72 73 74 76 78 87 88 92 93 94 95 96 97:25923:59 375 247 690 311 588 1803 408 468 902 367 691 219 7262 204 9142 1155 473 559
1 47 51 63 64 65 72 73 74 75 78 92 94 95 96 98:12373:-360 470 557 373 447 325 373 108 246 478 351 2562 3663 164 1703 913
50 51 72 73 74 75 78 92 94 97:10350:282 309 167 94 32 1882 762 2490 3748 584
1 46 48 87 92 94 97:6298:-629 234 218 1060 2101 2700 614
1 47 72 92 93 94:4171:-204 441 196 2150 93 1495
36 46 47 73 74 92 94 96:4953:257 117 243 193 50 1053 1908 1132
46 65 92 94 95:2880:212 114 571 1788 195
30 46 47 72 73 92 94 96:6352:89 143 284 140 10 2169 2960 557
49 92 94 96:2439:401 777 785 476
46 65 72 73 74 84 94:4689:221 753 247 30 212 910 2316
1 64 66 92 94:-5597:-10927 365 1285 1106 2574
36 37 72 73 92 94:3657:299 71 527 31 669 2060
46 64 92 93 94:5700:350 501 1487 244 3118
47 65 92 93 94 95 97:3459:36 616 493 347 1125 238 604
1 48 64 93 94:471:-742 103 568 274 268
1 63 64 65 74 96:5250:-240 2022 731 1715 362 660
46 47 72 74 92 93 94 96:12822:109 531 25 116 4956 125 6446 514
94:639:639
1 63 64 65 66 67 68 72 73 74 76 92 93 94 96:23448:-2520 2295 3392 6933 2107 1242 2317 391 274 468 3139 715 364 1824 507
1 46 47 50 63 64 65 67 72 73 74 92 93 94 95 96 97 99:38111:-720 40 469 417 371 1473 4163 1731 1182 794 1600 6098 2376 14096 260 1502 1979 280
1 3 36 46 72 74 92 93 94 95 96:13057:-465 20 13 164 198 74 5177 750 6355 173 598
46 47 51 63 64 65 73 92 93 94 95 96 97 98 99:18932:165 312 328 360 360 482 26 5192 783 7963 307 1140 659 667 188
1 46 73 74 75 83 92 93 94 95:14739:-1274 161 61 266 1600 378 9101 465 3255 726
1 47 48 64 92 93 94 96 97:5456:-360 142 201 124 1255 629 2031 871 563
46 48 72 74 92 94:3947:515 135 122 233 1533 1409
64 75 94:1373:253 783 337
46 47 65 92 93 94:6183:190 193 122 2405 285 2988
4 46 47 63 65 73 76 92 93 94:7778:82 67 204 435 620 367 1187 567 251 3998
47 64 92 93 94 97 98:6770:46 280 2241 673 2478 546 506
1 48 92 93 94 96:9214:-772 48 3491 2047 2838 1562
1 47 48 92 93 94:921:-720 59 173 340 528 541
46 65 72 92 93 94 97:3788:176 78 627 1138 194 872 703
92 93 94 96 98:2492:223 509 812 492 456
92 93 94 96:5556:2892 64 2022 578
1 92 94:-70068:-71197 252 877
1 46 74 92 93 94 97:2441:-3270 87 257 1375 311 1806 1875
72 73 94 97:1619:277 192 619 531
73 76 92 93:1484:26 1048 235 175
1 48 63 92 94:-7746:-10366 183 371 1329 737
1 46 48 65 72 73 74 78 92 93 94 97:17823:-620 31 134 91 282 792 266 604 7738 633 6411 1461
1 63 92 93 94 95 96 97:5046:-261 177 1398 239 1859 514 546 574
46 65 92 94:4233:163 29 2182 1859
92 94:981:521 460
1 65 70 73 93 94:-125939:-136594 259 9205 85 546 560
46 48 92 93:550:80 34 281 155
48 74 92 93 94:5159:65 23 1028 1720 2323
1:-8309:-8309
2 36 48 72 73 92 93 94 95:6064:40 197 368 52 102 1851 336 2909 209
1 94:1211:-360 1571
1 46 47 73 76 92 93 94:4435:-453 252 263 107 776 1603 51 1836
46 47 48 74 92 93 94:977:65 18 77 21 260 223 313
1 36 46 48 64 65 72 73 74 82 92 93 94 95 96 97:17384:-495 153 211 81 80 202 431 229 441 184 4318 1215 6671 952 1549 1162
92 94:1385:646 739
1 73 92 93 94:1252:-375 192 549 680 206
1 72 93 94:133:-360 96 140 257
46 48 73 74 92 93 94:9159:27 72 238 45 3850 563 4364
1 4 47 48 72 92 93 94 96 97:-196911:-208745 31 195 288 29 4643 1641 3933 538 536
1:-360:-360
1 72 73 92 93 94 95 97:7916:-360 189 42 2806 474 3876 328 561
4 46 48 74 92 93 94 97:10381:62 65 90 187 4501 429 4495 552
37 47 72 73 74 92 93 94 96 97:11373:43 157 102 103 159 2727 1042 5666 511 863
46 72 74 75 92 93 94 97:6174:68 23 72 515 2242 290 2416 548
1 2 37 46 63 65 72 73 74 82 92 93 94 96 97:-31594:-37931 30 66 264 71 1042 25 86 128 564 1381 690 764 560 666
1 72 92 93 94 96 97 98:7962:-230 36 1977 1438 1657 752 1819 513
1 92 93 94 96 98:2347:-1838 778 611 1834 479 483
46 48 73 74 92 93 94:4400:71 520 145 54 917 1317 1376
1 46 48 51 64 72 73 74 75 92 93 94 95 96 97:18546:-1026 134 407 222 105 6 188 399 408 6793 1755 7600 297 693 565
1:-17383:-17383
1:-197923:-197923
1 70:-1253977:-1594120 340143
1:-45505:-45505
1 27 46 48 72 77 93:-35111:-37024 196 43 78 173 1236 187
1 4 46 47 48 63 64 65 72 73 74 82 83 92 93 94 95:30332:-1714 99 156 304 21 423 714 180 42 110 17 8604 355 10256 817 9470 478
1 4 46 48 63 64 84 92 93 94 95:8779:-2103 16 99 164 133 607 1504 2779 847 4544 189
1 2 4 46 48 64 65 67 72 73 74 82 83 88 92 93 94 95 96 97:25303:-3493 58 55 157 129 235 138 1104 177 24 126 500 338 178 12470 747 8300 428 1957 1675
1 36 46 47 64 72 73 74 82 92 93 94 95 96 97 98:31493:-360 520 169 373 390 210 213 309 1100 8891 1870 12097 500 2751 2003 457
18 36 46 47 63 64 65 67 72 73 74 82 83 87 88 92 93 94 95 96 97:37221:27 268 620 336 110 122 1231 409 539 119 841 904 1026 390 877 11554 1461 12787 598 1634 1368
1 2 16 46 47 48 64 65 72 73 74 75 78 82 83 84 86 88 92 93 94 95 96 97:40107:-1661 47 10 169 1031 264 878 801 710 229 353 652 727 3218 346 710 1200 533 14444 1540 9552 369 2630 1355
1 2 3 6 38 46 47 48 63 64 65 66 72 73 74 75 76 77 78 82 83 84 86 87 92 93 94 95 96:23795:-45665 58 137 134 369 405 216 206 852 1213 1085 1165 2118 429 1114 1983 1453 601 288 22140 358 359 5235 1947 14195 995 8842 1065 498
1 2 36 40 46 47 48 50 63 64 65 67 72 74 82 83 87 88 92 93 94 95 96 97:31461:-3048 96 320 658 275 942 98 418 576 55 757 318 311 315 3150 712 562 704 11538 1819 7880 632 1110 1263
1 2 16 36 47 56 63 64 65 72 73 74 76 80 82 83 92 93 94:18763:-10752 62 4 173 24 2001 269 148 223 538 405 176 2951 988 743 11568 4368 636 4238
1 36 46 57 72 73 92 93 94:2857:-798 73 90 209 99 89 1335 266 1494
93:77:77
1 38 46 48 65 72 73 74 78 82 92 93 94 95:22194:-3412 67 594 42 249 267 302 425 931 1232 11965 820 7436 1276
1 3 36 46 47 63 65 72 73 74 76 78 82 83 92 93 94 95 96:27601:-3408 122 116 99 443 194 500 395 121 383 750 658 1596 2966 13756 1219 6147 1082 462
1 36 46 47 64 65 72 74 82 84 87 92 93 94 96 97:21949:-2950 143 224 224 283 349 121 203 2760 341 198 10298 1740 6887 526 602
1 3 4 37 48 50 64 65 72 73 74 77 82 83 86 92 93 94 95 96 98:24805:-398 94 102 15 220 577 283 63 44 156 238 141 993 708 1189 9821 134 8932 428 616 449
1 16 36 46 72 73 74 82 83 84 87 92 93 94 95 96 97:25459:-750 6 113 42 19 61 15 689 645 61 1068 9466 1114 9904 730 976 1300
4 46 47 48 63 64 67 72 73 74 82 83 84 87 92 93 94 95 96 97 98:30371:23 250 298 57 303 273 797 65 124 51 1645 1435 357 469 12893 548 7746 469 966 556 1046
1 2 38 46 47 48 64 65 72 73 74 82 83 92 93 94 95:29932:-1460 68 157 410 474 68 678 800 375 137 16 6769 1286 12840 344 6507 463
1 36 46 74 92 94 95 97:7618:-229 179 58 582 3674 2147 479 728
1 46 47 48 63 64 65 72 73 74 75 77 80 82 83 84 87 92 93 94 95 97:33241:-854 136 117 47 479 118 226 958 442 195 426 411 1971 3253 2027 1962 869 11986 1052 5470 854 1096
1 2 36 38 46 48 64 65 72 73 74 75 76 77 87 92 93 94 96 97 98:32263:-4430 36 83 336 257 54 316 391 1996 1117 1300 2069 3781 268 1498 11466 2172 6134 484 2402 533
1 72 74 92 94 95 97:4622:-446 416 46 2386 1373 218 629
64 72 74 92 94:2660:653 92 17 978 920
1 94:-962:-1080 118
1 51 72 73 74 82 83 92 93 94 97:11820:-2264 245 156 455 74 1108 347 6870 1119 3078 632
1 2 36 40 42 47 48 64 65 72 73 74 75 82 87 92 93 94 95 96 97:13359:-8824 15 221 665 343 152 245 802 662 1504 593 358 880 2501 224 4078 734 6031 527 1090 558
1 4 47 64 65 72 73 74 77 82 83 92 93 94 95 96 97:19228:-369 31 402 746 1067 933 593 440 206 876 314 6050 216 5204 988 980 551
1 2 18 47 64 65 72 73 74 76 82 83 86 92 94 95:24493:-9579 50 2 47 106 1047 1918 42 501 700 1321 6078 14812 5576 1612 260
46 48 65 72 74 78 92 93 94 96:3445:47 92 240 179 165 682 619 399 200 822
1 46 47 65 72 73 74 75 78 84 92 93 94 95 96:9494:-1242 103 40 595 542 272 245 1619 501 330 2830 169 2040 933 517
1 48 73 74 77 92 93 94:4946:-360 176 29 29 144 1562 501 2865
1 46 48 64 73 92 93 94 96:3451:-1011 85 59 143 16 985 1060 1602 512
1 37 58 65 72 92 93 94 97:7675:-361 137 29 140 16 3788 621 2009 1296
94:160:160
94:30:30
1 65 72 76:-9985:-14718 368 2585 1780
1 46 74 92 93:-773:-1447 68 55 452 99
1 64 92 94:983:-380 423 305 635
46 74 92 93 94 95:3977:82 49 1979 141 1363 363
1 36 39 48 63 64 65 66 67 68 72 74 75 76 77 78 84 86 92 93 94 95 96:18554:-12891 338 1356 82 650 1610 824 1149 1079 999 1563 578 456 1082 671 300 175 14250 798 119 2397 456 513
1 46 56 63 64 72 73 74 82 83 87 92 93 94 96 97 98 100:52534:-4542 288 3173 990 337 440 331 44 33750 6622 776 2715 434 3395 906 1078 545 1252
46 47 92 94 95 96:5320:272 130 2292 1369 283 974
92 95:1085:841 244
1 46 47 48 73 74 92 93 94 97:6828:-1587 168 49 36 74 9 4188 642 2666 583
4 46 47 48 64 72 73 74 92 93 94 95 96 97:13718:34 173 46 40 52 185 123 40 4469 452 6803 239 508 554
1 46 48 64 74 82 92 93 94 95:9304:-720 272 40 147 54 1555 3832 213 3675 236
48 64 72 73 82 92 93 94 97:9567:162 360 744 110 693 3234 333 3080 851
1 36 56 63 65 72 73 74 75 76 77 78 87 88 92 94 96 97 98:15158:-392 179 534 516 616 1669 514 564 1529 1471 125 283 929 1266 484 2286 570 1485 530
4 46 64 65 72 73 74 75 82 83 88 92 93 94:7737:39 23 237 275 244 378 143 360 328 1629 458 2459 182 982
1 72 73 74 92 93 94:4630:-222 18 191 129 2884 576 1054
5 36 38 46 47 65 67 72 73 74 75 76 78 82 88 92 93 94:13074:286 56 492 245 93 264 135 1001 275 719 605 1425 247 895 708 1241 362 4025
1 36 46 48 63 72 73 74 78 92 93 94 96:12571:-582 20 86 164 546 357 557 489 360 4042 64 5961 507
1 46 47 72 73 74 78 83 87 92 93 94:8369:-928 155 37 31 121 248 275 475 311 3660 268 3716
1 46 48 74 92 93 94 96 97:13328:-2472 475 83 96 6837 1774 4522 701 1312
1 48 64 73 92 93 94:-856:-6436 101 489 58 801 1277 2854
1 73 93 94:611:-354 22 772 171
93 94 96 98:3414:131 1437 1404 442
1 82:905:-4663 5568
1 46 48 92 93 94:3593:-354 102 254 748 581 2262
63 93 94:1458:131 154 1173
1 72 73 92 93 94 96 97:-16627:-23898 80 71 2064 1978 1846 686 546
46 48 72 92 93 94 96:5917:53 20 372 1416 872 2723 461
1 46 47 48 74 82 87 92 93 94 96 97:5747:-5987 165 175 154 45 479 954 5294 588 2192 1152 536
1 46 48 73 74 92 93 94 97:7469:-722 58 287 77 171 2681 948 3226 743
1 46 64 72 73 83 92 93 94:7273:-2919 169 240 48 220 2639 3238 552 3086
1 38 63 64 72 73 74 76 92 93 94 97:12145:-275 233 238 132 202 138 574 750 4948 543 3960 702
1 47 48 64 65 72 74 78 92 93 94 96 97:16495:-1115 82 91 126 51 198 99 778 4820 1661 8245 932 527
1 92 93 94:-2849:-4511 868 142 652
1 48 93 94:314:-201 30 398 87
1 48 92 93 94:92:-374 42 156 65 203
1 46 64 65 92 93 94 97:2700:-1022 66 331 131 666 279 1158 1091
94:745:745
1 30 46 47 73 92 93 94:862:-5970 94 44 289 22 2681 374 3328
74 92 93 94:2115:16 1240 108 751
92 94:408:154 254
1:-1250:-1250
1 63 72 73 74 82 92 93 94 95 96 97:21837:-1428 455 271 70 114 1479 8180 2575 6926 912 1097 1186
92 93 94:1276:773 107 396
46 92 94:976:85 499 392
1 46 48 64 65 72 73 74 82 83 92 93 94 95 96 97:26963:-615 222 267 90 613 18 84 469 1062 2443 10055 1368 7939 280 540 2128
64 72 82 92 94 95:6155:99 28 3198 2062 482 286
1 72 73 74 92 93 94:5201:-975 30 100 334 3310 488 1914
1 46 47 63 73 74 92 93 94 95 96:13871:-340 135 122 974 140 14 5200 986 5002 523 1115
48 82 92 93 94 95:8020:269 2457 2424 68 2592 210
1 47 92 94:1141:-229 40 684 646
92 94:487:383 104
1 46 47 63 64 65 73 74 82 83 84 85 87 92 93 94 96 97:19138:-720 78 291 1102 337 133 144 49 1004 58 915 52 826 5123 1550 5858 1784 554
92 94:447:351 96
83 94 95:1339:704 275 360
1 46 64 65 92 94:716:-360 60 505 70 177 264
82 94:3453:3198 255
46 73 74 92 94 96 98:3720:225 54 241 886 1206 536 572
1:-22850:-22850
1 46 92 93 94 96 97:5772:-300 109 681 975 2636 1126 545
1 36 46 47 48 50 56 63 64 65 67 72 73 74 75 76 77 78 82 83 92 93 94 95 96 97 98:25485:-27199 542 324 86 298 636 417 696 527 1889 1337 2255 521 2728 497 764 494 396 1159 13652 7060 2589 10500 408 1213 1244 452
1:-97058:-97058
1 36 48 73 74 92 93 94 95 96 97:9569:-1918 413 82 98 74 3028 1207 3004 181 687 2713
1 46 72 73 74 92 93 94 97 98:6679:-1070 56 24 59 124 2287 664 3286 815 434
46 92 93 94 97 98:6763:53 1778 964 2726 746 496
1 47 48 50 64 92 93 94 95 96 97:9770:-1080 47 135 310 79 3305 1009 2749 253 954 2009
1 2 46 48 65 72 73 74 92 93 94 96:8145:-360 43 77 42 103 33 45 66 2167 1618 2572 1739
1 36 46 48 73 92 93 94:6224:-720 171 78 231 84 1866 1194 3320
1 46 48 73 92 93 94:2911:-2880 28 167 38 3733 614 1211
1 46 48 64 73 74 92 93 94:4082:-1125 217 198 157 15 28 120 1687 2785
1 48 65 92 93 94 96:5795:-1720 49 234 1832 1858 3048 494
1 36 48 73 74 92 93 94:3993:-300 89 31 106 160 894 1014 1999
1 48 93 94:845:-316 146 555 460
1:-4811:-4811
88:10526:10526
1 46 92 94:1383:-96 66 804 609
65:410:410
76:3233:3233
1 50 64 66 96:-31049:-37668 3561 433 1899 726
1 46 47 73 74 92 93 94 96:7038:-1862 229 374 90 99 3689 289 3537 593
1 92 94:371:-498 274 595
1:-168145:-168145
92 93 94:1074:148 93 833
92 93 94:434:108 150 176
1 92 94:2072:-622 1768 926
48 65 72 73 74 92 93 94 95 96 97:7185:68 96 390 43 452 1256 217 2665 311 1123 564
1 92 93 94:5243:-318 3784 201 1576
1 47 48 74 92 93 94:3239:-368 184 258 105 2109 247 704
1 36 46 47 48 73 92 93 94:4264:-1096 129 139 102 385 44 890 757 2914
1 47 48 73 92 93 94 98:2957:-300 65 55 91 374 1134 930 608
47 48 92 93 94 96:8034:84 157 3342 1378 2063 1010
1 36 46 47 72 73 74 92 93 94 95 96 97 98:13883:-600 101 79 269 72 233 551 3131 2588 5461 287 474 746 491
1 46 67 73 74 92 93 94 97:14296:-2077 256 264 304 62 3618 3464 7863 542
1 46 73 74 92 93 94 97 98:5899:-600 66 113 20 1506 531 3271 567 425
1 46 47 48 64 74 92 93 94:876:-1412 60 104 49 518 93 400 244 820
46 48 72 73 74 92 93 94 96:15100:220 154 193 96 40 3399 2734 7749 515
92 93 94:2627:1470 419 738
1 46 72 92 93 94 100:4403:-300 42 635 1423 345 1607 651
46 47 48 65 72 73 74 92 93 94 97:11016:111 291 24 175 549 42 125 3138 967 4599 995
1 46 47 51 82 92 93 94:3034:-374 232 57 330 357 1453 210 769
46 51 64 65 72 74 82 83 92 94 96 97:11338:32 250 370 509 198 53 1071 353 4353 2238 498 1413
46 92 93 94:2106:69 897 396 744
1 46 47 48 51 65 73 82 92 93 94 95 97:7975:-867 79 169 86 280 110 19 1015 1955 903 3102 473 651
72 92 93 94 95 97:5951:24 486 524 2001 184 2732
73 98:2312:133 2179
48 92 93 94:2144:70 679 637 758
47 64 66 74 82 83 92 94 96:11395:154 91 2434 6 2058 4436 785 939 492
1 36 46 72 82 92 93 94 96 97:5649:-1840 97 54 137 3316 1575 98 1085 576 551
1 48 73 92 93:-182:-914 145 26 480 81
36 37 92 93 94 96 97 98:8918:35 74 1772 727 3709 601 1465 535
1 48 72 73 92 93 94:4573:-462 125 15 76 2055 824 1940
1 76 82 83 92 94 96 97:8315:-3317 3528 696 903 1930 1145 1659 1771
1 46 82 87 92 93 94 96 98:1568:-6448 80 158 434 1445 605 2260 1890 1144
46 47 72 73 92 93 94 96 97:7507:75 51 33 125 1456 1367 3064 506 830
48 92 93 94 97:2680:179 473 82 1214 732
92:442:442
94:291:291
1 92 93 94 95:1917:-565 412 439 1291 340
93 94 96:2508:1180 751 577
1 68 72 97:-25594:-27650 1282 247 527
1 46 48 92 93 94:-5086:-11557 72 33 1619 187 4560
1 46 92 93 94 97:264:-3338 116 717 69 2142 558
1 48 93 94 98:-330:-2310 249 125 1122 484
1 46 73 74 92 93 94:2546:-270 166 47 47 578 279 1699
1 93 94:-274:-1553 200 1079
1 94:-17680:-18027 347
1 46 93 94:-3461:-3891 61 98 271
48:177:177
1:-200:-200
93:174:174
1:-19950:-19950
93:72:72
93 94:407:210 197
1 93 94:-35552:-37193 582 1059
68:3838:3838
70:19684:19684
1 46 47 48 63 64 65 72 73 74 75 76 78 82 92 93 94 95 96 97 98 100:44808:-556 303 68 165 94 453 262 1750 828 586 644 7792 540 2660 11664 2241 11397 203 945 1641 445 683
46 74 92 93 94 99:3851:109 39 643 848 2005 207
1 72:-74042:-74140 98
1 82 92 93 94 97:8847:-1355 7413 587 141 1422 639
1 46 92 93 94:2637:-163 131 1174 152 1343
73 92 94:1510:48 394 1068
46 47 64 65 92 93 94 98:4890:106 49 31 265 789 699 2493 458
46 92 93 94 97:5400:508 1317 286 2160 1129
72 93 94 100:2033:81 77 1028 847
1 38 46 47 48 60 64 65 67 72 73 74 78 92 93 94 95 96 97 98:38663:-360 223 337 104 136 15 96 103 678 2800 1023 663 653 7714 3569 14831 601 473 3708 1296
92 93 94 97:3131:1108 354 673 996
72 73 74 92 93 94:3190:15 32 105 680 188 2170
46 47 72 73 74 92 93 94 95 96 97:23603:143 609 69 65 118 9290 2378 8284 854 1262 531
1 36 48 65 72 74 92 93 94 95 96 97 98:20278:-360 179 18 66 106 146 7551 711 6931 408 2035 1936 551
47 92 94:813:85 518 210
2 46 47 74 92 94 96:4171:25 523 225 52 1405 1071 870
46 73 74:316:182 62 72
46 47 50 51 63 64 65 73 74 92 93 94 95 96 98:12745:272 82 517 600 433 226 101 238 284 4576 279 2999 868 648 622
1 36 37 46 47 64 65 73 92 93 94 97:-185631:-193239 191 100 115 242 228 909 6 1502 791 2801 723
2 30 51 67 72 73 83 92 93 94 96 97:9285:59 87 295 728 834 17 865 1962 428 2303 477 1230
1 92 93 94:1039:-145 584 63 537
73 74 88 92 94 95:3842:107 49 433 1951 1091 211
1 48 72 73 74 76 78 82 92 93 94 95 96 97:32849:-1084 116 67 133 164 2070 276 2660 12685 724 9373 1024 2642 1999
2 46 48 72 73 74 75 78 92 93 94 97:6435:19 258 193 135 208 98 360 530 1045 225 2746 618
1 72 73 74 92 93 94 95 96:6370:-360 102 70 18 1117 501 3191 238 1493
1 93:-6403:-6573 170
94:512:512
48 73:64:40 24
1 46 93 94:-1112:-1555 90 233 120
36 48 64 72 73 74 92 93 94 96 97:6985:363 113 102 51 153 33 3285 114 1616 609 546
1 36 48 72 73 74 92 93 94 97:5521:-360 78 52 89 176 13 1957 383 2328 805
93:65:65
1:-438:-438
73 92 94:434:58 154 222
1:-18111:-18111
94:55:55
48 93:93:40 53
1:-5187:-5187
94:64:64
48:45:45
1 37 46 47 65 72 82 87 92 93 94 95 96 97 98:17755:-372 67 62 431 104 393 467 599 6884 1550 3475 481 581 2594 439
1 38 72 74 76 82 87 92 93 94 95 97:14944:-2646 321 166 116 1216 6612 2824 4617 247 508 293 670
1 48 74 92 93 94:2608:-425 158 152 634 976 1113
1 46 47 67 72 73 74 92 93 94 97:10483:-1509 113 101 177 47 40 175 6134 667 3296 1242
1 2 36 72 73 82 87 88 92 93 94 95 97:19088:-1158 32 62 316 134 2660 409 522 8324 62 5813 227 1685
1 46 48 64 72 73 74 77 87 92 93 94 96 97 98:18727:-360 346 50 241 70 106 514 500 1045 4868 1002 6160 1084 2519 582
1 46 47 48 63 72 73 74 92 93 94 95 96 97:28801:-526 365 231 78 188 64 93 143 10344 3298 11872 236 1280 1135
1 46 47 73 74 92 93 94 95 96:2830:-280 40 59 97 177 511 531 878 317 500
46 74 92 94:5006:83 87 3232 1604
1 46 63 72 73 74 75 82 87 92 93 94 95 97:4426:-5876 246 164 325 155 177 476 508 667 3902 911 1970 243 558
92 93 94:4055:1873 543 1639
73 92 93 94 95 96:4402:54 1145 646 1103 427 1027
1 46 72 74 87 92 93 94 96 97:8096:-360 132 28 122 485 1756 140 4076 1026 691
1 4 46 47 48 63 64 65 67 72 73 74 78 84 87 92 93 94 95 96 97 98:29778:-1539 26 513 207 174 605 77 232 469 1337 466 671 1988 272 782 8404 1597 9815 346 2357 541 438
48 51 72 73 74 92 94 97 100:8341:30 259 98 121 95 2739 3479 561 959
1 73 92 93 94:3201:-204 82 1210 471 1642
1 72 92 93 94:2262:-738 355 1635 617 393
4 92 94:2193:98 1240 855
1 46 47 64 72 73 75 76 92 93 94 95 96 97:15395:-1080 230 191 73 29 156 738 863 6115 636 3945 896 1274 1329
1 47 72 74 84 85 92 93 94:6185:-920 91 54 81 419 192 2898 330 3040
82 92 94:2217:1046 1015 156
92 93 94 97:6151:1318 396 3250 1187
1 72 73 74 82 92 93 94 96:6237:-500 167 174 22 790 2348 766 1489 981
46 72 74 82 92 93 94 96:12719:245 116 253 822 6040 651 3924 668
46 65 73 74 92 93 94 96 97:6324:264 179 72 234 2960 479 935 529 672
72 87 92 94 95:6212:227 667 4122 669 527
47 48 72 73 74 82 84 92 93 94 95 98:10945:195 103 45 43 60 1851 261 4470 124 3085 280 428
46 48 82 92 93 94:8745:134 144 2326 2626 451 3064
92 94 95 97 100:4208:2155 593 278 557 625
46 48 65 72 74 82 92 93 94 95:12464:208 223 161 606 152 792 5244 537 3551 990
46 92 93 94:2314:43 967 291 1013
72 92 94 95:2490:160 1190 690 450
1 46 47 72 74 82 92 93 94 95 97:15590:-2995 348 113 102 27 3260 4814 726 5511 307 3377
1 72 74 92 93 94 96:5239:-203 121 75 2855 99 1806 486
72 74 92 93 94:2759:99 27 1777 93 763
1 92 94:972:-222 1097 97
1 36 46 47 48 64 72 73 74 78 88 92 93 94 96 99:16154:-360 107 141 98 78 497 712 191 491 292 684 5075 620 4717 2284 527
47 64 65 72 73 92 94:2885:52 246 83 195 103 1439 767
46 63 72 73 92 94 95:3159:87 276 19 17 1945 531 284
1 48 64 92 93 94:2350:-2003 295 88 1193 759 2018
72 74 82 88 92 93 94 95:5813:108 222 825 621 1192 316 2160 369
1 46 47 51 92 93 94 97:7267:-360 209 433 222 2429 346 3459 529
47 48 92 94:1353:69 54 877 353
63 72 73 92 93 94:2997:82 237 36 615 499 1528
1 47 63 73 74 92 94:13258:-480 370 68 67 170 7765 5298
1 20 38 46 48 63 65 72 74 82 83 92 93 94 96 97 101:53681:-808 4 120 443 80 1287 349 16 164 20624 6613 9746 279 10346 2337 553 1528
65 73 74 92 93 94 98:11516:14 50 45 5208 130 5441 628
1 36 46 48 64 65 72 73 74 75 76 77 78 92 93 94 96 97:17590:-693 388 110 141 716 363 1421 563 943 582 2114 529 282 3979 625 4366 560 601
64 74 92 94 97:3247:154 213 1542 794 544
1 31 48 64 74 92 94 95:11540:-361 385 243 127 121 5194 4744 1087
94:635:635
94:1230:1230
94:653:653
94:933:933
1 46 47 48 50 72 73 74 82 85 92 93 94 95 97 98 99 100:32473:-2970 217 161 178 292 294 357 165 1947 900 12511 1272 14276 455 526 872 317 703
1 3 30 64 72 73 87 93 94:1619:-684 31 149 170 330 23 283 66 1251
46 72 73 74 92 93 94 96:6946:168 526 344 196 2592 216 2249 655
1 36 46 47 48 50 65 72 73 74 82 83 88 92 93 94 95 96:42005:-723 161 156 276 104 338 65 586 626 771 363 12651 252 10088 907 13969 936 479
1 46 47 48 64 73 74 92 93 94:3742:-786 45 351 66 32 91 262 1088 494 2099
1 5 36 39 46 55 63 64 65 72 73 74 75 76 78 80 83 87 88 92 93 94 95 96 97:23183:-18852 150 563 585 335 223 874 306 902 3754 761 1607 350 757 468 1615 10681 3476 430 6963 184 5762 188 566 535
1 2 47 92 93 94 95 96:8935:-684 41 48 3582 1058 3022 384 1484
1 46 48 51 73 92 93 94:10195:-1203 107 374 273 75 3129 3250 4190
92:198:198
74 92 93 94 96:2512:95 595 193 1162 467
1 2 48 64 87 92 93 94 95 96 97:11294:-377 13 295 139 980 2613 1894 3744 277 1079 637
1 46 47 48 64 72 73 74 78 82 92 93 94 95 96 97:14184:-4515 244 489 171 164 59 163 356 524 350 5272 2635 5762 454 1479 577
74 94:1351:59 1292
72 84 92:1551:27 483 1041
1 46 47 48 64 72 73 74 92 93 94 95 96:9435:-1094 205 203 248 59 115 124 187 3747 1071 3293 736 541
36 46 65 92 94 95 97:2610:167 134 407 335 738 250 579
1 83:11383:-9348 20731
1 2 83 92 94 95:3197:-2172 54 4084 261 94 876
72 83 92:2043:76 1500 467
83 87:1389:1021 368
1:-28043:-28043
83:11250:11250
73 83 92 93 94:4818:329 3063 298 289 839
1 38 46 47 48 64 72 73 74 75 87 92 93 94 95 96 97:37850:-846 329 468 228 173 845 11 405 127 510 669 17642 567 14433 574 550 1165
73 74 92 94:3652:72 26 599 2955
1 39 46 47 48 64 72 73 74 75 87 92 93 94 96:13117:-218 583 169 40 150 81 154 127 179 716 518 2554 959 6579 526
64 72 73 74 92 93 94:5201:90 221 166 121 1289 904 2410
1 2 4 20 46 47 48 65 72 73 74 76 80 82 83 92 93 94 95 97:42337:-1544 45 48 1 379 314 246 142 909 361 651 3992 742 1772 916 15512 772 13573 1449 2057
1 46 47 48 63 65 72 73 74 75 77 78 82 83 87 92 93 94 95 96 97:46726:-3383 744 106 575 270 287 126 644 95 371 488 287 3454 4969 434 16439 2111 15223 1292 1086 1108
1 46 82 92 94 97:2318:-360 117 632 551 739 639
36 92 93 94 96:6008:531 3125 203 1434 715
1 48 74 92 93 94:1275:-636 101 12 242 368 1188
1 48 72 92 93 94:2777:-1525 227 457 891 666 2061
1 46 48 51 92 93 94 98:4195:-917 60 142 304 432 1569 2129 476
1 30 46 48 74 92 93 94 95:2377:-1012 11 114 308 28 249 652 1899 128
92 94:465:145 320
94:231:231
1 64 74 83 92 94 95:2265:-618 166 218 463 927 880 229
1 46 48 51 64 72 74 82 87 92 93 94 95 96 97:25518:-180 273 98 254 257 123 484 1904 395 9760 754 10091 252 511 542
19 46 63 65 72 73 74 80 92 93 94 95 98:11192:26 50 360 319 20 145 103 1698 2934 412 3987 629 509
1 36 65 72 74 75 82 86 92 93 94 97:10620:-1500 210 385 503 348 396 1765 928 3308 300 3334 643
46:103:103
1 94:-108:-269 161
1 93:-674:-750 76
1 46 47 48 63 78 92 93 94:-7966:-11145 106 91 31 68 424 1146 238 1075
1 46 74 92 93 94 95:3576:-2774 81 71 3164 361 1962 711
1 48 63 65 92 93 94:3678:-1678 155 105 199 3818 236 843
46 48 83 92 93 94:7550:25 171 4127 1622 814 791
1 46 48 74 92 93 94:5029:-844 65 400 40 2147 761 2460
1 46 48 92 93 94:1821:-1086 127 56 415 279 2030
1 46 48 92 93 94:2335:-400 79 57 1167 722 710
1 47 48 65 92 93 94:1456:-1420 69 35 18 1658 88 1008
1 92 93 94:3462:-1273 1540 437 2758
1 47 48 74 88 92 93 94:5247:-2535 31 114 50 647 2729 1181 3030
1 46 47 48 73 92 93 94 95:2834:-4259 46 104 245 21 2327 1117 3000 233
1 3 46 48 51 63 64 65 67 73 74 75 83 92 93 94 96:-82331:-110065 19 130 266 235 549 455 1709 540 431 134 430 15375 1225 1386 3758 1092
92 93:399:195 204
1 46 48 73 74 82 92 93 94 96:3126:-4025 126 389 190 200 298 1024 2224 2209 491
94:528:528
1 46 48 92 93 94 97:4350:-953 106 282 1587 1068 1143 1117
1 48 92 93 94 95:1408:-255 73 905 125 176 384
1 4 48 65 74 87 92 93 94 95:4511:-977 41 163 461 48 454 1951 733 1440 197
1 82 87 92:1734:-1530 1828 1055 381
1 20 82 86 87 92 94:12918:-1744 2 5820 3662 1369 3196 613
1 47 67 72 73 82 86 87 92 94 95 97:29116:-2751 144 644 719 311 12022 3891 2274 7293 2533 1450 586
46 48 73 94:814:70 57 24 663
1 48 72 73 75 82 87 92 93 94 96:8214:-9857 61 392 61 603 8204 1869 4097 860 1443 481
1 64 77:-10644:-11445 432 369
1 36 38 64 82 83 87 92 93 94:14430:-2766 140 242 691 9391 68 676 2920 303 2765
1 2 4 36 46 48 63 64 65 72 73 74 77 78 82 87 92 93 94 95 97:-24821:-56319 14 42 375 62 242 1442 105 2267 2034 632 1171 167 434 9892 1473 5214 1099 3357 304 1172
1 2 46 64 65 68 72 73 74 78 83 87 88 92 93 94 96 97:11953:-2330 18 66 696 966 2125 1348 379 99 296 475 421 408 1972 271 1772 1651 1320
1 46 47 48 63 64 65 72 74 92 93 94 95 96 97:14440:-4978 52 22 68 424 79 70 154 225 10873 283 3410 1420 1241 1097
1 46 47 72 73 74 83 87 88 92 93 94 95 96 97:18287:-1667 52 55 305 131 291 6240 397 330 5406 382 3395 949 759 1262
1 2 64 72 74 88 92 93 94 95 96 97:13883:-840 31 109 197 43 322 8582 761 2761 357 944 616
1 51 73 83 92 93 94 97:14838:-1052 364 46 11004 845 354 2188 1089
1 73 83 96:1117:-9815 133 4680 6119
1 48 73 92 94:-3004:-3756 55 44 463 190
1 92 94:62:-647 606 103
1:-3234:-3234
1 46 72 83 92 93 94 100:13430:-6626 204 30 12226 3002 467 3507 620
1 92 94:561:-456 180 837
46 48 92 93 94:2159:151 70 595 446 897
1 46 92 93 94 96:2645:-362 187 443 229 1612 536
1 93:-1347:-1507 160
48 92 93 94:1718:34 156 642 886
1 74 92 93 94 95:10118:-360 53 4083 1254 4641 447
1 46 48 72 73 92 93 94 97 98:9000:-360 116 261 45 91 1156 1858 3524 1817 492
92 93 94:611:264 232 115
73 93 94:1158:59 158 941
94:139:139
1 46 47 48 63 64 73 74 92 94:2769:-1558 89 86 12 628 108 148 141 1669 1446
72 73 74 92 94 95 96 97:8551:80 115 53 3060 2968 259 1474 542
92:314:314
94:78:78
92 94:500:230 270
72 73 74 92 94:1349:56 177 49 539 528
1:-464:-464
1 46 47 48:-5672:-5771 58 18 23
1 83:-3382:-15195 11813
1:-13452:-13452
1 93 94 96:-7802:-8657 85 193 577
1:-743:-743
1:-743:-743
1:-2781:-2781
1 69 93 94 98:-1207563:-1225940 17025 415 503 434
1 46 47 48 64 72 73 74 78 92 93 94 95 96 97:3462:-10226 146 173 125 192 671 55 457 257 4527 959 4125 219 987 795
1 92:484:-360 844
1 48 92 93 94:-11652:-13170 183 395 483 457
1:-734:-734
1 48 92 93 94:-2360:-4838 92 1044 1115 227
1 92 94:-950:-1659 282 427
1:-4313:-4313
1 94:-8295:-8387 92
1:-43129:-43129
1 36:-3778:-3881 103
1:-1940:-1940
88 92 94:1799:502 630 667
1 7 27 29 36 37 46 54 55 56 57 58 63 65 67 72 73 74 75 76 77 78 79 80 82 84 86 87 88 92 94:83070:-16440 501 43 225 1057 392 178 5120 755 1589 852 2482 1239 1895 1987 19013 1460 4280 3030 10240 10077 540 3579 7003 7991 581 6542 4322 268 472 1797
1 3 36 64 65 67 68 72 74 77 80 88 92 93 94:6281:-8563 61 721 1689 2693 350 1777 3127 327 73 1867 811 626 172 550
1 4 36 38 46 53 56 64 65 72 73 74 75 76 77 82 89 92 94:20427:-2326 6 310 266 142 3405 237 164 490 1834 93 632 1196 2343 364 944 6512 1910 1905
72 73 74 77 80 92 94 95:3093:82 34 339 178 1645 373 270 172
1 4 28 36 37 38 46 47 53 55 57 58 59 63 64 65 72 73 74 75 76 77 80 82 83 86 89 92 94:32621:-360 3 67 855 364 714 156 100 766 266 981 295 745 291 275 150 4200 40 658 803 4723 466 849 1428 180 9939 894 2025 748
1 36 38 49 53 55 58 63 64 65 72 73 74 75 76 77 78 82 83 86 87 88 92 93 94 95:26018:-939 500 531 390 3826 34 1145 1040 512 1074 2711 369 364 346 1043 5713 374 737 716 1373 200 544 2173 82 723 437
1 3 7 36 38 47 54 55 56 57 63 64 65 67 72 73 74 75 76 77 82 83 84 86 87 88 89 92 94 95 97 98:42307:-2727 30 234 752 686 124 272 85 393 214 570 1206 630 523 6017 255 1546 3048 1751 625 11210 82 190 944 2901 1455 1493 4171 1930 563 544 590
1 8 36 38 47 55 56 57 63 64 65 66 67 68 70 72 73 74 75 76 77 79 80 81 82 92 93 94 96:251554:-7104 191 145 283 117 679 972 442 715 682 3102 26422 2569 4137 27214 6970 727 906 5859 19594 1001 1524 46988 104288 126 1133 206 1063 603
1 29 50 54 55 56 65 72 73 74 75 76 78 83 84 88 94 95:31235:-332 137 495 76 318 988 435 5511 396 386 5879 13517 1273 1273 113 359 328 83
1 36 37 38 46 47 54 56 64 65 72 73 74 75 76 77 80 82 86 87 89 92 93 94 95 96 97 99:41335:-456 773 123 954 287 73 445 1583 659 654 3194 367 940 3405 3488 210 1505 1620 4570 1593 848 6527 273 4735 330 527 1757 351
1 7 36 38 42 47 72 73 74 82 86 87 89 92 93 94 95 97 101:36179:-2498 282 173 377 224 26 273 23 22 9384 4160 3488 1262 10234 297 4641 2434 598 779
1 3 36 38 46 47 48 55 56 57 58 64 65 72 73 74 75 77 80 82 84 86 87 88 89 92 93 94 95 96:25768:-393 28 997 466 458 152 58 139 321 972 474 1231 702 1552 334 370 438 653 1085 2960 257 3349 483 130 2863 2270 372 2222 265 560
1 20 82 86 87 89 90 92 94 95 97 99:16607:-3175 47 1001 2618 1881 605 1553 2089 534 5871 2203 1380
36 38 64 65 72 74 76 77 82 83 88 92 94 97:9284:460 122 249 255 409 290 663 65 1331 320 960 2833 662 665
1 82 86 87 92 93 94 95 97 99:13223:-1500 582 671 2811 4181 142 346 4397 555 1038
1 16 20 36 47 63 64 65 72 73 74 79 82 87 92 93 94 95 99:22246:-724 25 17 205 172 965 426 479 602 45 191 888 6002 6298 2800 113 1613 1699 430
1 82 92 93 95 97:6063:-2047 841 3298 268 1670 2033
1 36 46 63 64 65 68 72 78 82 87 88 89 92 94:11118:-360 211 25 320 979 355 2229 533 349 1014 1081 341 1165 2548 328
1 77 82 87 92 95:3678:-487 260 542 576 1456 1331
1 36 46 48 64 65 72 74 82 87 88 92 93 94 95:10959:-360 244 141 104 352 1195 630 328 1060 1342 270 3711 77 1381 484
1 38 46 47 64 72 74 76 82 87 92 94 95:15385:-720 240 80 461 43 80 113 903 3337 1255 4958 4172 463
46 55 64 65 68 72 74 78 82 83 92 94 96:9452:186 584 458 340 1066 870 692 631 2756 308 265 780 516
1 46 63 73 92 93 94:4818:-357 126 627 113 2340 90 1879
1 46 63 65 72 74 92 93 94:8632:-503 168 760 635 589 124 3993 587 2279
46 74 92 94:4600:235 71 3443 851
46 50 73 88 92 94:5150:110 319 217 185 2736 1583
48 65 73 92 94:3820:181 93 35 2187 1324
46 48 50 74 92 94:3733:260 41 292 220 1390 1530
1 46 47 49 67 72 73 74 75 78 92 93 94 95 96 97:17905:-694 235 102 438 1680 980 475 603 430 664 3841 815 6146 365 1152 673
1 46 48 51 63 64 65 72 73 74 75 78 92 94 96 98:8513:-3590 434 143 237 213 1577 1047 57 163 182 2141 465 994 2675 1167 608
46 63 73 92 94 97:3242:359 178 110 636 1389 570
92 93 94:4041:2437 280 1324
1 73 82 92 94 96:9969:-360 52 6944 1323 1508 502
46 47 64 74 92 94:5662:182 268 97 112 2239 2764
46 47 64 92 93 94 95:6188:114 306 93 2593 170 2727 185
65 73 74 92 93 94 95 96:7270:79 179 111 3029 666 2486 128 592
1 46 65 72 92 94 96:4527:-360 207 421 344 2161 1283 471
72 92 93 94:4491:88 2499 237 1667
36 50 67 74 78 92 94 96:3996:187 314 268 79 376 1410 814 548
72:73:73
46 67 73 74 92 94:2339:120 281 53 37 974 874
47 72 73 76 92 94:8685:71 18 67 3808 2941 1780
1 38 73 92 94 95:3449:-266 158 73 2834 448 202
1 38 64 69 72 73 74 92 93 94 95:8329:-3664 188 864 6938 39 48 460 1262 285 1672 237
92 94:3064:2138 926
72 74 92 94 95:3998:28 103 2289 1411 167
1 72 73 83 92 94 96:8388:-1829 407 90 3410 3203 2534 573
3 46 72 73 74 92 93 94 95:7716:57 74 73 48 59 5366 197 1538 304
92 94 95:3334:1783 1346 205
1 64 74 76 80 92 94:11901:-1297 450 165 4227 6245 911 1200
1 46 47 63 64 65 72 74 82 83 86 87 92 93 94 97 98:25997:-1044 180 276 265 92 215 199 45 6977 293 2685 3835 6564 269 4136 553 457
36 38 46 55 64 72 74 75 82 86 89 92 93 94 96:11811:491 195 65 56 188 800 165 2115 1366 713 634 3057 331 1166 469
1 36 58 64 65 67 80 92 94:7746:-720 297 1938 162 644 3657 783 667 318
1 22 36 37 38 47 64 65 72 73 74 82 86 87 89 92 93 94 97:26565:-1077 12 578 67 300 55 652 1000 296 85 229 4897 4073 2196 3358 5333 568 3378 565
1 17 36 38 47 48 51 73 74 78 80 82 86 87 92 94 95 96 97:26341:-1518 30 472 623 199 64 954 50 63 291 707 1625 3160 1395 10011 5311 266 590 2048
1 48 92:-258:-535 60 217
1 2 38 46 47 64 72 73 74 75 76 82 87 92 93 94 96:20387:-1840 23 226 80 83 92 1244 151 65 372 3191 5920 1997 4332 310 3609 532
1 64 65 92 94 95 97:1756:-2916 185 1862 978 842 270 535
1 36 38 65 72 73 75 82 83 84 86 92 93 94:11511:-7060 707 364 163 10 141 471 10201 3339 76 983 1499 184 433
1 36 38 46 65 72 73 74 82 86 87 92 93 94 95 96:23606:-1134 103 175 88 308 1015 105 41 5785 1077 3050 7265 135 3278 1795 520
1 36 46 64 65 72 74 82 87 92 93 94 95 96 97:25410:-126 289 52 343 378 78 538 7149 1867 8770 112 4271 601 542 546
1 38 46 73 78 82 87 89 92 93 94 95:25725:-3442 170 294 310 331 9128 1779 903 9218 172 6410 452
36 47 65 75 82 86 87 92 93 94 95 97:15768:52 80 181 693 5505 1359 1225 1401 382 3867 360 663
64 73 82 86 87 92 93 94 95:10286:136 23 2732 1126 824 2626 458 1829 532
1 46 64 67 72 73 74 76 78 82 88 89 92 93 94 95 96:18690:-2878 236 460 989 60 235 287 1311 1021 878 1211 7746 3948 427 1449 840 470
1 94:-357:-454 97
36 82 96:2728:87 1984 657
4 46 72 73 74 83 92 93 94 96:9374:32 157 262 65 259 149 4906 161 2883 500
72 74 92 94 97:11444:74 242 7541 3052 535
4 74 92 94 97:7203:49 16 4856 1736 546
66 73 92 94:3930:1371 85 1780 694
72 74 92 94:959:117 34 216 592
4 64 72 74 92 94:3739:49 208 103 152 2449 778
72:532:532
92 94 95:6365:4822 1357 186
46 92 93 94 95:4807:57 2522 181 1702 345
92 94 95:4185:2020 2027 138
46 72 92 94 95:3111:97 184 1439 1102 289
36 74 92 94:2805:126 65 925 1689
1 92 94:-14793:-16000 791 416
92 94:6231:4277 1954
1 47 67 72 73 92 93 94 95 97 98:8655:-1802 88 295 877 301 5011 247 1466 208 1363 601
1 65 72 74 92 93 94 95:4074:-199 235 60 140 1732 294 1532 280
1 72 82 86 87 89 92 93 94:5606:-180 27 1942 1306 443 338 867 414 449
36 47 92 94:5584:377 133 4680 394
46 74 92 94:4572:39 250 2114 2169
92 94:3584:2410 1174
1 64 68 73 74 89 92 94 95:5383:-2578 142 4505 102 534 829 765 930 154
1 16 47 82 86 87 92 94 96 97:7781:-400 34 85 1508 1432 436 1681 1218 1014 773
1 48 82 92 93 94 95:5688:-1110 57 2445 1584 362 1591 759
1 3 36 38 46 47 65 72 75 82 87 88 89 92 93 94 95:21871:-360 72 286 217 198 186 216 108 385 4858 396 392 3999 7058 438 3209 213
1 38 72 73 74 76 78 83 86 88 92 94:10440:-903 198 649 163 208 840 1089 90 1507 148 4103 2348
1 72 74 84 85 86 89 92 94 95 97:6311:-360 364 34 287 147 1008 274 2214 1088 584 671
1 19 38 46 65 72 82 87 92 93 94 95 97:18550:-1440 38 313 139 350 64 3301 823 7366 379 4661 469 2087
1 38 48 63 64 65 67 72 74 82 86 87 89 92 93 94 95 96 97:29019:-3157 205 92 1652 480 745 80 314 64 6838 3389 2528 1156 8349 145 2955 999 1444 741
1:-390:-390
1 46 48 72 92 93 94 96:2669:-1110 104 137 103 1733 207 1019 476
46 73 82 92 93 94 95:5121:58 36 358 2355 304 1274 736
64 87 88 92 93 94:4591:42 901 690 1476 304 1178
92 93 94:1834:1204 57 573
74 82 83 92 94 95 97:5088:121 1051 260 2071 593 422 570
1 46 47 64 65 72 74 78 82 92 93 94 96 97:16300:-360 98 72 92 128 136 267 273 772 6420 869 5825 1104 604
46 63 64 65 66 72 73 74 76 78 82 92 93 94 96 97:21714:192 1914 93 82 1418 185 99 325 720 743 2601 6556 571 4511 462 1242
1 38 46 47 48 63 64 65 72 73 74 75 92 93 94 95 96 97:22875:-931 318 172 102 260 360 300 965 1260 313 516 493 9410 1223 6416 373 573 752
30 38 46 47 65 67 72 73 74 82 86 92 93 94 95 96 97:40845:12 145 79 124 166 425 299 343 376 11325 8540 7944 465 8324 818 620 840
46 47 64 73 87 92 93 94 95 96:11891:89 215 46 350 613 5050 661 4183 211 473
47 74 88 92 94 95 96 97 99:9886:302 332 258 5524 1404 527 606 611 322
3 63 65 72 74 82 92 94:19517:66 298 95 27 39 17323 1329 340
92 94 95:2457:1824 258 375
1 63 64 65 67 72 82 88 92 95:8995:-1180 660 1216 318 446 694 4757 702 958 424
1 2 26 29 54 63 64 65 66 67 72 73 74 75 76 77 78 84 87 88 92 93 94 96:23094:-823 95 1911 53 4111 1127 1203 1764 1404 761 1723 340 1247 380 1731 1707 654 270 273 477 902 423 706 655
36 46 47 64 74 82 92 94 95:9367:400 121 300 224 113 834 4361 2630 384
38 46 47 48 63 64 65 72 74 78 92 93 94 96 97:20425:341 254 313 68 224 297 200 83 10 518 7341 1693 8024 478 581
47 92 93 94:3278:82 1180 1342 674
46 48 65 73 74 92 93 94 95:5589:141 53 34 29 31 1856 706 2438 301
46 47 64 83 92 93 94:5228:291 106 60 304 2053 283 2131
1 46 47 56 67 72 73 74 76 78 82 83 84 92 93 94 96:17641:-5023 109 231 557 3051 395 303 379 871 262 2584 2735 304 5502 608 4269 504
82 83 84:3340:260 3015 65
1 46 83 84 92 94:-1503:-6300 100 3396 76 537 688
1 4 36 38 46 47 74 92 93 94 95:9259:-1270 67 165 11 122 127 21 3154 254 5848 760
46 47 48 72 73 74 76 77 83 86 92 93 94 96 97 98:29316:118 219 74 730 244 837 838 337 1648 12046 3624 1386 2876 1758 1870 711
72 92 93 94 97:5452:27 1475 242 2458 1250
46 74 92 93 94 95:6841:45 56 1986 130 4361 263
74 92 93 94 96:5378:64 2629 390 1759 536
1 83 92 96:-28967:-30700 912 331 490
46 47 65 73 92 94 95:9322:456 107 105 96 4945 2418 1195
63 75 82 92 94 95:8516:227 1010 5858 887 168 366
38 46 72 73 74 92 93 94 97:9789:158 40 15 19 126 4917 98 3551 865
82 92 93 94 95:4960:1016 1316 126 891 1611
37 46 64 65 92 93 94 95:4074:52 64 82 341 2348 361 210 616
1 65 74 82 92 93 94 95:6036:-360 1046 309 1767 1556 167 1315 236
73 74 92 94 96:2673:51 28 1378 748 468
1 73 92 93 94:2235:-360 92 993 135 1375
1 38 87 92 93 94:1568:-188 177 529 167 128 755
92 94 97:3907:1162 603 2142
64 65 68 72 92 93 94 95 97:5325:324 319 1070 146 1791 223 468 418 566
1 46 64 73 74 83 88 92 93 94 95:4992:-1079 100 149 27 24 183 101 2820 372 2017 278
36 46 73 74 92 93 94 95 96:7410:70 224 357 94 2013 473 2598 1099 482
46 48 63 64 65 66 67 72 73 74 92 93 94 95 97:17679:36 47 304 239 762 1615 420 217 62 155 5543 633 4642 240 2764
1 64 65 67 72 73 74 92 93 94 95 97:3001:-1056 145 216 266 447 95 86 905 134 805 422 536
1 72 76 87 97:3095:-307 124 792 1818 668
1 47 64 65 72 74 76 82 92 93 94 95 96:17147:-277 237 318 1002 87 111 808 2020 6228 191 4089 1815 518
46 48 72 76 82 83 87 88 92 93 94 96 97:19004:331 83 93 704 1343 204 865 99 8857 556 3872 1280 717
46 92 93 94:2255:206 1442 203 404
36 64:1569:171 1398
46 47 68 87 92 93 94 96 97:4260:81 132 1247 250 585 379 510 543 533
64 65 66 67 73 74 76 80 92 94 96:9657:304 458 3390 1649 126 630 691 1448 153 345 463
65 76 84 92 94:6658:505 2964 763 1759 667
1 47 73 74 75 82 87 92 93 94 95:18734:-360 939 75 136 449 1441 534 8138 294 6546 542
1 46 64 65 72 73 92 93 94 96 97:4581:-864 10 921 237 266 198 1865 195 305 820 628
36 72 92 94:2295:258 37 1512 488
1 72 92 93 94 95:4171:-318 41 1735 187 2142 384
1 72 92 94 95 96 97:9391:-1370 91 4862 2849 1028 598 1333
1 47 68 92 94:1347:-360 116 1098 358 135
1 74 92:197:-292 211 278
1 73 96:-16300:-17011 19 692
92 93 94 96:3171:747 164 1619 641
92 94:749:569 180
1 72 77 87 92 93 94:2241:-1140 119 99 468 788 341 1566
92 94 95 97:3030:1135 792 442 661
1 54 56 63 64 65 67 68 72 74 75 77 80 82 92 93:16203:-4910 608 916 1295 661 498 1679 3519 2319 122 564 866 3825 3855 208 178
1 40 46 47 48 57 63 64 65 67 68 72 73 74 77 78 80 82 88 92 93 94 95 96 97 98:15816:-15972 1172 188 619 194 194 856 896 1782 461 1291 1295 548 712 556 1176 680 299 402 7323 1385 6231 184 2166 549 629
1 2 46 47 63 64 65 67 72 73 74 75 82 87 92 93 94 95 96:20946:-360 20 237 553 225 436 1032 294 656 148 520 1462 1266 402 8037 698 4084 764 472
1 46 63 65 72 82 86 92 94 95 96:11795:-2373 229 165 149 546 3784 3479 1430 1074 343 2969
1 21 48 64 67 72 73 74 76 82 83 84 87 88 92 93 94 95 98:14269:-1200 30 88 257 108 153 314 172 1842 533 294 720 513 102 7060 930 1559 172 622
74 87 92 93 94 95 99:10869:183 591 6026 607 2376 862 224
1 37 47 48 72 73 74 82 92 93 94 95 96 97 98:16801:-720 121 169 260 269 227 47 1574 6509 382 3996 1522 1215 631 599
1 46 47 64 65 72 82 92 93 94 95 96:12727:-360 60 481 135 148 37 928 4275 982 4779 714 548
46 48 72 73 74 76 92 93 94 95 96:12111:411 212 12 54 46 757 5566 277 2968 908 900
72 82 87 92 94 97:6155:354 463 379 2905 952 1102
1 46 47 72 74 92 94:4715:-720 113 92 169 61 955 4045
1 47 63 64 65 72 73 74 75 76 78 80 87 88 92 93 94 95 96 97:25905:-1104 36 360 315 618 4418 613 905 2877 1211 1573 2331 499 373 4438 554 4140 582 464 702
1 3 36 46 72 73 74 92 93 94 95 96 98:10111:-757 8 202 224 499 135 164 4169 807 2738 781 473 668
46 47 64 65 72 74 88 92 93 94 95 97:11960:64 48 100 118 18 95 582 3841 224 4373 363 2134
73 74 82 87 88 92 93 94 96:7331:35 52 801 389 470 1259 310 3305 710
74 92 94:2690:67 1751 872
1 38 46 48 65 72 88 92 93 94 95 97:10375:-1483 185 99 116 220 152 272 5846 235 3863 285 585
1 82 86 87 92 93 94 97:5086:-3006 2412 1607 416 1553 352 1049 703
1 72 82 86 87 92 93 94 95 97 100:2562:-9969 188 4757 1855 1364 1705 100 1061 287 551 663
1 73 92 93 94:2760:-303 120 1516 124 1303
1 3 82 87 92 95:6656:-903 112 3200 1214 2459 574
1 47 73 74 77 87 92 93 94 97:2565:-1802 138 54 92 197 538 1594 155 360 1239
1 38 48 64 72 74 87 92 93 94 95 97:16202:-368 308 161 91 17 193 552 6125 1101 7234 235 553
1 36 39 40 48 63 64 65 72 74 77 83 84 88 92 94 95 96:21741:-3792 197 550 1211 40 221 386 687 506 44 58 17148 76 715 1713 975 530 476
83:2152:2152
83:1073:1073
1 74 77 82 87 92 94 95:7471:-2741 131 166 6343 1484 1453 147 488
1 65 72 74 83 92 93 94 97:8994:-2106 148 567 471 7543 701 85 594 991
1 82 92 93 94 97:3843:-1513 3009 1331 164 213 639
82 83:14915:7302 7613
82:5646:5646
92:244:244
1 3 4 46 72 73 74 75 78 88 92 93 94 95 96 100:11427:-381 45 31 18 1511 537 656 352 409 354 3421 443 1754 968 653 656
1 38 46 63 64 65 72 73 74 77 83 87 92 93 94:14727:-2718 6 224 137 78 53 1184 224 155 93 5996 730 3830 198 4537
73 82 83 84 94:13146:203 260 12308 239 136
46 83 93 94:1687:96 1128 78 385
1 4 46 65 72 73 74 82 92 93 94 95:25034:-1771 39 335 61 662 142 29 1848 14187 368 8445 689
46 47 73 92 94 95:20752:201 271 77 13247 4245 2711
46 47 72 92 94 95 99:17257:150 64 711 12542 2177 1297 316
47 72 74 92 94:9709:107 29 331 8129 1113
36 72 74 92 94:2453:360 29 50 1738 276
46 74 92 94:5350:73 322 3840 1115
1:-467:-467
48 65 72 74 92 93 94 95 97:3920:142 424 257 78 1458 171 345 464 581
74 82 87 88 92 93 94 95:10608:20 6919 434 487 1549 107 911 181
46 65 72 74 92 93 94 96 97:8144:124 63 138 393 1516 175 1958 2366 1411
1 63 64 65 67 68 72 92 94:2875:-3632 1048 2135 568 742 759 63 794 398
92:337:337
1 16 20 30 46 47 72 73 74 82 83 84 88 92 93 94 97:22894:-1080 6 12 49 513 176 491 37 191 3643 758 346 230 6668 284 8898 1672
1 46 50 72 92 94 96:2892:-360 227 341 177 1685 353 469
1 46 47 65 72 73 74 82 87 88 92 93 94 95:16009:-720 160 83 404 25 57 42 2712 1139 130 7731 156 2643 1447
1 46 73 74 82 92 93 94 96:7318:-724 235 26 22 1216 3632 547 1890 474
1 73 82 84 92 93 94 95:6307:-1153 55 282 71 3713 337 2396 606
46 72 82 84 92 94 95:7484:197 28 434 279 5172 901 473
1 46 64 72 73 74 92 93 94 95 97:8079:-1479 38 70 438 39 149 6424 107 1483 255 555
1 36 92 94:1506:-403 87 1112 710
1 46 72 92 94 95:4063:-420 123 72 2677 808 803
1 46 92 95:1073:-253 211 841 274
1 74 82 92 94 95:5681:-360 175 2621 2524 418 303
1 16 72 73 74 82 83 86 87 92 94 95 97 98:34493:-8200 28 398 179 327 18798 5354 8491 1016 3868 1798 971 762 703
1 76 86 89 92 94:14867:-22671 2777 33264 298 1030 169
1 46 48 73 92 93 94 96 97 98:8999:-441 101 210 189 2570 1128 3543 550 719 430
46 47 48 51 65 72 73 74 92 93 94 96 97:16663:254 119 488 238 176 448 109 202 3864 1164 6020 1069 2512
1 46 47 48 72 74 92 93 94 95:11344:-2721 172 246 267 205 65 5756 2043 5030 281
1 17 46 72 82 86 87 92 93 94 95 96 97:26675:-1350 45 160 161 6736 3480 2161 6572 186 4791 843 2324 566
1 46 92 93 94:1746:-615 209 1539 111 502
1 64 87 92 93 94 95:7492:-835 197 1063 3737 210 2531 589
92 94 95 96:5895:4023 985 398 489
1 47 48 78 92 93 94 95:4084:-2151 157 26 263 2748 307 2460 274
1 16 46 48 72 75 82 87 92 94 95:14110:-5816 16 166 110 68 388 1058 5651 8387 2814 1268
1 48 72 82 87 88 92 93 94 95 96 97 98 99:14564:-7029 52 263 1189 630 718 9877 260 2725 852 1493 1853 1396 285
1 16 20 30 46 51 72 74 80 82 87 92 93 94 95 96 97:20070:-4554 73 88 45 100 243 206 387 776 3079 1446 10108 493 4958 1084 475 1063
1 46 92 93 94 95:6920:-1440 156 5252 619 2030 303
74 92 93 94 95 96:7287:93 3707 102 1221 917 1247
48 73 88 92 93 94 95 97 98:10023:215 112 440 2426 1281 2392 452 2256 449
1 38 46 92 93 94 95 97:9277:-1440 193 96 5455 1107 1370 288 2208
1 73 82 87 92 94 95:-3206:-6837 64 413 208 504 1717 725
1 74 75 92 94 95:3101:-1395 105 362 2817 417 795
74 92 93 94 97:3164:121 1043 432 490 1078
92 93 94 97:2334:486 74 794 980
1:-467:-467
1 64 73 74 92 93 94 97 98:-11200:-17606 202 31 68 2025 799 1911 559 811
1 51 73 74 87 92 93 94 96 97:12387:-378 242 119 534 480 5343 604 4016 731 696
1 65 92 93 94 96 97:11091:-718 220 4701 442 3195 597 2654
1 46 47 48 51 72 92 93 94 97:2936:-445 195 89 50 584 14 446 146 1049 808
94:110:110
1 3 48 73 82 92 93 94 96 97:9179:-4950 46 116 163 7566 3272 242 1659 509 556
1 46 47 48 65 92 93 94 96 97:7484:-1984 130 90 348 157 2643 819 3554 494 1233
1 48 64 92 93:-13419:-15102 153 141 1088 301
1 36 46 48 63 64 72 73 74 92 93 94 95 96 97:14947:-901 89 78 176 357 116 524 282 218 6319 690 3762 1096 1553 588
46 72 73 74 87 92 93 94 96:8701:271 75 158 55 742 4239 1028 1081 1052
37 41 82 92 93 94 95 96 97:9198:120 595 724 3580 134 1121 875 1491 558
1 37 48 64 65 73 74 76 82 92 93 94:15438:-3267 121 101 292 575 70 139 1143 6919 6416 624 2305
46 47 48 63 65 73 74 78 92 93 94 95:7622:71 280 71 130 73 176 170 296 2872 469 2365 649
1 46 72 73 74 76 82 87 88 92 93 94 95 97:14162:-242 115 421 97 187 1655 608 469 581 4026 388 4403 864 590
92 94:975:461 514
1 2 46 47 48 72 73 74 82 92 94 95 96:6800:-709 15 153 315 114 49 202 28 398 3000 2181 424 630
1 47 73 82 92 93 94 95 96:16951:-1081 124 86 9749 4599 341 1312 1313 508
1 46 48 63 64 65 72 73 74 92 93 94 97:10206:-1499 599 218 352 146 133 277 53 52 3556 909 3464 1946
1 36 46 73 74 92 93 94 95:3879:-2263 214 53 29 48 2831 356 2379 232
92 94:2620:1883 737
1 48 51 72 73 74 78 92 93 94 95 96 97:22476:-828 103 331 126 168 61 261 5878 1821 9659 409 2025 2462
36 46 48 51 72 73 74 92 93 94 96:7334:320 235 399 223 70 61 316 2236 523 2386 565
48 92 93 94:3140:45 1536 395 1164
48 64 72 74 82 92 93 94 97:18155:74 123 399 8 14209 519 445 1790 588
1 46 48 72 73 74 92 93 94 97:9862:-755 42 32 344 411 42 3555 988 3045 2158
1 46 48 51 73 75 92 94 96:6314:-440 107 138 281 82 512 2087 2931 616
1 46 64 74 92 93 94 96 97:8753:-378 145 163 48 2331 960 3723 536 1225
1 48 73 92 93 94:2282:-360 44 74 409 407 1708
75 76:2519:1698 821
1 75 92 94:708:-720 730 458 240
1 92 93 94:2992:-360 886 1044 1422
1 92 93 94 97:2564:-720 461 363 1028 1432
1 36 72 92 93 94 97:-11577:-17912 277 48 1018 590 3831 571
1 46 48 51 72 73 74 92 93 94 97 98:11255:-1350 318 80 220 405 169 385 3686 1445 4431 819 647
1 48 65 73 74 92 93 94:1421:-655 17 65 80 96 559 71 1188
78 92 93 94 95:2894:256 660 189 1373 416
74 92 94:1347:250 408 689
1 48 51 74 92 93 94 96:3820:-440 81 359 12 547 113 1608 1540
1 46 47 48 64 67 72 73 74 88 92 93 94 95 96 97 98:5000:-15008 148 165 163 88 351 939 636 472 320 2337 1313 7907 218 1101 3153 697
1 73 92 93 94 96 97:5898:-928 86 467 348 1250 1789 2886
1 46 48 63 64 65 66 67 72 73 74 78 82 92 93 94 95 97:17069:-2038 31 30 348 639 728 2526 2637 829 63 433 879 5118 703 681 1414 171 1877
1 92 94:-1998:-2619 335 286
46 92 93 94 97:1957:99 122 653 109 974
1 46 92 93 94 96:4337:-61 236 1935 180 1452 595
1 51 83:46523:-3165 694 48994
46 92:158:38 120
97:2078:2078
97:1015:1015
46 92 93 94 100:3755:96 750 549 1608 752
1 46 92 94 95:1708:-429 293 178 1380 286
1 16 38 46 72 73 74 76 82 92 93 94 95 96:-2579:-24392 3 448 203 530 37 28 1831 13700 2724 154 1362 183 610
92 93 94:3226:1333 543 1350
92 93 94:1960:816 394 750
1 46 73 92 93 94 95:557:-1165 149 44 664 94 564 207
1:-609:-609
46 73 74 92 93 94:1806:93 79 334 623 445 232
48:55:55
1:-200:-200
50 74 78 84 94 97:2107:369 245 308 238 285 662
1 92 94:1032:-667 1418 281
92 94:3433:1926 1507
1 38 65 74 92 94:3641:-583 173 105 39 3101 806
1 73 92 94 95:3595:-261 31 1919 1527 379
1 4 5 36 37 38 46 47 55 56 57 63 64 65 67 72 73 74 75 76 78 82 88 92 93 94 95 96 97:42065:-10590 44 341 375 124 232 302 105 178 765 465 1069 3099 2699 1113 4175 1196 618 1765 4159 340 8176 264 8326 1028 9753 464 690 790
1 3 4 29 36 37 41 46 48 56 63 64 65 66 67 68 72 73 74 75 76 77 78 80 83 84 88 92 93 94 96:45486:-7978 136 24 420 374 306 1126 30 71 827 2137 6255 4892 4602 1178 1422 3480 489 1163 1538 4554 436 494 1900 281 100 2140 6997 638 4982 472
1 73 92 94:4288:-375 31 2952 1680
1 36 38 64 65 72 73 74 75 82 87 92 94:6389:-428 37 139 208 651 752 246 206 511 432 435 1675 1525
1 46 47 48 64 92 93 94 96 97 98:13913:-646 142 147 56 267 2819 248 3934 486 1160 5300
92 93 94:3065:1382 147 1536
1 37 39 46 47 48 50 63 64 65 67 72 73 74 75 76 78 82 84 86 92 93 94 95 96 97:29860:-21409 146 1141 914 94 157 284 371 1140 1137 1126 2863 480 1380 450 3404 275 7245 291 71 10500 1396 13326 876 720 1482
36 47 72 73 74 77 82 83 92 93 94 95 99:15399:91 93 22 198 82 131 3801 695 7699 545 824 882 336
1 36 64 74 92 93 94 95:5887:-360 93 84 105 3664 162 1570 569
1 38 63 83 84 86 87 92 93 94 95 97:16273:-1556 460 91 720 372 1240 1004 8816 913 958 1999 1256
64 65 72 92 93 94 95 97:7665:120 133 32 3450 439 2430 394 667
1 4 46 48 64 65 72 73 74 75 76 82 86 92 93 94:12997:-1560 40 580 103 1022 171 97 593 225 450 934 726 1209 4397 86 3924
82 92 94 97:4383:1045 1383 1404 551
1 36 38 46 47 74 92 93 94 95:10395:-390 378 382 232 214 51 3543 806 4267 912
46 73 74 92 94 95:6488:112 185 129 3634 2005 423
1 46 48 67 69 72 74 76 78 82 83 84 87 92 94 95:18528:-1890 94 135 321 5206 551 450 729 355 1581 2393 138 800 5388 906 1371
1 46 92 94 95:4664:-620 76 3503 529 1176
1 74 92 93 94:8254:-227 13 5995 148 2325
72 94:446:350 96
1 92 94 95 97:4075:-360 2961 313 520 641
1 82 92:1241:-400 614 1027
92 93:510:366 144
1 74 77 82 87 92 95:2691:-1170 32 47 1025 394 1625 738
1 46 48 50 73 92 94 97:2925:-1140 59 63 279 110 1745 1275 534
1 38 48 63 64 72 73 74 82 87 92 94 95:10758:-1728 329 59 377 90 116 34 82 2139 957 5458 845 2000
1 36 47 64 65 67 72 73 74 92 93 94 96:-30622:-39345 377 110 568 391 661 383 188 577 2091 827 2026 524
30 74 87 93 94 98:2368:82 102 566 282 900 436
1 48 92 93 94:1515:-1422 82 1205 129 1521
1 36 47 48 64 72 73 87 92 93 94 96:6044:-3500 262 134 219 123 94 41 466 2989 660 4072 484
1 92 93 94:2672:-612 2041 729 514
92 93 94:1317:213 415 689
1 36 51 63 64 65 66 72 73 74 75 83 88 92 93 94 96:-21210:-32279 682 584 389 1303 723 1167 1301 96 42 1173 547 390 291 416 1454 511
83:2205:2205
1:-4184:-4184
1 64 65 73 76 78 87 92 93 94 95:3529:-2458 57 372 127 2456 251 675 1012 96 612 329
1 47 48 64 72 92 93 94:9960:-1549 61 72 224 29 3530 1907 5686
1 93 94:-3:-400 186 211
1 46 92 93 94:1279:-188 60 911 216 280
93 94:227:112 115
73 92 94 95:3381:38 1451 1176 716
46 63 64 92 93 94:1838:145 122 162 644 168 597
36 47 64 65 74 92 93 94 95:7831:553 295 133 213 171 3429 418 2419 200
46 64 65 72 74 92 94 95:7082:214 131 128 53 98 4756 1416 286
36 63 72 74 82 92 94 95:4260:29 239 188 54 67 2656 720 307
72 73 92 93 94:3036:411 32 1847 608 138
92 94:401:224 177
1 16 38 46 47 63 64 72 73 82 87 92 93 94 95 96 97:18505:-1132 13 161 154 202 416 408 215 41 1058 186 7166 1297 4800 1462 1127 931
1 40 46 63 64 65 72 73 74 75 78 83 88 92 93 94 99:3835:-8512 682 449 320 466 72 189 30 105 387 270 172 202 6316 321 2056 310
46 47 93 94 95:1876:57 57 321 1011 430
1 48 74 92 93 94 97 98:9679:-1996 106 295 6887 729 2631 555 472
1 46 48 63 72 74 92 93 94 95:3999:-6268 21 113 130 449 170 4349 1230 3625 180
1 38 46 47 88 92 94:1874:-880 75 71 277 396 1750 185
1 47 48 72 73 74 92 93 94 95:11205:-1824 161 147 181 65 70 7968 1199 2429 809
1 48 65 92 93 94 95:3413:-401 262 229 1278 542 836 667
1 64 72 73 74 78 87 88 92 93 94:5116:-384 320 519 107 244 290 260 325 2078 233 1124
1 2 36 46 47 48 64 65 72 74 75 77 78 82 88 92 93 94 95:14020:-1337 81 234 300 47 348 1116 1452 1717 447 347 633 254 634 960 3122 697 2355 613
1 47 48 73 74 92 94:790:-372 63 34 21 109 539 396
1 46 48 50 64 74 82 92 93 94 95:12818:-2273 164 96 672 301 157 969 5707 1329 5213 483
1 46 47 67 72 82 87 92 93 94 95 97:10688:-360 116 109 362 55 2425 402 4503 291 1933 197 655
1 47 74 82 83 88 92 93 94 95 96 97:16757:-1440 386 16 1702 187 203 6916 978 3870 1304 1527 1108
36 38 46 47 64 72 87 92 93 94 95 97 99:16623:81 294 934 82 264 298 1363 6759 111 3855 1541 549 492
1 36 46 72 73 86 88 92 93 94 95 96:14729:-2726 223 468 30 31 3802 391 6187 511 3756 1290 766
1 46 47 64 72 82 88 92 94 95:9321:-1134 278 169 360 130 2907 388 4174 1809 240
1 38 46 47 48 50 65 72 73 74 92 93 94 95 96:9564:-732 123 463 56 43 294 351 346 14 244 3038 356 4307 119 542
46 47 48 64 72 73 74 75 77 82 87 92 93 94 95:15559:243 277 64 419 320 246 500 416 207 507 1155 4928 692 5103 482
46 48 73 92 94:4053:105 80 114 2755 999
47 48 92 94 96:3877:45 52 1733 1572 475
46 47 72 73 74 92 93 94:7355:55 88 177 242 138 2297 892 3466
74 94 95:1344:19 1025 300
1 72 92 93 94:-2597:-5567 389 780 213 1588
1 92 94:1190:-294 485 999
1 46 47 73 92 94:5051:-1357 249 199 115 3503 2342
1 74 92 93 94:538:-198 18 238 334 146
92 94:566:315 251
46 63 73 92 94:6945:62 447 115 3142 3179
36 46 47 48 72 74 92 93 94 96:8947:6 179 93 110 24 85 3996 814 3078 562
73 92 94 97:1289:13 513 233 530
92 93 94:5107:2448 144 2515
92 93 94:5006:1622 160 3224
46 92 94:5166:59 2535 2572
1 46 47 72 73 92 93 94 95 96 98:7418:-730 193 85 45 226 4098 75 2284 159 476 507
73 92 93 94 95:3907:7 1166 169 2408 157
92 94:892:155 737
3 92 93 94 98:5501:50 2181 277 2530 463
1 4 73 92 93 94:2438:-1740 60 21 2047 142 1908
1 65 92:-14263:-14971 133 575
63 94 97:1161:106 395 660
92 93 94:2442:533 167 1742
1 48 74 75 92 94:2391:-378 28 20 363 1706 652
1 46 64 72 73 74 83 92 94:-1007:-13152 56 312 73 70 368 2751 5138 3377
65 92 93 94 97:1476:234 163 90 260 729
92 93 94:3192:1103 416 1673
1 46 47 63 64 74 92 93 94 97:8360:-1374 237 190 180 351 176 3349 1006 2771 1474
36 46 47 73 74 82 87 92 93 94 95:7131:101 90 52 40 46 359 493 2166 71 3503 210
1 4 46 48 51 73 92 93 94 96:10645:-2880 20 144 117 248 17 5458 1766 5157 598
47 48 74 92 93 94:2914:53 121 42 857 122 1719
1 4 48 49 73 74 92 93 94 95 97:7606:-362 114 34 475 67 306 3656 185 2429 107 595
92 94:1937:1053 884
1 2 46 47 48 92 93 94:13974:-3828 48 230 60 143 6329 1018 9974
1 46 73 92 94:-6191:-9852 142 18 1787 1714
1 46 92 93 94 96:1125:-1139 13 887 220 667 477
48 74 92 94:3433:195 189 1448 1601
72 74 92 94 96:10978:33 160 4454 5869 462
4 72 74 92 93 94:5218:22 21 255 1925 518 2477
92 93 94 96:1079:405 70 119 485
64 93 94 96:1090:115 161 279 535
1 63 64 65 66 67 68 69 70 75:-111914:-160554 1601 727 998 6469 9248 1974 6468 19534 1621
1 64:-2029:-2456 427
1 66 67 69 70 72:52455:-20673 39797 23976 2258 6608 489
63 65 66 67 68 69 76:27866:4190 1001 2993 5913 2001 10569 1199
1 3 38 63 65 67 68 69 72 75 76 77 80 93:13961:-8795 138 198 1177 1062 2109 2935 5705 562 916 3575 422 3862 95
92 93 94 97:3626:721 552 1530 823
46 74 92 94:890:75 113 515 187
72 92 94:729:59 352 318
47 72 92 94:2035:35 237 955 808
74 93 94 98:1395:37 109 773 476
46 74 92 93 94:2342:68 13 339 464 1458
94:526:526
92 94:463:316 147
93 94 95:470:108 173 189
92 94:599:154 445
92 93 94 96:1649:347 273 549 480
92 93 94:528:155 130 243
72 73 92 93 94:3109:29 70 875 340 1795
46 47 72 73 74 92 93 94:7360:89 101 238 124 53 1846 461 4448
1 68 76:18192:-3597 20958 831
1 39 46 47 48 64 72 73 74 92 93 94 96 97 98:30280:-384 624 801 266 210 72 538 324 381 8907 3250 12282 1408 1117 484
46 47 51 73 74 93 94 96 98:3617:252 9 250 101 138 736 1195 482 454
47 64 65 72 73 74 87 92 93 94:7631:113 425 158 370 22 428 364 748 658 4345
46 47 48 72 93 94 96:1922:168 245 196 132 182 533 466
1 50 63 97:1608:-788 285 1512 599
1 46 47 72 73 74 82 92 93 94 98:8592:-3133 42 141 136 50 207 7829 923 235 1292 870
92 94:854:700 154
36 46 47 78 92 93 94:3860:88 94 171 314 1346 586 1261
36 63 65 67 76 78 92 93 94:15468:71 405 1062 288 11006 453 313 546 1324
1 3 39 46 48 65 72 73 74 92 93 94 95 96:26337:-1092 17 592 144 271 580 1148 1582 1933 4266 3626 12471 336 463
46 47 92 93 94 96:15696:326 285 4143 1291 9165 486
1 46 92:21:-240 96 165
47 92 93 94:3242:82 332 131 2697
46 73 92 93 94 95:3124:93 16 580 551 1658 226
46 74 92 94:2200:83 39 609 1469
92 94:1403:1005 398
92 94:334:178 156
46 73 92 93 94:1639:169 55 309 228 878
1 47 73 74 82 92 93 94 95 96:5142:-80 340 9 186 613 1159 927 1429 95 464
92 93 94:904:166 90 648
92 93 94:722:421 109 192
48 92 94:782:24 443 315
72 92 93 94:1523:34 718 159 612
93 94:385:196 189
51 72 92 93 94:2890:299 31 459 94 2007
73 92 93 94:2738:104 732 305 1597
48 73 92 94:2668:82 34 333 2219
74 92 93 94:2151:29 662 525 935
92 94:465:336 129
48 92 93 94:2026:134 333 285 1274
72 92 93 94:797:9 300 184 304
74 92 93 94:2492:159 757 243 1333
93 94:335:189 146
46 48 73 76 92 93 94 95:3407:58 126 121 1001 208 340 1407 146
46 94:644:122 522
1 73 74 83 92 93 94 95:6761:-304 87 83 3883 385 271 2110 246
1 46 72 73 74 92 93 94:8493:-1344 402 176 195 562 2803 1564 4135
48 72 73 92 94:619:65 26 52 152 324
92 94:238:124 114
48 92 93 94:1419:101 507 238 573
92 93 94:2450:154 153 2143
46 78 92 93 94:2652:148 353 685 399 1067
46 72 74 92 94:2658:137 57 29 1079 1356
46 47 92 94:3859:113 87 766 2893
76:698:698
46 74 75 92 93 94:4809:144 46 477 1575 551 2016
46 47 48 92 94:3692:228 57 143 1176 2088
73 92 93 94:3267:30 1094 746 1397
48 92 93 94:2417:99 919 210 1189
46 92 94:2210:53 514 1643
46 73 92 93 94:2881:143 17 205 114 2402
92 93 94:628:164 166 298
93 94:482:128 354
94:238:238
1 94:258:-136 394
48:40:40
94:69:69
97:1019:1019
57 72 73 74 76 92 93:2780:294 536 37 255 708 443 507
1 48 92 93 94:1281:-830 34 651 171 1255
67 92 93 94:4918:156 1790 292 2680
74 92 94:1856:44 742 1070
48 92 93 94:1249:44 448 182 575
92 93 94:2833:795 701 1337
1 46 47 48 65 67 72 73 74 75 76 77 82 92 93 94 96 97 98:26294:-2070 480 194 191 380 221 605 36 389 723 1481 219 872 10563 1128 8858 570 981 473
36 39 46 57 63 64 65 67 72 73 75 76 78 80 93:28302:132 623 123 591 1801 514 1466 5680 1370 56 3590 7757 3857 692 50
1 4 46 75 92 93 94:3701:-360 80 108 2076 428 98 1271
92 93 94 97:1779:106 161 952 560
92 94:2183:1175 1008
46 92 93 94:3476:234 1546 292 1404
46 92 93 94:3105:278 1129 87 1611
92 93 94:942:141 146 655
46 92 94:1374:83 397 894
92 93 94:4156:807 337 3012
37 46 47 92 93 94:3926:169 107 83 1029 153 2385
48 92 93 94:3424:104 1144 244 1932
1 46 74 92 93 94:3309:-1600 90 29 1166 629 2995
92 93 94:578:170 141 267
46 47 73 92 93 94:3580:121 92 146 246 964 2011
73 92 94:2249:75 471 1703
74 92 94:2234:22 571 1641
92 94:2150:203 1947
46 48 73 92 94:1657:92 115 116 532 802
46 73 92 93 94:3161:154 15 488 372 2132
92 94:1345:292 1053
74 92 94:3241:22 2013 1206
73 92 93 94:449:38 191 102 118
73 92 94:1111:107 175 829
92 93 94:2623:1202 141 1280
92 94:658:235 423
65 72 92 94:361:49 39 73 200
46 92 93 94:4480:47 972 633 2828
47 92 94:924:93 612 219
46 47 72 92 93 94:6175:123 67 20 1826 643 3496
1 31 46 72 73 76 92 93 94 96:16372:-2700 38 289 241 187 855 7674 1765 7531 492
73:30:30
1 46 74 92 93 94 95:5322:-1181 213 75 3651 344 1753 467
46 48 73 92 93 94:2344:100 30 87 993 726 408
64 72 73 92 93 94:3811:101 118 132 943 575 1942
46 73 74 93 94:1304:95 103 33 114 959
1 46 48 51 65 72 73 74 92 93 94 95 97 98:13917:-360 69 327 225 110 135 254 35 6278 1077 4076 556 540 595
46 73 87 92 93 94:3595:41 144 710 1035 280 1385
1 46:-344:-435 91
1 48 72 73 74 92 93 94 96:3910:-326 177 14 82 423 1230 349 1395 566
37 46 47 73 74 92 93 94 95 97:15778:99 239 111 215 143 6537 675 4789 478 2492
1 46 72 73 74 82 92 94 95:9955:-946 255 307 270 328 475 4890 3080 1296
92 94:2137:1406 731
64 74 92 93 94:6775:152 21 2738 316 3548
47 92:476:20 456
1 46 72 73 92 93 94:2024:-1080 115 56 152 2204 484 93
46 72 73 92 93 94:1792:49 170 20 409 82 1062
73 92 94:1549:87 372 1090
1 74 94 96:1372:-624 11 349 1636
1 46 47 48 64 72 82 83 92 93 94 95 96 97:16643:-9431 45 134 82 123 1038 3231 6277 5368 1335 4361 368 829 2883
1 46 48 64 65 72 74 76 78 92 93 94 95:6743:-2049 40 54 438 1688 533 343 1625 1078 1087 328 1188 390
1 47 63 64 72 74 82 92 93 94 95 96 97:17347:-2220 97 605 1018 445 82 3395 5580 298 3599 1017 1054 2377
1 64 73 74 92 93 94 97:257:-3900 29 40 100 444 821 1630 1093
1 36 46 48 72 73 74 78 92 93 94 96:10515:-399 582 116 357 190 350 753 627 2515 768 2979 1677
1 36 46 48 65 73 92 93 94 96:3201:-843 68 125 50 104 79 384 220 1433 1581
1 36 37 38 48 63 64 72 74 92 93 94 97:6396:-9010 350 32 593 422 89 454 778 86 1268 1754 8935 645
1:-6060:-6060
1:-10868:-10868
38 46 47 74 92 93 94 95:4551:146 76 120 291 1151 144 2390 233
1:-2294:-2294
1:-4065:-4065
94 95 97:1632:450 398 784
1 46 48 63 65 73 78 92 94 98:-435:-3495 125 163 510 64 20 1142 169 376 491
48 92 93 94:4487:59 1664 96 2668
92 94:293:184 109
48 93:702:152 550
46 47 73 74 92 94:3560:274 41 101 254 439 2451
46 48 64 92 93 94 96:3136:57 83 94 281 270 1225 1126
1 46 47 48 72 73 74 82 92 93 94 95 96:15758:-552 176 136 108 110 119 142 623 5377 1835 6053 247 1384
1 48 72 92 93 94:2829:-227 111 34 604 874 1433
46 51 92 94 98:1316:146 262 269 154 485
1 48 92 93 94:1305:-542 109 475 313 950
46 73 93 94:1467:164 157 193 953
48 74 92 93 94:3142:146 83 572 801 1540
46 92 93 94:1954:103 520 361 970
1 48 72 73 74 92 93 94 96 98:8467:-360 172 196 109 56 2780 823 3579 464 648
46 72 74 92 93 94:1679:60 22 95 598 196 708
1 73 92 93 94 97:4321:-360 84 684 1589 1668 656
1 47 48 51 72 73 74 92 93 94 96 97 98:4779:-1245 60 176 284 232 33 297 523 264 2623 487 589 456
1:-360:-360
46 48 64 74 92 93 94 96:7292:68 199 221 216 1041 744 3655 1148
1:-360:-360
83:7086:7086
94:271:271
1 83:6391:-1028 7419
93:68:68
1 94:-21:-139 118
94:64:64
1 38 47 48 51 64 65 67 68 69 72 93 94 96:-472:-14781 651 49 141 1487 800 1039 622 1291 6062 9 810 881 467
48:53:53
1 64 92 94:-9895:-10585 231 239 220
46:260:260
1 46 47 48 63 64 65 72 73 78 92 93 94 97:13011:-1098 402 81 47 405 40 337 707 470 426 4308 1367 4924 595
1 36 38 46 48 51 64 72 73 74 92 93 94 95 96 97:12657:-264 70 253 143 119 391 51 23 78 40 3548 2024 4393 567 607 614
1 2 46 48 64 72 73 92 93 94 97 98:12090:-704 28 470 92 244 54 175 3299 2288 4140 1213 791
1 36 48 67 72 73 74 92 93 94:6414:-360 358 214 123 100 34 64 548 1171 4162
1 46 48 63 92 93 94 98:3308:-679 92 32 558 1564 706 547 488
72 73 92 93 94 97:2796:95 17 679 116 808 1081
1 38 46 48 92 93 94 97:5838:-601 87 148 101 1068 1086 3311 638
1 48 92 93 94:2908:-711 53 2528 359 679
1 46 82 92 93 94:3760:-735 235 512 628 1072 2048
1 46 48 64 65 73 74 92 93 94 97 98:8128:-1971 163 60 125 660 297 46 3378 270 3873 675 552
72 92 94:672:222 264 186
72 73 74 92 93 94 96 97 98 100:9193:665 33 202 1879 955 2629 766 605 517 942
64 70 72 74 75 83 94:45995:421 16313 197 206 348 28144 366
1 63 64 65 66 68 72 78:12263:-750 2616 430 968 5418 1904 343 1334
1 63 64 65 66 67 69:14697:-6973 2462 130 1036 4769 4565 8708
1 63 64 65 66:-2473:-12300 1873 542 1019 6393
1 64 66:-4094:-8015 729 3192
1 36 63 65 66 67 69 70 92 94:-68527:-113284 418 1600 1396 5238 2209 2999 23781 7060 56
48 92 93 94 97:5866:181 446 306 2554 2379
1 46 56 64 65 68 72 73 74 75 76 78 88 92 93 94 98:12097:-3744 302 1230 731 371 1153 985 819 482 841 2954 1003 332 1588 1114 1488 448
38 48 74 92 93 94 96:5738:461 94 147 1488 450 2613 485
1 65 73 74 92 93 94:4901:-379 297 53 52 2124 516 2238
1 47 63 65 72 94:-53464:-54921 203 316 513 193 232
1 66:265:-1035 1300
1:-4114:-4114
36 46 48 63 65 74 93 94 96:3036:84 438 56 186 206 32 478 1062 494
1 46 64 72 74 92 93 94 96 97:6201:-376 92 55 371 42 1485 599 1845 1485 603
1:-3931:-3931
46 47 64 72 73 74 92 93 94 95 96:5053:587 103 347 28 17 20 1490 411 1136 238 676
1 73 74 92 93 94:4455:-349 43 220 2803 639 1099
46 48 92 93 94:924:106 104 321 236 157
92 93 95:667:380 154 133
93 94:1363:344 1019
1:-12610:-12610
1:-1599:-1599
64 92 93 94:4970:146 2489 55 2280
73 92 93 94:3487:20 1450 160 1857
1 72 74 92 94:-3124:-5336 29 14 1158 1011
92 94 95:4792:2504 2080 208
46 72 92 94:5707:89 41 2828 2749
92 94:2710:769 1941
1 92 94 95:-564:-4043 1264 2032 183
46 92 94:3917:55 2094 1768
36 92 94:4055:106 1230 2719
3 46 72 92 94:4664:12 111 14 2129 2398
92 94:1324:748 576
1 46 73 74 83 92 94:-7428:-11975 389 76 77 223 1416 2366
36 72 74 78 83 84 93:7543:237 48 98 452 3519 2738 451
92 94:3680:1619 2061
92 93 94 95:3203:1806 192 1020 185
1 2 78 80 92 93 94 98:6178:-1348 35 383 919 2499 514 2688 488
1:-3007:-3007
94:52:52
74 92 94:3010:71 845 2094
94:187:187
1:-5997:-5997
67:2574:2574
73 94:168:77 91
1:-110:-110
82:3497:3497
74 82 83 92 93 94:8227:112 3556 378 2249 144 1788
1 48 92 93:-832:-1820 48 324 616
1 66:-6114:-9455 3341
1:-14239:-14239
1:-13876:-13876
1:-33534:-33534
94:88:88
48 65 72 92 93 94 97:3101:52 132 80 425 699 1181 532
64 65 72 76 92 93 94:3129:168 127 804 961 669 84 316
48 74 92 93 94:1949:205 82 146 164 1352
1 36 39 48 63 65 68 72 73 74 82 92 93 94 96 97:11951:-10123 246 1058 113 1282 504 2548 21 120 130 4040 2269 454 1130 7415 744
1:-16947:-16947
1 36 72 92 93 94:883:-360 89 96 331 197 530
94:154:154
1 48 93 95:-281:-884 46 230 327
46:103:103
94:126:126
94:126:126
94:199:199
1 72 75 92 94:5244:-126 109 5015 146 100
94:80:80
94:198:198
94:108:108
94:163:163
74 94:193:72 121
94:81:81
94:228:228
1:-1634:-1634
1 36 63 64 65 66 67 69 83 84 92 97:17796:-26334 454 1576 250 328 4240 2894 6167 13224 46 13264 1687
1 83:2993:-10817 13810
85:19337:19337
1 42 66 67 69 70 80 92:10726:-21043 2221 6164 5516 9906 5751 2055 156
1 83:13393:-133 13526
1 48 82:-5186:-11118 35 5897
46 47 64 72 73 92 93 94 95 98:9010:421 139 160 236 301 2144 293 4624 218 474
48 92 93 94:687:86 334 74 193
73 93 94:1833:41 317 1475
46 48 60 92 93 94 96:5377:53 64 6 275 673 3164 1142
47 74 92 94:800:44 91 160 505
1 48 72 73 74 88 92 93 94 98:10613:-720 130 261 146 316 789 1964 1547 5658 522
48 64 72 73 74 92 93 94:8247:136 42 110 264 195 1850 1883 3767
47 73 74 93 94 96:2839:121 231 19 234 524 1710
1 92 94 95:609:-312 526 163 232
1 46 63 64 65 72 73 74 75 76 92 93 94 96:13877:-366 225 587 316 259 111 347 570 444 759 2957 905 4220 2543
92 93 94:1101:136 383 582
72 92 94 96:1437:258 293 259 627
46 64 74 92 93 94 96 97:7118:382 230 25 2172 1443 1721 544 601
1 46 72 73 74 92 93 94 96:6792:-1147 154 15 102 425 1052 1586 4139 466
1 92 93 94:1751:-1746 1341 448 1708
1:-601:-601
4 48 72 92 93 94 98:4343:49 75 17 833 920 1837 612
1 48 92 93 94:-6388:-7172 88 119 313 264
92 93 94:822:306 269 247
1 47 92 93 94 96:3367:-224 83 1250 721 966 571
72 92 93 94:1554:375 221 90 868
47 63 65 74 92 93 94 97:7320:179 139 396 155 1277 857 3770 547
74 92 93 94 96:1442:96 221 169 485 471
1 46 47 73 74 92 93 94:6133:-720 77 256 107 190 1060 1076 4087
92 96:1263:786 477
48 92 93 94:3044:75 1079 371 1519
1 74 92 94 96:4843:-360 79 1060 2953 1111
1 46 48 72 73 74 75 92 93 94 97 99:9130:-360 448 127 182 43 66 388 2595 1134 3476 537 494
72 93 94:1870:9 839 1022
73 74 78 92 93 94 96:4104:313 221 861 340 664 1238 467
48 74 92 93 94:3948:176 41 1498 1310 923
1 2 46 63 65 66 68 72 73 74 75 76 92 93 94 96 98:-13029:-28794 24 233 1471 241 1875 780 1367 580 1117 1012 1999 385 520 1660 1283 1218
1 39 74 92 93 94:-720:-5320 835 282 729 620 2134
92 94:1438:559 879
46 47 74 92 93 94 96:1854:57 117 37 496 179 466 502
1 46 72 74 92 93 94 96:7438:-459 187 427 301 2135 881 3483 483
48 92 93 94:4059:136 1230 530 2163
1 92 94:1328:-126 418 1036
1 48 51 78 92 93 94 96 97 98:6887:-425 254 301 407 1565 648 2421 562 669 485
1 46 92 93 94:3176:-166 28 1460 142 1712
46 94:523:202 321
46 73 74 92 93 94 96:5311:269 166 233 222 1303 1819 1299
32 46 48 65 72 73 74 92 93 94 97:8019:242 51 69 224 77 40 59 1696 1535 3490 536
38 48 73 92 93 94 96:6708:238 133 252 2037 581 2392 1075
1 37 46 47 48 72 75 92 93 94 97 98:6956:-1916 20 228 237 200 26 356 1767 1455 2955 1199 429
72 73 74 92 93 94:3062:418 31 66 734 202 1611
46 47 92 93 94 96 97:5291:79 249 994 93 1381 1205 1290
1 92 93 94 96:4088:-375 1000 888 2024 551
46 48 73 92 93 94 97:3864:53 41 8 1047 365 1762 588
46 47 48 74 92 93 94 96:5403:87 190 51 63 1134 741 2674 463
4 46 92 93 94:2560:11 26 703 261 1559
1 47 48 72 73 92 93 94:816:-3612 98 51 23 145 176 1074 2861
1:-4111:-4111
1:-5106:-5106
1 37 46 47 48 72 73 74 88 92 93 94 95 97 98:14947:-717 451 316 362 75 388 267 503 1135 4003 719 5923 417 608 497
73 92 94 96:4348:32 975 2315 1026
1 47 92 93 94:3151:-1080 128 1011 460 2632
1 46 72 78 87 92 93 94 96 97 98:12673:-1424 316 84 338 864 3049 1850 4637 1135 1210 614
92 93 94:1557:494 806 257
48 92 93 94 95 96 97:6983:30 2290 903 2107 508 462 683
1 72 74 92 93 94:1490:-4360 458 24 2590 470 2308
1 46 92 93 94:3902:-360 97 1235 679 2251
94:218:218
1 50 72 92 93 94 96:3449:-645 349 544 263 279 1966 693
92 93 94:4612:1085 145 3382
1 37 46 47 48 64 92 93 94:3995:-2263 54 146 354 70 184 1609 1206 2635
1:-720:-720
73 92 93 94:1576:43 353 167 1013
93 94:1408:650 758
1:-398:-398
1:-795:-795
1 46 47 48 50 72 73 74 92 93 94 96 97:13544:-720 277 80 438 302 148 215 37 2154 3643 5473 972 525
48 92 94:1037:156 416 465
72 73 75 76 78 93 94 96 98:6857:365 290 1233 1616 729 1044 392 505 683
92 94 96:2856:1129 1253 474
1 46 48 73 74 92 93 94:3404:-2117 111 176 111 50 590 879 3604
37 46 48 73 92 93 94 96:4956:12 80 56 58 757 947 1798 1248
93:290:290
46 65 73 92 93 94:4396:372 163 274 146 381 3060
73 93 96:754:75 191 488
1 47 64 74 92 93 94 96:3812:-380 27 88 193 689 1065 1007 1123
1 46 48 64 65 92 93 94:3822:-655 102 54 71 342 439 1718 1751
1 3 46 48 51 74 92 93 94 95:8234:-765 18 181 273 234 134 3064 1864 2944 287
46 64 73 74 92 93 94 96 98 100:6454:254 58 306 44 1080 1280 1577 632 465 758
46 48 72 73 74 92 93 94 96 97:4513:142 67 416 222 118 860 420 1022 520 726
46 48 93 94:590:65 61 66 398
48 72 73 93 94:1697:21 221 42 281 1132
1 38 46 48 56 64 65 72 73 74 75 76 87 92 93 94 97 98:20781:-360 364 228 37 596 474 63 295 444 657 402 1494 940 3382 2146 8533 607 479
36 46 47 50 51 72 73 74 92 93 94 96 97:23659:67 361 425 317 229 294 133 142 8053 836 10986 747 1069
1 5 46 47 48 50 63 64 65 67 72 73 74 75 76 78 92 93 94 96 97 98:74934:-541 654 334 944 250 456 1658 263 886 152 3035 1699 1213 842 1662 397 16380 4893 30520 5442 2897 898
46 49 74 92 93 94 96 97:13282:160 395 114 2214 2059 6187 1467 686
1 36 47 48 50 64 65 72 73 74 76 92 93 94 96 97 98 100:27516:-1002 119 805 54 322 814 272 913 608 512 998 7670 1611 9333 961 1636 970 920
46 73 74 92 94 97:2179:293 52 8 874 356 596
92 94 97:2164:195 1032 937
1 4 46 47 48 50 64 72 73 74 92 93 94 95 96 97 98 100:26679:-518 59 415 158 458 399 219 89 130 148 5255 3235 11681 717 2287 785 444 718
47 74 92 93 94:2142:56 88 1102 157 739
74 92 94 96:2152:77 1238 336 501
48 50 72 73 92 93 94 96 98:6932:35 303 17 237 467 470 3834 515 1054
1 3 46 47 72 73 74 92 93 94 96:7345:-431 54 232 345 315 25 47 2210 262 3733 553
1 46 48 72 73 74 92 93 94 95 96:10866:-552 434 251 165 169 110 4293 185 5207 135 469
46 73 94:281:49 31 201
1 92 93 94:2509:-248 742 87 1928
87 92:830:336 494
1 72 73 92 93 94 95 96 97:11415:-1159 111 24 5217 619 4409 496 592 1106
1 72 92 93 94 95 96 97:8054:-360 308 3312 194 3085 367 608 540
47 48 64 65 72 73 74 92 93 94 97:12917:70 184 83 156 603 63 55 4758 1023 5185 737
36 47 64 72 74 92 93 94 96 97:10808:489 350 64 61 48 3608 301 4787 516 584
65 92 94 96:1743:82 525 658 478
36 46 47 72 73 74 78 92 93 94 96 97:26472:768 259 56 1349 262 22 271 6340 1873 11378 2153 1741
46 47 72 73 92 93 94 95 96 97:7225:230 367 110 94 1610 226 3184 367 499 538
46 47 48 64 65 73 74 92 93 94 96 98:24963:355 270 230 48 92 51 111 5748 2377 11691 2404 1586
1 46 47 50 65 73 74 92 93 94 96 98:24272:-363 194 152 300 123 164 245 8161 2387 10841 1576 492
1 47 51 64 72 73 74 92 93 94 97 98:19575:-375 371 341 137 90 311 390 7712 960 7588 1167 883
4 46 47 48 51 64 72 73 74 92 93 94 95 96 97 98:28852:28 859 150 75 526 252 135 725 410 6623 3226 11795 472 1091 1357 1128
46 48 51 56 57 64 65 72 73 74 75 76 78 84 88 92 93 94 95 96 97 98:43863:312 74 465 922 584 1378 982 4173 1485 1820 2575 2228 7129 233 304 4792 2988 7112 508 2695 543 561
65 74 92 94 96:3471:82 84 557 2246 502
92 94:375:210 165
47 92 94:4809:133 3340 1336
92 94 95:4822:2634 2026 162
1 94:-83:-231 148
1 92 93 94:1308:-311 885 82 652
1 46 47 48 72 73 74 92 93 94 95 96 97 98:29476:-720 821 251 742 723 729 73 8653 2657 12384 458 1066 1182 457
1 36 46 47 48 64 65 72 73 74 75 78 92 93 94 96 97:20434:-742 204 719 139 247 116 20 31 210 53 423 423 5153 2078 9139 1572 649
64 73 92 93 94:2446:217 78 1400 328 423
48 64 92 93 94:3042:52 171 1045 372 1402
73 92 93 94 97:2368:120 253 595 803 597
51 64 73 74 92 93 94 98:6035:283 130 14 389 1326 120 3339 434
74 92 94 96 97:7484:25 1072 3897 729 1761
46 47 48 65 72 73 74 92 93 94 96 97 98:11021:229 75 73 793 47 134 21 3476 1099 3455 523 587 509
46 48 64 72 73 92 93 94:9905:227 66 106 324 170 2838 1430 4744
46 49 65 74 92 93 94 96 98:6391:105 384 165 79 1183 894 2401 724 456
1 46 47 48 51 72 74 92 93 94 96:13122:-828 472 263 253 223 42 24 2881 1674 7650 468
1 93 94:29:-2178 207 2000
46 47 48 50 51 73 74 92 93 94 95 96 97:12114:209 235 349 337 248 92 11 5002 234 4121 211 466 599
94:261:261
46 47 48 73 92 93 94 96:8124:186 117 175 73 2124 589 4215 645
1 73 74 92 93 94 96:5753:-404 35 40 1525 1865 1556 1136
92 93 94 95 96 97:4774:1429 637 1176 237 625 670
2 46 72 73 74 78 92 93 94 95 97:13877:71 230 56 219 170 512 4942 2245 4153 430 849
1 46 47 48 49 63 64 65 73 74 75 76 88 92 93 94 97 98:13615:-953 70 44 35 459 885 185 948 255 382 761 1787 752 2810 858 1592 2205 540
1 48 64 72 74 92 94 96:2113:-617 125 29 673 17 753 650 483
72 73 74 92 93 94 96:6139:79 70 39 1716 1128 2559 548
48 63 64 72 73 74 92 93 94 95 96 97:8574:42 295 202 395 85 22 1080 1017 3283 230 1372 551
1 48 72 92 93 94 96:4208:-360 104 51 647 805 2477 484
1 3 36 46 47 48 64 67 72 73 74 75 76 78 92 93 94 95 96 97:43232:-1148 55 456 280 910 587 171 382 1440 1013 713 2195 1802 594 12864 3094 14010 762 2407 645
88:407:407
1 48 63 92 93 94:4088:-300 218 1254 653 333 1930
38 46 48 92 93 94:2565:215 131 203 536 285 1195
47 92 94 96:4336:156 1445 2221 514
1 64 73 92 93 94 96 97:2411:-300 71 121 316 649 467 516 571
48 73 92 93 94 96 97:8400:190 218 2760 548 2818 745 1121
65 92 93 94 96 98:3254:86 717 176 1271 534 470
50 73 92 93 94 95 96:5607:325 47 1660 315 1621 351 1288
46 47 48 55 65 73 92 93 94 96:9058:321 161 45 46 62 79 1820 870 4693 961
92 94:516:418 98
63 92:1245:178 1067
92 93 94:816:203 115 498
1 4 38 46 47 48 64 65 72 73 74 76 77 78 88 92 93 94 96 97:18428:-444 25 289 100 224 213 360 557 2747 275 217 710 990 1043 297 2706 1006 4897 1125 1091
38 48 72 74 88 92 93 94 96:10094:94 41 566 334 132 4756 207 2935 1029
1 46 73 74 92 93 94 98:5168:-720 147 49 23 1627 318 3224 500
46 48 50 72 92 94 97:2941:38 45 281 180 773 686 938
46 64 72 73 74 78 92 93 94 96:7280:182 93 453 289 263 277 1488 513 2624 1098
73 74 92 94 97:6394:63 154 3219 2299 659
1 36 46 72 92 93 94 95 96:3246:-3705 88 196 19 2318 316 2945 605 464
1 2 46 50 51 64 73 74 77 92 93 94:12752:-360 74 660 354 240 165 67 78 10 4678 637 6149
1 46 47 48 63 64 72 73 74 75 78 92 93 94 96 97 100:18628:-692 81 141 112 236 41 1837 724 490 634 497 3838 989 6508 995 1436 761
46 63 64 72 73 74 88 92 93 94 95:6893:230 784 618 738 66 310 748 956 641 1565 237
72 94 96:919:10 413 496
72 92 93 94:3628:311 521 404 2392
18 30 46 47 50 63 72 73 74 75 78 82 83 88 89 92 93 94 96 97:20204:51 35 116 75 370 57 4186 905 548 360 1531 346 247 1050 403 3520 997 3896 564 947
46 47 73 74 92 93 94 98:8440:119 243 168 30 2523 729 4009 619
36 46 48 73 74 92 93 94 95 96:4907:218 20 54 56 244 2295 377 689 324 630
65 73 92 94 95:3767:65 76 2064 1326 236
2 47 63 92 94 98:1852:11 149 122 396 740 434
92 93 94:2462:603 323 1536
30 72 94 96:1678:46 62 995 575
1 74 92 93 94:1811:-360 13 1318 81 759
1 46 47 48 64 72 73 74 92 93 94 96 98:10766:-2625 195 334 323 36 7 105 244 4247 934 5242 1018 706
1 72 73 78 92 93 94:2605:-440 252 64 390 996 300 1043
92 94 96 97:3771:221 2149 529 872
73 92 93 94 97:3232:23 611 486 1533 579
48 65 92 94 97 98:2739:40 296 1026 410 537 430
50 72 74 92 94:1463:291 10 51 494 617
1 46 47 64 65 74 92 93 94 96 97 98:8726:-777 166 86 449 250 79 3524 373 1787 1104 582 1103
94:190:190
37 40 46 47 48 72 73 87 88 92 93 94 95 96 97 98:17274:101 1067 305 406 82 513 432 371 1148 5014 980 4228 487 487 1137 516
1 40 46 47 64 67 72 73 74 87 92 93 94 97:14425:-374 2653 119 294 63 677 1021 20 161 600 4468 645 2945 1133
1 47 63 72 74 92 93 94 96 97:14056:-720 427 576 110 471 5982 619 4485 980 1126
1 37 46 47 48 63 65 72 73 74 75 76 87 92 93 94 96 97 98:24712:-2160 442 129 113 370 214 94 2112 352 1631 508 2912 1550 6143 1682 5203 503 2236 678
1 46 47 50 63 72 73 74 87 88 92 93 94 95 96 97 99:22328:-853 310 416 848 758 213 188 124 359 1136 7873 966 7787 180 1183 614 226
88:824:824
1 2 46 47 48 64 65 72 73 74 78 92 93 94 96 97:19176:-711 47 559 350 37 560 110 740 256 54 260 4838 1234 9045 464 1333
1 46 47 65 67 74 92 93 94 95 96:11494:-961 233 337 487 774 330 4628 1036 3621 423 586
1 46 47 48 64 73 74 75 92 93 94 96:10612:-7984 614 54 358 143 477 873 520 6542 727 6554 1734
93 94:801:323 478
92 94:1945:774 1171
46 47 65 72 73 74 78 92 93 94 95 96 97 98:13005:50 240 414 279 279 1038 546 2577 1063 3970 508 466 687 888
1 64 72 73 74 92 93 94 97:3356:-860 61 527 36 58 575 270 2156 533
46 48 72 73 74 76 78 92 94 96:7146:37 148 720 320 183 1537 1132 983 1623 463
1:-360:-360
1 73:-300:-360 60
72 87 92:786:97 485 204
1 36 64 72 78 92 93 94:5109:-360 178 164 129 889 1357 360 2392
46 65 72 74 75 78 83 88 94 96 98:6584:56 351 457 583 830 1125 505 137 950 1027 563
31 48 57 72 74 93 94 98:2139:73 42 436 168 46 102 641 631
3 63 64 65 72 73 74 76 88 94 96:9368:91 807 588 1919 2584 206 271 1104 791 468 539
1 46 64 92 93 94:2330:-379 208 62 632 380 1427
46 92 93 94 96:4131:96 1650 250 1484 651
46 47 63 72 92 93 94:2962:168 259 78 328 501 329 1299
1 48 82 92 93 94:1555:-860 59 1078 253 197 828
47 92 93 94 95:5174:231 1945 136 2629 233
1 64 92 93 94 96 98:2008:-727 37 339 211 774 579 795
1 46 63 74 92 93 94 97:6583:-806 86 148 93 2819 191 3223 829
46 63 64 72 73 74 92 93 94:10048:594 69 298 172 24 85 1074 1539 6193
48 92 94:1189:27 574 588
92 93 94:1214:856 194 164
1 29 46 48 72 73 74 82 92 93 94 95:15617:-360 230 198 202 404 136 49 1832 4407 1164 6665 690
31 36 46 48 55 63 65 72 73 74 75 76 77 80 87 88 92 93 94 96:13629:106 87 217 79 304 675 1248 1656 107 147 1195 795 476 1865 1468 288 1094 836 401 585
3 63 64 65 66 72 73 74 75 76 77 78 87 88 93 94:17995:36 405 2431 1106 1218 2461 63 458 1138 3133 1338 713 620 811 332 1732
64 65 67 72 73 74 76 77 82 87 92 93 94 96 97:14380:421 866 1457 1091 582 279 4685 272 248 188 951 200 1749 827 564
1 46 48 74 92 93 94:1970:-426 217 139 23 510 152 1355
1 48 94 97:636:-384 218 88 714
94:219:219
1 48 72 92 93 94 97 98:345:-3561 35 297 600 499 1342 690 443
1 48 72 73 92 93 94:5587:-720 137 82 31 2673 242 3142
48 94:116:59 57
46 94:289:181 108
1 2 46 47 48 50 65 72 73 74 92 93 94 95 96 97 98:27358:-930 30 345 234 28 388 398 445 82 844 4933 1916 10282 796 2149 4972 446
1 36 72 87 92 93 94 95:5764:-369 74 19 412 3939 279 1119 291
1 94:-552:-752 200
48 92 93:636:32 427 177
1 74 92 93 94:4024:-1507 65 3980 106 1380
74 93 94:773:79 226 468
1 7 46 47 72 73 74 92 93 94 95:5525:-2105 201 226 41 105 47 39 3544 382 2727 318
46 47 64 72 73 74 76 77 92 93 94 96:8550:39 242 192 46 120 58 642 428 1994 659 3654 476
46 51 73 92 93 94:5767:75 257 145 1946 528 2816
92 93 94:1219:475 329 415
92 93 94:3034:160 662 2212
1 46 48 51 63 72 73 74 92 93 94 96 97:-16212:-36640 214 249 229 271 108 121 120 5234 2478 9723 491 1190
1 47 67 74 82 92 93 94:2322:-2610 121 21 88 319 2043 291 2049
72 74 92 93 94 97 100:4910:11 15 1256 275 1939 784 630
1 46 48 78 92 93:-2572:-3427 54 35 467 133 166
1 36 46 48 63 72 73 87 92 94 95 96:3706:-720 323 107 44 153 378 55 801 762 752 515 536
47 48 50 63 92 93 94:4198:56 120 312 861 1463 135 1251
1 37 46 47 72 73 74 78 83 87 92 93 94 95 97 98:14666:-3082 465 700 122 620 262 231 303 3127 566 5791 844 2903 723 663 428
73 74 92 93 94:2435:26 213 1039 275 882
92:154:154
1 64 92 93 94:1603:-1440 69 1384 187 1403
1 50 65 72 92 93 94:3753:-1010 367 253 232 2205 389 1317
1 92 93 94:297:-215 188 74 250
1 82 92 93 94 95:2615:-1494 430 2272 153 945 309
1 46 72 73 92 93 94:5316:-2160 61 53 103 3163 169 3927
1 30:-709:-800 91
72 78 87 92 93 94:2118:454 330 379 311 156 488
1 65 72 74 82 87 92 94:5118:-1033 181 342 289 1063 1001 2353 922
1 48 72 74 92 93 94:5095:-1000 52 21 126 3059 208 2629
1 47 73 92 93 94 95:3778:-1044 116 42 2675 207 1276 506
1 74 92 93 94 95 96:6002:-803 172 4073 163 1429 457 511
1 48 74 92 93 94 97:8020:-200 483 72 5457 407 1269 532
1 46 47 65 72 74 87 88 92 93 94 95 97 98:5380:-1400 37 55 145 259 153 420 403 2544 248 526 644 614 732
72 73 92 94 96 97:3541:35 100 456 1796 482 672
1 65 74 92 94 95 97:4986:-1478 159 386 3309 1253 526 831
1 47 63 64 65 67 72 76 80 83 92:-27718:-46520 41 400 351 2707 582 125 724 5488 7994 390
46 51 64 72 73 92 93 94:6149:24 262 70 251 32 3355 88 2067
72 92 94:1392:334 413 645
1 46 47 48 64 72 73 74 87 92 93 94 97:4369:-1800 64 84 30 726 211 186 594 279 1814 228 1300 653
1 36 38 46 74 82 84 87 92 93 94:5657:-360 124 449 166 7 418 90 223 2113 170 2257
94:185:185
74:189:189
48:32:32
94:191:191
1 92:-62:-364 302
1:-1420:-1420
1:-918:-918
1:-5998:-5998
1:-1552:-1552
1:-27973:-27973
49:438:438
48:16:16
92:362:362
93:76:76
94:92:92
1:-392:-392
92 94:1084:619 465
1 48:-6518:-6577 59
1:-4909:-4909
80:2105:2105
1:-8613:-8613
1 94:-294:-360 66
1:-22731:-22731
47 64 94:454:59 101 294
1:-360:-360
1:-450:-450
1:-2144:-2144
46:252:252
75:6630:6630
1:-2316:-2316
1 92:-2214:-2654 440
94:144:144
94:157:157
72 92 93:728:133 410 185
1:-1800:-1800
1:-3944:-3944
94:220:220
1:-396:-396
1:-1938:-1938
1 95:-84:-360 276
1:-768:-768
1:-2596:-2596
1:-360:-360
1:-603:-603
1:-4083:-4083
1:-1836:-1836
1:-1469:-1469
1:-207:-207
1:-642:-642
1:-360:-360
1:-200:-200
1 92 93 94:163:-289 199 91 162
1 92 93:-1940:-2255 126 189
1:-400:-400
1:-4420:-4420
1:-490:-490
1:-500:-500
97:1309:1309
1:-360:-360
1:-470:-470
1:-360:-360
47:150:150
1:-1362:-1362
1:-1339:-1339
1 48 92:-852:-1504 99 553
92:270:270
1:-201:-201
1 92:370:-200 570
1:-1080:-1080
93 94:248:99 149
92:439:439
93:139:139
